0
0.021501
0.0188869
0.0163232
0.0134973
0.0129961
0.0113112
0.00992256
0.00893015
0.00856785
0.00833187
0.00841021
0.00974586
0.00920114
0.00864703
0.00812565
0.00765325
0.00722857
0.00684872
0.00650689
0.00691906
0.00873762
0.00866028
0.00830162
0.00797407
0.0077588
0.00747344
0.00721651
0.00698817
0.00677323
0.00660747
0.006424
0.00623419
0.0060558
0.00588284
0.00574629
0.00564199
0.00554027
0.00540915
0.00541768
0.00552086
0.00538981
0.00534358
0.00522272
0.00521484
0.00535964
0.00538751
0.00527642
0.00516986
0.00507538
