0
0.0134462
0.0232032
0.0175965
0.0153415
0.0132741
0.0116661
0.0124123
0.0112672
0.0116514
0.0140277
0.0130149
0.0122061
0.0114802
0.0112933
0.0112335
0.0106455
0.0104981
0.00994818
0.00959905
0.00915151
0.00878856
0.0084623
0.00820372
0.0079178
0.00761347
0.00805279
0.00838337
0.00821588
0.00803536
0.00787906
0.00765313
0.00742996
0.00721411
0.00704043
0.00685041
0.00674226
0.00659462
0.00644459
0.00628757
0.00613449
0.00608245
0.00604422
0.0059076
0.00583172
0.00581291
0.0057275
0.00563026
0.0056696
0.00556601
