0
0.00226307
0.00898959
0.0140917
0.0131486
0.0114232
0.00980932
0.00968642
0.00932444
0.0091569
0.00902824
0.00989714
0.00968068
0.00899449
0.00841342
0.00789053
0.00744765
0.00715234
0.00677616
0.00676388
0.00644221
0.00634051
0.006065
0.00586855
0.00568833
0.0055798
0.00560542
0.00561445
0.00545196
0.00544795
0.0052728
0.00525538
0.00515125
0.00500003
0.00497236
0.00500597
0.00487284
0.00477741
0.00465494
0.00469133
0.00466508
0.00455689
0.00445818
0.00437191
0.00428256
0.0041975
0.00420874
0.00413668
0.00448629
0.00466207
