0
0.000481679
0.000321121
0.000265808
0.000223806
0.000212849
0.000204929
0.000179738
0.000402149
0.000377052
0.000342799
0.000408546
0.000383701
0.000367733
0.000356288
0.000342593
0.000351376
0.000332478
0.000324592
0.000310356
0.000307901
0.000339106
0.000325592
0.000312232
0.000301207
0.000289993
0.000280666
0.000280351
0.000271566
0.00026775
0.000282068
0.000273942
0.000265641
0.000271139
0.0002634
0.000258453
0.000251479
0.000244875
0.000258252
0.000252958
0.000248655
0.000243454
0.000238187
0.000233274
0.000232187
0.000227411
0.000228011
0.000223658
0.000223615
0.000219882
