0
0.00150871
0.00599306
0.00939446
0.0087657
0.00761547
0.00653955
0.00645762
0.00621629
0.0061046
0.00601882
0.00659809
0.00645378
0.00599633
0.00560895
0.00526035
0.0049651
0.00476823
0.00451744
0.00450925
0.00429481
0.00422701
0.00404333
0.00391237
0.00379222
0.00371986
0.00373694
0.00374297
0.00363464
0.00363197
0.0035152
0.00350359
0.00343417
0.00333335
0.00331491
0.00333732
0.00324856
0.00318494
0.00310329
0.00312755
0.00311006
0.00303792
0.00297212
0.00291461
0.00285504
0.00279834
0.00280582
0.00275778
0.00299086
0.00310805
