0
0.0190743
0.0341288
0.0258343
0.0226569
0.0195262
0.0173214
0.0180728
0.0165161
0.0173519
0.0210715
0.0195208
0.0182936
0.017218
0.0168783
0.0167629
0.0158646
0.0157326
0.0149137
0.0143685
0.0136933
0.0131416
0.0126546
0.0122759
0.0118518
0.011396
0.012086
0.0125541
0.0123069
0.0120277
0.0118064
0.0114673
0.01114
0.0108219
0.0105589
0.0102746
0.0101063
0.00989072
0.00967017
0.00943782
0.00920906
0.00913082
0.00907466
0.00886869
0.00874287
0.00872519
0.00860802
0.00846995
0.00854241
0.00838548
