0
0.00030248
0.000205964
0.000205532
0.000165761
0.000177586
0.000163646
0.000177448
0.000158463
0.000142829
0.000158933
0.000146391
0.000140548
0.000133841
0.000126179
0.000121953
0.000129353
0.000123168
0.000117102
0.000114563
0.000109175
0.000104229
0.000101374
0.000103759
0.000103539
0.000100466
9.69368e-05
9.80739e-05
9.46959e-05
9.21748e-05
8.93434e-05
8.66223e-05
8.77228e-05
8.55946e-05
8.32135e-05
8.11012e-05
7.93935e-05
7.84737e-05
7.76804e-05
7.60404e-05
7.50129e-05
7.56729e-05
7.40073e-05
7.27468e-05
7.31224e-05
7.32253e-05
7.19003e-05
7.17145e-05
7.18894e-05
7.0452e-05
6.95848e-05
7.01909e-05
6.88877e-05
6.79091e-05
6.69483e-05
6.60734e-05
6.52699e-05
6.42737e-05
6.40557e-05
6.29983e-05
6.20477e-05
6.12015e-05
6.04257e-05
6.19101e-05
6.09935e-05
6.06298e-05
6.00484e-05
5.92425e-05
5.85876e-05
5.77534e-05
5.79706e-05
5.72287e-05
5.7042e-05
5.63402e-05
5.73694e-05
5.67968e-05
5.65898e-05
5.61558e-05
5.54456e-05
5.57411e-05
5.52529e-05
5.47548e-05
5.48655e-05
5.44786e-05
5.42721e-05
5.37547e-05
5.44802e-05
5.38875e-05
5.47563e-05
5.41771e-05
5.35821e-05
5.30006e-05
5.31298e-05
5.25775e-05
5.21025e-05
5.15739e-05
5.13121e-05
5.08145e-05
5.03287e-05
4.98505e-05
