nan
0
0.00410665
0.00686508
0.0078457
0.00929258
0.0107618
0.011368
0.0120466
0.0132489
0.0138705
0.0150545
0.0151605
0.0155776
0.0170336
0.0173739
0.0168234
0.0175339
0.0180683
0.0183511
0.0180711
0.0185471
0.0192575
0.0201781
0.020893
0.0217098
0.0208389
0.0221235
0.0227671
0.0236745
0.024473
0.0254054
0.0255023
0.0259484
0.0273649
0.0276226
0.028234
0.0288791
0.0291949
0.028726
0.0279707
0.0288019
0.0286246
0.0285627
0.0289948
0.029489
0.0299434
0.0291228
0.0291685
0.0289988
0.0279827
0.0281118
0.0293239
0.0307102
0.0301126
0.0308847
0.0306737
0.0306252
0.0302242
0.031119
0.0308273
0.0316161
0.0321877
0.032319
0.0336052
0.0343053
0.0345107
0.0355531
0.0356915
0.0363885
0.036762
0.0363378
0.0362995
0.0357226
0.0350595
0.0353601
0.0347575
0.0346813
0.0352373
0.0367436
0.036937
0.0381841
0.0389369
0.0383791
0.0393202
0.0399807
0.0394302
0.0391964
0.0394872
0.0394416
0.0398903
0.0397331
0.0412679
0.0416465
0.0426206
0.0423169
0.0422152
0.0427501
0.0422075
0.0422122
