0
0.000190301
0.000173329
0.000169586
0.000180255
0.000161795
0.000155972
0.000136908
0.000146929
0.000134273
0.000133118
0.000122072
0.000126237
0.000125263
0.000117824
0.000111487
0.000108477
0.000102925
0.000101499
9.66515e-05
9.29613e-05
9.191e-05
8.79187e-05
8.49095e-05
8.27308e-05
7.9803e-05
7.72689e-05
7.8547e-05
7.61192e-05
7.4227e-05
7.99793e-05
7.75384e-05
7.55743e-05
7.43707e-05
7.25583e-05
7.07953e-05
6.89937e-05
6.78156e-05
6.60869e-05
6.67149e-05
6.51684e-05
6.36299e-05
6.31863e-05
6.25492e-05
6.11596e-05
6.00704e-05
5.87961e-05
5.78002e-05
5.69298e-05
5.57913e-05
5.87313e-05
5.76779e-05
5.68349e-05
5.66211e-05
5.56034e-05
5.54502e-05
5.45545e-05
5.37678e-05
5.39043e-05
5.30107e-05
5.22093e-05
5.28648e-05
5.22864e-05
5.15142e-05
5.0759e-05
4.99905e-05
4.92999e-05
4.86979e-05
4.81453e-05
4.78538e-05
4.82841e-05
4.77303e-05
4.72893e-05
4.66865e-05
4.6158e-05
4.55517e-05
4.55639e-05
4.68956e-05
4.63094e-05
4.57522e-05
4.52714e-05
4.48751e-05
4.50041e-05
4.45032e-05
4.40064e-05
4.3537e-05
4.30908e-05
4.26437e-05
4.22727e-05
4.1841e-05
4.13854e-05
4.09523e-05
4.08318e-05
4.04133e-05
4.00306e-05
3.9644e-05
3.92995e-05
3.91644e-05
4.02688e-05
4.00481e-05
