nan
0
0.00429954
0.00503256
0.00727929
0.00840453
0.00961721
0.0103905
0.0116903
0.0120616
0.0133659
0.0124933
0.0126942
0.0140009
0.0151174
0.0159203
0.0167383
0.0163302
0.018025
0.0178715
0.0175976
0.0186086
0.018126
0.0182637
0.0185521
0.0202377
0.0207766
0.0206816
0.0210639
0.0224536
0.0225552
0.0234197
0.0249139
0.0254386
0.0257676
0.0259722
0.0265039
0.026954
0.026034
0.0257288
0.0257708
0.025234
0.024982
0.0254091
0.0255499
0.0271815
0.0273932
0.0279101
0.0280048
0.0290767
0.0297135
0.0312689
0.0317654
0.0313694
0.0317233
0.0327762
0.0333372
0.0336155
0.0335621
0.0335875
0.0342615
0.0337598
0.0333214
0.0326741
0.0338673
0.0338906
0.0343744
0.0345011
0.0342237
0.0352943
0.0356469
0.0353519
0.0359605
0.0363557
0.0372411
0.0373334
0.038097
0.0387054
0.0390131
0.0398271
0.0399027
0.0396842
0.0404416
0.0403117
0.0395213
0.0400652
0.0402263
0.0411663
0.0422643
0.0418301
0.0421451
0.0415489
0.0421774
0.0427583
0.042905
0.0426043
0.0425064
0.0426209
0.0421032
0.0419376
0.0423809
