-0.000289866
0.000137905
8.65642e-05
0.000243116
0.000266591
0.000144334
7.94339e-05
-3.26076e-05
-1.64759e-05
-2.4691e-05
7.14346e-05
5.64752e-05
9.67013e-05
0.000127498
0.000145913
0.000115284
5.38011e-05
6.9932e-05
5.97967e-05
8.78723e-05
9.18023e-05
8.99083e-05
7.11352e-05
3.39116e-05
5.07375e-06
-8.67813e-06
-2.46044e-06
-3.26861e-05
-3.18249e-05
-4.28145e-05
-3.76965e-05
-4.12561e-05
-6.69411e-05
-7.58566e-05
-7.25331e-05
-7.82938e-05
-8.71704e-05
-0.000100849
-8.69633e-05
-9.38209e-05
-0.000105068
-0.000124383
-0.000120603
-0.000128513
-0.00011137
-9.55437e-05
-8.96978e-05
-7.5898e-05
-6.04788e-05
-6.02596e-05
-5.17319e-05
-6.82983e-05
-7.0021e-05
-6.36159e-05
-6.97207e-05
-6.31604e-05
-5.62947e-05
-5.21881e-05
-4.15675e-05
-4.27088e-05
-4.59275e-05
-5.03098e-05
-4.54118e-05
-2.81063e-05
-3.02145e-05
-3.85024e-05
-3.22313e-05
-3.52766e-05
-3.03592e-05
-3.09246e-05
-4.18845e-05
-3.91756e-05
-4.7466e-05
-5.02728e-05
-6.45496e-05
-5.99733e-05
-5.21908e-05
-4.64396e-05
-4.67148e-05
-3.61978e-05
-4.09242e-05
-3.65148e-05
-2.72973e-05
-2.18849e-05
-2.8779e-05
-3.22927e-05
-4.43861e-05
-4.26899e-05
-2.99979e-05
-3.17877e-05
-3.16108e-05
-3.19366e-05
-2.32996e-05
-2.447e-05
-2.15971e-05
-2.03822e-05
-1.5099e-05
-1.6733e-05
-1.50624e-05
-1.66521e-05
