0
1
1.41584
1.73205
1.99374
2.22778
2.44172
2.63059
2.81027
2.97567
3.14175
3.29809
3.44775
3.59143
3.73205
3.86761
3.99615
4.12172
4.25203
4.36942
4.49059
4.61057
4.71275
4.81045
4.91158
5.00799
5.10047
5.19965
5.28687
5.38002
5.48077
5.57209
5.66185
5.75733
5.84282
5.92748
6.01152
6.08901
6.17085
6.24458
6.31856
6.40648
6.48191
6.55459
6.63361
6.70718
6.7854
6.86309
6.94073
7.02518
7.09632
7.16723
7.23056
7.29444
7.37478
7.44681
7.51656
7.58642
7.65505
7.71867
7.78352
7.84042
7.89577
7.95186
8.0061
8.05541
8.1192
8.184
8.23502
8.30428
8.36989
8.4404
8.49866
8.55149
8.6111
8.67016
8.72721
8.78817
8.8458
8.9018
8.95111
9.01728
9.08353
9.13891
9.18856
9.23826
9.30051
9.35666
9.41889
9.4762
9.52742
9.57258
9.6263
9.68471
9.74339
9.80918
9.8574
9.89848
9.94856
10.0063
10.0533
