0.000655601
0.000386475
0.000531117
0.000405365
0.000272672
0.00020682
0.000129722
0.000118106
3.07806e-05
5.53363e-05
-3.62875e-07
-3.87967e-06
-6.31131e-05
-1.72849e-05
-3.24328e-05
-4.80229e-05
-7.63881e-05
-6.62369e-05
-3.728e-05
-4.40752e-05
-3.07629e-05
-6.25357e-06
-5.31539e-06
-1.60607e-05
-1.62721e-06
4.86318e-06
-3.35014e-06
-2.86659e-05
-2.20183e-05
-1.20866e-05
-4.78355e-05
-5.08961e-05
-4.31547e-05
-3.06997e-05
-3.75239e-05
-4.35828e-05
-3.96014e-05
-4.90027e-05
-5.01748e-05
-6.76879e-05
-7.09701e-05
-7.22795e-05
-8.38104e-05
-7.37296e-05
-7.35322e-05
-7.89597e-05
-7.96362e-05
-7.44407e-05
-8.04265e-05
-8.03097e-05
-5.8706e-05
-6.16961e-05
-5.63715e-05
-6.61721e-05
-6.73277e-05
-5.76275e-05
-5.47008e-05
-5.88016e-05
-4.81343e-05
-4.74127e-05
-4.47344e-05
-3.21384e-05
-2.68819e-05
-2.47165e-05
-2.66772e-05
-2.64302e-05
-2.87861e-05
-2.53009e-05
-2.14354e-05
-2.76252e-05
-1.72846e-05
-1.39236e-05
-9.4114e-06
-1.12628e-05
-1.42274e-05
-1.39235e-05
-6.48166e-06
6.87122e-06
6.03778e-06
4.61979e-06
7.39377e-06
1.11531e-05
3.37141e-06
1.60048e-06
5.41776e-08
1.98221e-06
4.15598e-06
2.23993e-06
5.2794e-06
3.48743e-06
2.89594e-06
1.71704e-06
-3.41156e-06
-2.27259e-06
-4.15687e-07
-1.97565e-06
-4.23255e-06
3.46975e-07
1.1291e-05
7.45844e-06
