-2.84603
-0.0642553
3.21341
0.0165808
5.49653
-1.90577
-4.97676
-0.819482
3.15815
4.33395
3.89023
-1.37675
-1.00305
-1.50137
1.36422
-2.44907
-1.76042
-3.91592
-1.28086
-0.10899
1.19012
-0.997891
-1.97132
-0.273715
2.10585
-3.21067
-1.11341
-1.21534
1.88022
-2.59808
-5.5968
-0.59057
1.68019
2.42791
-0.243017
-1.02397
0.163821
-0.602683
-0.584936
1.13275
-3.52761
-0.0782588
0.134928
-0.273281
0.858189
-0.282833
1.099
5.87734
-1.87531
1.0796
0.3756
-1.80673
-3.99801
-1.94299
5.91677
-3.75654
-1.92198
-1.80676
-1.48843
-0.228668
1.68216
-2.28566
2.42883
-0.301915
-1.97787
1.30778
-0.0802757
1.45494
-2.47362
10.7277
0.00671693
-1.19338
2.06117
-2.89702
-3.29565
-0.97126
7.70797
-1.13267
-2.58351
3.30089
-0.999319
-1.65338
-0.896919
-2.91813
1.24445
-2.3203
-7.49547
-4.12541
-0.969868
1.09887
-2.03548
2.00497
1.1311
1.74869
-1.40159
-1.36869
-0.940477
-0.582801
-2.63
4.08245
-0.109896
-1.85754
0.357411
1.87257
5.46203
0.185983
1.80338
-0.889392
0.0471882
3.04647
0.483494
-7.61379
0.350514
0.78616
-0.520011
3.67959
-1.08408
-1.54889
0.725862
-1.61164
-0.822669
0.165531
1.92033
0.0380884
-2.14689
3.49196
-0.696317
-6.4421
0.977573
-0.586649
-0.773497
2.68069
-0.538774
-0.86016
-0.606148
-2.45566
-6.15424
0.956352
-0.799578
-3.76736
1.38852
0.90718
-5.08117
2.72865
-1.67855
0.190859
2.2625
2.41971
-1.36385
0.860838
0.313221
-1.91929
0.878013
1.71512
-0.897681
-2.5447
4.54286
-1.47364
1.74955
0.710463
-1.26499
0.718883
-3.75228
3.01172
2.95546
-1.73807
-2.11542
-1.23247
1.96138
-2.29433
0.745835
-1.85091
2.88558
0.909156
2.15223
1.74948
0.740365
-1.98955
-1.52485
-2.17634
-0.731398
-1.11792
1.08697
2.25795
-1.54543
0.771809
-1.10702
-0.688275
-0.0334417
2.71823
2.47057
-0.363858
0.675016
-2.98444
-2.79395
-0.261614
-1.91123
-1.40133
-0.631002
-0.744035
-1.54444
-3.09701
-0.22457
3.22247
-1.57655
-0.561903
-1.39197
6.17834
2.17015
1.07632
-0.0632294
-0.536571
0.457765
-3.36119
0.0188926
-1.77318
0.822125
-0.959907
0.333104
-5.29514
-3.89293
2.90763
1.87387
0.0574248
-1.30742
-0.301103
-0.0775738
0.658485
2.04467
2.78153
-2.10399
2.99693
0.0989699
-0.149596
2.15385
3.46309
-0.0849278
-6.51088
1.40841
1.5645
1.02145
-2.78041
-1.08025
-2.71572
0.819386
-1.68161
1.24462
-0.980133
-2.04304
2.83217
-2.26042
-1.48003
2.45235
0.0563926
-1.91026
-1.05394
3.55187
0.305479
-0.637111
-2.39545
-0.961279
0.429299
-0.340858
0.975198
4.6568
-5.80003
1.09216
-0.542761
-0.702933
-0.43145
0.451942
-0.789621
-0.70441
-0.822
3.90995
0.269684
0.898964
6.73436
1.39483
0.535136
-3.33296
-3.96651
-4.66837
-0.0974475
-1.15641
1.24363
-0.753607
3.9834
-5.95929
1.12794
1.33454
0.820601
3.99453
0.741077
2.223
-3.08703
-2.55281
-2.09204
0.408704
0.125326
2.18614
4.12487
0.0135181
-0.415361
-2.23542
-2.22331
1.97298
3.51657
-4.63282
-2.69211
2.9847
2.30554
2.18638
-0.968999
3.82302
-1.3388
4.48787
-0.343458
0.241325
2.81754
-1.60652
-1.96874
5.70361
1.53784
0.595116
2.07596
2.06655
-3.45967
3.45561
-1.57428
1.36688
2.50081
1.25027
6.09715
-1.31514
2.58032
0.478158
9.44399
-0.198535
-0.590492
1.7823
2.84451
-0.231306
-0.835858
-1.47337
0.0464303
2.14284
1.82754
-2.64688
-0.306138
-0.341985
-1.73889
0.503983
-0.719985
-1.73123
1.64801
1.24161
0.237573
-1.33218
-1.0226
-2.12897
-0.0510289
-2.93842
-4.18256
0.966689
-2.55811
0.844538
-2.67823
1.98737
5.34639
-3.91396
-2.62306
0.872322
-0.471337
1.79883
-3.83021
-3.1757
1.2916
-6.49669
-0.0911244
0.453766
-4.34285
2.59363
0.420794
4.11494
2.32544
-2.16884
-2.93734
-6.84855
3.51551
0.161497
0.045463
-2.57068
0.14651
3.32711
-0.0578069
-1.29655
4.66883
-2.69903
1.72764
-2.76991
2.33132
-0.359223
-0.0395111
-2.37205
3.50445
7.42978
-0.0703501
-1.18839
-3.04164
-2.04243
-1.78749
-5.83176
-1.31153
-1.39934
-1.13928
0.148297
-1.45238
0.861689
-3.03536
-0.931878
4.3706
0.4132
-2.77578
1.69023
-6.05272
-3.97748
-1.3239
2.09539
4.60372
-2.32712
2.43445
-1.3272
-4.03863
2.81653
2.75815
-1.24697
0.298413
-0.377311
0.923588
-1.38218
2.58053
0.591073
0.932692
1.40544
2.25807
-1.2965
-1.43084
0.927529
1.0485
-3.12392
-1.5421
-1.27368
-2.67771
0.247891
-0.371165
-1.28999
-4.71899
1.64444
-3.54235
-0.139415
0.0893845
-1.34204
-4.54722
-0.210654
-1.86063
-3.89065
2.06402
0.16628
1.21729
-0.292706
3.95858
-2.53977
-1.98384
-5.99941
0.498131
3.40491
2.61435
0.87713
0.331693
-4.33535
1.2181
1.24565
-1.4287
-0.675849
3.09228
-0.90445
0.970472
-0.251197
6.77366
0.281909
-2.10705
-3.29195
2.80437
5.90738
2.98596
-1.51677
-1.86405
-3.93566
-1.97864
0.891226
1.64907
-1.21791
-3.0705
0.435273
2.80976
2.13494
-1.5458
-0.328085
-1.32102
-5.34396
-2.13412
-1.77969
1.76391
-5.78432
-0.250908
2.17153
3.30887
-0.3415
2.94167
-0.856654
1.0538
-4.6274
-0.8799
-2.83254
0.0841949
0.774612
1.02816
-3.50265
2.52512
-0.385346
0.806115
0.422195
-4.70979
-2.92886
1.70131
-0.695677
0.983561
1.78198
0.830109
1.54386
-0.200079
0.519924
-0.75477
1.18799
-2.43829
-0.970229
0.883275
-0.0681393
-5.19963
-1.16897
-0.0414802
2.59903
1.84516
-1.18875
2.19981
-0.838283
-2.65552
0.285027
1.15708
1.46635
-0.558413
1.21322
0.546464
2.22074
-3.34475
6.02304
-2.30332
-1.30981
-1.6251
1.5571
0.2386
-2.01975
2.09638
-0.766813
1.86683
0.36678
4.45164
0.352123
0.609916
0.245929
2.08626
0.409014
-0.615952
-1.70305
0.573683
1.26807
1.1171
-2.70271
0.551638
-0.744107
-0.547718
5.32663
0.276093
-2.99531
-3.00075
1.36797
-3.64374
-0.167623
-2.59104
-0.985425
0.930003
-1.2405
1.38387
-0.573324
0.658044
1.67383
0.155327
1.08316
4.0478
2.40054
-0.947804
3.77634
-0.754444
-0.656347
0.369914
2.09782
3.16567
1.93436
-2.17444
2.16954
-0.000783417
-1.72435
-6.30131
-0.310555
3.85226
-0.0891007
3.62039
0.783304
0.316185
-1.5082
3.60132
-0.0966717
-0.327299
3.60695
2.94094
1.68898
-1.47571
-1.57787
1.08532
-1.95338
0.410945
-1.28243
-2.926
-1.82518
5.75052
-2.39473
-1.97068
1.28313
-3.55994
2.85952
1.20959
-0.982346
3.28173
-7.80914
0.728731
1.63144
3.51873
0.407292
-0.238824
0.166598
-1.74161
1.37871
-1.63115
-2.00364
-0.662288
0.620889
0.0751465
-0.600883
-6.62701
0.183264
1.70941
3.65865
-0.195291
1.48048
1.83172
1.34429
3.85072
2.52353
0.556146
0.0461499
0.287175
-1.04724
0.245858
-2.9723
-0.852717
-3.03391
0.0616403
-1.5927
-1.13933
-0.513047
0.661453
2.96644
4.85242
5.50248
-0.242162
2.8692
0.797317
-0.363364
-0.550351
1.83782
0.180275
1.65052
-0.779121
1.70097
2.41927
-1.03805
-1.09716
-3.01337
1.30255
-1.07184
7.30077
2.69971
0.77598
-4.54444
2.03056
2.26283
-0.232721
-0.716779
6.70947
-2.4964
-0.535351
1.27539
1.44695
-4.35408
5.04922
-3.18895
-1.77062
1.04319
3.09296
0.939495
-0.138698
-1.08742
1.52471
1.04101
-2.72814
3.96984
0.477857
1.10877
1.7822
0.177275
0.921436
-0.0826593
-0.185485
-5.64773
-3.99333
0.175914
-0.737815
-2.6585
3.06665
-0.697894
-2.32761
-5.55147
4.8254
1.00729
-2.70296
-1.05034
-1.35748
0.745232
-6.07987
0.520646
-1.92833
-2.33218
0.86364
-0.987548
4.56499
-2.64489
-1.07677
-1.66206
2.69564
-1.04467
-2.77166
0.500426
-0.0308836
-2.62657
6.12888
3.70906
1.6671
0.35204
-2.33544
3.5708
0.728203
0.678165
1.64752
-0.260772
1.78963
3.86133
2.27178
0.355993
0.402893
1.38813
2.18927
-1.01026
1.25639
1.50934
1.53006
0.0497731
1.85578
-0.200574
1.54125
5.56742
1.47723
0.625507
-0.0558305
-1.09225
0.112704
6.3661
-0.60134
0.376256
0.210175
1.15464
1.44797
3.46854
-0.252004
2.99792
-1.07966
-1.97141
-1.61778
1.6539
-2.22367
-2.37701
0.45093
1.92894
-0.242292
2.63517
0.345402
-0.443626
1.87948
4.25203
1.0557
3.07093
0.655174
-5.30756
1.86029
-0.184328
-0.261236
-0.338587
0.233788
-1.88132
-1.65602
0.296821
-1.08448
-3.42185
2.55214
-0.588797
2.50437
-0.266215
-3.03404
0.383396
-0.909829
-1.1036
3.15256
-0.334431
0.379446
-2.32937
0.414875
0.341065
-3.16403
0.169633
-1.4612
-1.81223
-0.00961131
1.43175
1.6864
-0.184775
-3.08161
4.7424
1.08208
-1.26101
-2.6187
4.12131
-5.5505
-1.30783
-3.06289
-1.98718
-5.35077
2.45407
0.714972
-0.282591
0.977179
-0.975443
-2.01848
-0.990739
-1.30685
1.77044
3.684
0.823346
-0.202609
-2.00872
-0.261794
2.02415
-4.61372
0.748962
0.395906
-0.253145
2.30608
-2.04707
0.47323
-1.73491
1.29599
2.11451
0.528463
0.647182
-2.09879
0.595068
-0.379559
-0.919456
0.00872813
-0.343619
-3.95218
-5.38486
-0.682381
-0.487699
0.0535127
-1.07372
-0.243011
0.317337
-1.51829
-7.56584
-1.22711
0.711971
0.594842
5.15832
-0.340304
3.61787
0.905264
-1.12123
-1.48632
-2.37659
2.56509
2.49015
0.96889
3.65967
3.10221
3.91749
-3.94504
-0.606589
1.79436
-0.801102
2.30705
-1.68682
-2.35026
3.12668
2.98775
3.28147
1.46183
-5.23473
0.57967
1.31207
-1.72267
-0.646714
2.24803
4.4795
-7.3611
-4.9651
2.36993
-1.62806
0.793438
-3.19956
-2.12124
-0.935425
-0.333776
0.411175
-0.98077
1.71048
-0.0740651
5.32794
1.75475
-3.81392
-0.186331
-0.73433
-0.177183
-2.00063
-0.945451
-4.23897
0.589209
0.827265
-0.116558
-0.348639
-3.1895
1.17804
2.48761
-4.93889
0.666253
-3.14351
1.08248
-1.62925
-0.348211
1.32943
-0.054535
-0.576617
-0.424623
-0.788649
3.79204
-3.65899
-0.411234
1.61845
0.245391
-0.899522
-0.243515
0.857547
0.17773
0.547958
-3.6305
-1.64363
-5.0455
3.55984
3.09147
3.92531
0.931659
-0.932672
-2.56982
-5.20101
-0.385599
5.27392
-1.64795
3.4688
0.621556
-1.19571
1.0862
-2.76232
3.63056
2.42048
0.559156
-1.10269
4.33342
-1.43778
-4.82899
-4.90195
-0.411298
1.4167
-1.40181
1.61499
-0.988194
3.76535
0.490184
-0.971005
-1.72525
-1.07453
0.567052
-0.194251
-0.204514
1.61373
0.375154
5.29338
1.92134
-1.12401
-2.04398
-1.30984
4.03548
4.68631
-0.040778
-1.59696
-2.87973
-0.983117
0.0163223
-0.84329
0.909708
-1.14651
-0.423725
-0.416269
0.260953
-2.76199
0.349623
-1.26933
1.11076
-2.74871
0.177023
8.39622
0.166686
-0.436417
0.0936066
-1.3938
-0.122916
-0.668929
-3.06235
-2.24507
0.32843
-0.526026
0.0970629
-3.16498
2.03046
0.380432
-4.02683
2.34992
-1.04818
-0.533058
0.802349
2.24971
-1.21719
2.40624
0.257443
-5.23712
7.13222
3.11423
1.15748
-0.804656
-0.290273
-2.32355
-2.70962
-1.56931
-10.4932
-1.71036
-1.51864
-1.77298
2.72689
-2.35535
-2.15108
2.40501
2.28571
-0.222802
-0.173215
1.92785
-1.02916
3.76077
-0.633422
2.39077
8.09702
1.15352
-0.424837
-1.34241
0.686695
0.82737
-3.05854
-2.59472
-3.14455
1.07497
-0.776633
2.27837
0.909114
6.12565
0.220055
1.23429
-2.22643
0.844305
4.00914
-0.870945
-0.206402
1.18088
1.62035
-0.959637
1.47948
-0.671912
-2.94507
-3.22379
0.624235
-0.602592
1.8499
3.67769
0.121618
-0.80829
1.60026
2.74339
10.4619
2.31421
-0.793752
9.36375
1.81373
-2.46686
-0.688256
0.0765095
-2.75
0.933388
-0.873977
1.09676
3.64763
-2.92091
-7.46941
-1.13384
-6.43829
2.1118
-1.62682
1.16176
-1.94006
-0.494921
-0.00781352
0.429658
2.69609
0.427168
3.11503
5.52422
1.02108
-0.168258
-0.450812
-3.22824
0.457042
0.843203
0.834019
-0.745249
-3.55743
-4.1638
0.807185
2.60389
-1.68953
0.210561
-3.57911
-0.934467
-0.188855
-2.39279
-1.96001
1.90532
-0.143493
-3.91035
0.14713
-4.76067
-2.74529
-1.07805
3.41695
-1.09635
-0.128248
6.58047
-3.37024
3.46621
-0.123164
-1.29676
-1.18931
-1.14999
4.94954
3.07432
-0.161293
-1.4608
2.78066
-4.13259
1.71333
-1.42184
-0.639739
-1.03173
0.245591
1.92127
0.51785
2.99323
-0.127935
4.27831
-2.40144
-2.131
-2.67425
-1.16059
0.242897
0.295206
-0.639728
-0.538903
-2.36241
0.808584
0.189273
-1.20711
-0.401793
0.768048
-4.56424
0.117171
-4.42964
0.712122
-2.99712
-0.291756
2.19833
2.70623
1.50975
0.263618
3.4711
2.32282
-2.66661
1.31531
-1.99341
-3.47236
-1.37159
-2.53735
-1.51838
1.08203
1.32216
0.950611
1.28125
1.60584
-0.431444
4.48107
-1.82337
1.35793
0.58337
2.28265
4.51889
-3.02342
0.0689957
-2.12652
-4.64801
1.10477
0.0622596
-3.66222
-1.46485
2.55318
1.88954
3.68564
2.70397
-0.113156
1.79591
1.16731
-1.72053
-0.157219
0.963921
2.30148
-2.52584
3.91561
-1.11708
-4.52794
3.2968
-0.66836
-0.296519
-0.794707
2.90921
-2.39377
2.07859
-0.980995
0.150878
0.494341
-1.18832
1.05068
2.33118
4.06139
6.24889
3.62331
-0.0615253
-1.20075
-2.50571
-0.79185
-3.42812
-0.977739
-1.7485
-3.36348
2.97764
0.618689
1.62546
-0.688269
0.636613
0.354859
0.560358
-0.269244
-1.66572
0.922415
1.67033
3.4342
-0.9482
5.74463
-2.33372
-1.49244
1.49714
1.8174
1.52461
-0.778369
-2.92778
-2.47744
4.30165
1.70336
-0.994837
1.20688
4.77751
-0.359718
-5.47902
3.90989
0.350691
0.711344
-2.86345
1.74414
3.49127
2.33821
1.45921
-3.11955
0.943145
-5.41164
1.42371
1.51742
1.53389
-2.49865
-0.841413
2.00851
-0.159177
-7.8448
-0.81046
1.64909
-0.839824
-3.08733
0.509066
-0.0668501
-2.27729
1.62657
-0.892798
0.0834121
-3.32992
-0.252516
-2.59302
0.180034
-1.23902
2.30284
-0.375647
-2.77421
-2.02407
-0.464244
0.085189
-0.240989
-5.93531
-4.63748
-0.43975
-0.535335
-2.55489
-0.899371
0.162735
-0.224352
2.5295
2.64071
-0.97961
-0.560046
-0.729102
-0.0053479
1.85895
-1.36092
-1.01134
3.81747
3.22524
1.76826
-3.53789
1.20614
-0.328262
5.10235
-2.40534
-0.0679432
-1.82672
0.248865
-0.464202
-0.370131
-2.03281
0.573366
-4.61579
-0.665722
-3.36453
-6.65773
-2.8257
0.780921
-0.639169
0.475149
-2.42902
-2.23309
0.376114
-4.08961
1.5824
1.72816
0.473426
-3.17711
-0.9802
2.35684
2.53176
-4.93335
-1.79205
3.47147
-3.00904
-1.43996
0.119452
-1.01454
2.16675
-0.225957
-0.630336
1.49961
-0.584317
0.899184
-0.826073
1.26264
1.84443
0.242208
-1.32041
-2.75325
6.84786
3.94958
-0.846241
0.0369433
-1.60552
1.07925
-3.02287
-0.768631
1.53096
0.769819
-0.135876
-2.35704
-3.39226
-2.2027
-0.312998
-1.43418
-0.100347
2.09195
-1.16026
0.852937
-1.11088
-1.47755
2.67217
-1.12081
1.08379
-3.29373
-0.386872
-1.6804
-1.80985
1.53253
-0.041322
-2.98759
0.234665
-0.129648
-2.68251
-0.480003
2.85523
9.60316
-2.9594
2.42525
0.847718
-0.935594
3.69735
-2.04989
1.57455
-2.95801
-1.37805
2.05133
1.09019
-0.571361
2.21204
2.27399
1.61721
2.10519
0.402806
-1.40245
-2.29675
-2.83821
-1.24479
3.19471
9.59314
-5.35609
-2.75521
1.96684
-2.55268
2.64694
0.70547
-5.46379
0.00563092
1.28684
-0.820918
2.99354
-2.37222
4.86652
-2.33703
1.34045
1.64819
-3.47324
0.0568674
0.441106
-1.53398
-1.82005
1.71623
-1.88003
-2.86738
3.79114
4.21334
2.86366
-2.85842
7.03501
5.19138
-1.52668
1.26468
-0.287612
0.527094
-1.32846
-1.00001
1.29205
-0.67806
1.34959
1.51303
-0.255112
0.336444
1.82068
-3.52161
-4.78681
0.595487
0.532074
3.78472
1.22731
-1.95082
0.308605
-0.245958
-1.26281
-3.19833
-0.328524
-1.10892
2.71841
-0.667951
-0.475513
-2.39608
0.0771477
-2.96159
0.831611
1.75543
1.02815
1.79484
-0.429194
0.240789
2.80379
0.263333
-2.18902
0.349136
1.67672
-2.66397
0.145634
2.4155
0.886059
0.373391
0.908459
-0.482274
2.48161
1.72378
2.13537
-0.697701
1.22363
-1.89677
-0.514056
-3.48057
6.83608
3.62971
3.97685
-1.0784
0.819081
-0.721183
-0.249081
-1.55749
-1.88367
-0.33192
0.950227
-1.00401
0.905265
-5.19385
2.03283
0.842158
1.59372
1.61634
-3.34353
-1.48665
-4.88665
2.4647
1.79382
0.506603
-4.4385
2.18339
2.73814
-0.622841
-1.10375
0.376848
-0.187385
0.535639
1.37468
-0.326398
0.694029
-5.62772
0.0319253
-0.329709
-0.794132
1.32286
-0.599952
0.836995
0.100074
-3.46556
2.05816
-0.403353
1.28994
1.00312
-1.91477
1.85032
-0.363876
-1.73226
0.411999
1.16918
-3.96546
0.992169
3.50342
-1.44456
2.22108
4.35923
-2.10468
0.264138
-2.07376
0.147418
-1.89612
1.07575
-3.69556
-4.06944
0.585216
-1.59953
1.08931
2.06901
-0.299365
2.76482
2.3843
-1.22302
-0.0949657
1.0179
-1.28671
-3.71537
2.319
0.360055
-3.66666
0.611725
2.13133
-0.847977
0.58419
-0.374636
-3.84436
-0.496647
3.39941
0.353341
-1.67
-0.842931
-0.984522
-1.99208
-3.48876
2.15102
1.61947
3.81952
-2.06438
1.66711
-1.54787
0.641999
-0.981338
1.75584
0.901079
-0.235266
-2.35737
-3.86842
0.640881
3.14496
1.10894
1.16074
-0.139713
3.10322
1.27356
2.79884
-0.942921
1.9861
-1.11444
0.700753
-1.97451
1.70266
2.80744
-2.12324
1.99476
-5.32732
-1.14741
-6.81192
1.45608
-3.01749
-1.91179
-5.73081
2.14242
3.67548
-0.712747
0.712339
2.34499
2.78858
0.0779361
-0.385401
-0.840322
-0.242978
1.93719
-1.89468
0.564267
2.52055
-0.0475936
-0.960815
-0.79766
-1.10587
3.44528
0.171852
-0.205167
-1.65276
-0.489345
3.15163
-0.853297
0.962533
-3.30678
3.33904
2.43714
0.929636
1.98429
2.84244
1.03791
-1.64608
0.758756
-1.23292
3.34754
-0.577425
-1.49514
-2.26103
2.0391
-0.921798
1.92297
-1.25991
-1.04328
-0.0222769
2.49262
-0.24802
4.62046
3.35034
0.81902
0.60979
-2.94748
-4.17108
-1.32773
2.55165
1.34891
-0.642686
1.86919
0.35954
-0.162017
2.22908
-0.180007
-0.084672
-1.30896
-4.06926
-1.36727
1.02485
-1.0303
-1.6785
3.6097
-3.21419
1.13123
-0.0297858
1.52022
-6.5429
-0.862059
-5.09007
4.53323
1.99602
-1.80165
5.36438
-1.39619
-0.597297
-2.4823
-2.34115
5.06966
3.03964
-2.45179
0.904551
1.51096
-1.61819
3.11923
0.425418
2.45693
4.63254
0.722512
-0.479405
-0.0396479
-2.05973
1.42212
-4.24877
-0.410229
1.92711
-2.30477
4.81443
2.47447
2.17693
-0.0134745
3.05048
0.0142662
2.48106
-2.5424
-0.194958
-3.72451
2.83145
2.11506
0.506394
0.619517
-1.61486
4.20969
-0.187542
-2.53892
1.721
0.910077
-0.959589
0.425636
2.76258
-1.25143
-4.10813
-0.228382
-2.38864
0.443609
-0.332537
-1.70962
-1.96041
-0.282656
1.19018
-0.704754
-0.0394837
1.74667
4.52408
2.9187
0.653944
-0.509681
-5.48687
0.374322
-1.30935
4.554
-3.12341
0.853869
1.98939
3.54627
7.23341
1.52058
1.1923
6.32185
2.10174
2.54495
2.72513
-0.646268
0.0143665
1.12413
-1.91171
-1.59245
3.20936
0.777489
0.172071
1.5327
0.0164525
-1.58199
-0.398925
-0.783527
0.0266491
-0.662335
6.43527
-0.374926
-3.27446
-0.385913
0.971456
-2.06553
-0.540421
-0.145703
3.30421
2.65772
0.316162
-1.3336
0.0482178
-0.778403
0.575071
-0.860787
-2.44642
-3.78497
2.42245
1.53749
-2.90225
2.37374
-0.384432
2.93531
3.88651
-4.8243
-0.44501
2.0703
2.06869
0.404788
-4.32893
-3.89374
-0.137487
6.87439
3.28714
4.42263
2.04526
-1.50297
7.36817
-1.58445
-0.66799
-1.558
0.165366
-1.37684
-6.71095
-1.9525
0.696043
-3.43971
0.238108
3.91022
0.621212
-0.227639
-2.3855
2.07483
-0.65772
-0.056645
-0.6997
-2.91356
1.15229
-2.46756
4.62797
-0.135578
-7.42467
1.49257
-0.52039
0.0938399
-0.704211
-3.63748
-3.24004
1.797
-2.44762
0.596023
2.48425
-2.52343
2.91714
0.30234
1.74866
