0
0.0586809
0.0727
0.0545346
0.0476108
0.0408832
0.038607
0.0407848
0.0428952
0.0401539
0.0365093
0.0337107
0.031178
0.0296826
0.0284478
0.0268901
0.0255937
0.0246228
0.0236519
0.0226185
0.0219892
0.0210104
0.0214212
0.0207249
0.0201263
0.019433
0.0203536
0.0196446
0.0190485
0.0184952
0.0180553
0.0174921
0.0183442
0.018037
0.0178462
0.0173585
0.016901
0.0164937
0.0167524
0.0163409
0.0167786
0.0164439
0.0160623
0.0159204
0.0155938
0.0154018
0.0157865
0.0154689
0.0152077
0.0151157
0.01491
0.0146233
0.0143488
0.0142257
0.0139686
0.0139349
0.0138006
0.0136952
0.0136062
0.0133891
0.0131783
0.0130132
0.0128712
0.0129966
0.0128652
0.0126777
0.0126103
0.0124822
0.0123767
0.0122027
0.012074
0.0120857
0.0119651
0.0118158
0.0119587
0.0118033
0.0120747
0.01192
0.0117807
0.0120501
0.0119387
0.0117943
0.0116586
0.0116523
0.0115395
0.0114205
0.0112912
0.01119
0.0111573
0.0110986
0.0110249
0.0109052
0.0109386
0.0108262
0.010844
0.0107404
0.0106301
0.0105262
0.0104641
0.0103921
