-0.610764
-0.475613
1.79114
0.462868
0.998108
-0.50648
-0.619095
0.911215
0.777764
1.97758
1.73379
0.016748
-0.818715
-1.43577
1.30455
-1.87435
-0.577716
-2.55217
-0.205986
0.32523
0.0892042
-1.41701
-0.619231
0.704556
1.20474
-0.945863
-0.293152
-0.323539
1.31183
-0.138738
-0.10901
-0.356769
-0.109851
0.14529
-0.734416
-2.26102
-0.276501
0.466273
0.228482
-0.171857
-0.921452
-0.0434105
0.446824
0.415065
-0.0625532
-0.0743117
-0.0212615
1.50334
-0.832102
-0.468281
0.587318
-0.358188
-2.90362
-1.14353
2.08231
-1.30902
0.344219
0.135995
-1.42566
-1.29749
1.22356
0.873861
0.255425
0.476678
-0.373702
0.205873
-0.420942
1.08361
-0.842503
4.44061
-0.886529
-0.561248
0.528257
0.176406
-1.14992
-0.338459
1.73288
0.303373
0.586388
1.07503
-0.434612
-0.308863
0.49518
-1.81317
0.102691
0.101116
-2.3075
-1.4314
-0.0289027
-0.361196
-0.217742
1.31156
0.395767
0.477231
-0.666865
-0.537335
0.663682
0.367524
-0.617469
2.61694
-0.852031
-0.330506
-1.27108
1.01957
1.34921
-0.181096
0.248717
0.341839
0.0807654
0.770625
-0.762273
-2.43176
0.114332
0.0477357
0.285578
1.4613
0.272168
1.10417
0.160428
0.803916
-0.502207
-0.735302
1.60962
-0.422679
-0.227413
2.34021
-0.519187
-2.41721
0.597226
-0.0744544
-0.53078
0.752351
0.545286
0.0698867
-0.44327
0.386145
-1.29712
0.0274115
-0.134331
-1.4905
0.479564
0.0352722
-1.29303
0.635308
-0.288926
-0.0234429
1.56605
0.581022
0.140693
-0.00863038
0.262839
-0.910592
0.296747
1.21192
0.749522
-0.731577
1.16122
-0.788015
0.486352
0.269699
-0.378809
0.0173583
-1.3435
1.14596
0.577558
0.132666
-0.185901
0.0394732
0.549038
-2.56204
0.542468
-0.170265
2.33067
0.209878
0.183174
0.167838
-0.758494
-0.64215
-0.0122923
0.216988
0.642933
-0.428932
-0.386854
0.0779961
-0.562277
0.300275
-0.563552
0.446721
-0.585447
0.582035
0.453023
-0.778785
0.42175
-1.10078
-1.60482
0.73673
-1.00308
-0.938289
0.647423
-0.655568
-0.573868
-1.25142
0.98792
0.343211
0.721404
0.166739
-0.484418
2.56782
0.746724
1.01194
0.342702
-0.503262
-0.0148047
-1.38612
-0.380495
-0.598404
-1.65725
-1.07015
-0.168832
-1.21245
-2.47084
1.71343
0.610399
0.285621
-0.594727
-0.589981
-1.04756
-0.0424124
-0.177458
1.11563
-1.00553
0.813915
-0.505908
-0.685627
0.377661
0.294403
0.328082
-3.17856
0.308145
1.53194
0.639237
-0.351438
-0.809438
-0.322961
0.352252
0.457877
0.689735
-0.345224
-0.641283
1.66433
-0.258189
0.140553
0.61539
-0.285294
-1.10119
-0.212409
0.931665
0.408991
0.267703
-0.277504
0.43838
0.603227
-0.429342
1.94912
1.27805
-3.53994
0.3417
-0.713764
0.128193
-0.884025
1.88026
-0.276811
-0.365732
-0.447352
1.52953
1.26942
0.42521
1.91452
0.714942
0.241097
-0.498459
-1.06025
-1.43947
0.249195
-1.08527
-0.166504
-0.276759
1.55709
-2.81612
0.778756
0.33996
0.0588164
0.789419
0.0300518
0.900323
-0.410932
-0.061054
-0.405264
-2.20176
-0.30075
0.169746
2.48207
0.871489
0.138595
-1.71405
-0.569229
0.726007
0.437491
-1.98295
0.265649
2.70017
-0.435841
0.746136
0.628423
0.638656
-1.27161
2.09938
-0.426091
0.395612
0.172058
0.765191
-0.944978
2.74643
-0.53267
0.299219
0.500675
0.595478
-1.49208
1.02929
-0.456252
1.13427
1.64021
0.735207
0.571591
-0.89518
0.0888863
-0.00582668
3.3573
0.0287611
-0.670092
0.835293
1.67235
1.78167
-0.450703
-1.05045
0.259592
0.545349
0.738351
0.0640985
0.110532
-0.0523214
-1.01886
0.121892
0.411862
-1.21402
1.04376
0.463613
0.000960849
0.572476
-0.898285
-0.857952
-0.201579
-1.26484
-0.496161
-0.449941
0.525592
1.316
-0.695828
0.490473
0.56044
-1.15021
-1.84458
-0.170409
-0.4044
0.548911
-0.877791
0.0245981
0.701927
-2.57634
-0.773152
0.799867
-2.7332
1.64545
0.128024
0.988511
0.712534
0.0597724
-0.648334
-0.56381
0.750972
0.970314
0.0715494
-1.86133
0.667357
1.75257
-1.21508
-0.531007
0.461951
-0.397039
1.05101
-1.23495
1.80091
0.298451
0.778754
-2.07095
1.99193
1.2816
-0.296301
-0.900317
-0.458039
-0.124018
-1.29181
-2.0413
-0.411338
0.449555
-0.610833
0.964086
-1.05886
0.328492
-1.25826
-0.887819
0.872384
-0.185928
-0.117476
0.378668
-2.85211
-1.79083
0.583083
0.773519
2.34623
-0.616893
1.514
0.32321
-1.22137
1.48661
0.383813
-0.0474854
-1.04045
0.41324
-0.461044
-0.361765
0.835677
-0.236666
0.798722
0.665851
2.43423
-1.11575
-0.203506
0.909641
0.854658
-1.11057
-0.42807
-0.784424
0.031428
0.601797
1.55181
-2.06849
-1.05721
0.449809
-1.55455
0.184288
-0.625078
-0.676802
-1.20861
0.270671
-0.917502
-3.21951
0.591362
0.21747
1.47304
-0.468706
1.08653
-0.726413
-0.370283
-2.82866
-0.727901
0.864661
0.356554
0.379379
-0.525369
-0.833514
1.66268
-0.789189
-1.6383
-0.0572146
0.820317
-0.914857
0.60335
-0.375459
1.28065
0.086717
-1.26245
-0.520382
1.87801
2.03383
-0.242154
0.107808
-0.512871
-0.0392799
-0.442248
0.820541
-0.167819
-0.347371
-1.08689
-0.901153
1.51052
1.16448
-0.0746373
0.299036
-1.6341
-1.41338
0.975497
-0.513648
-0.0146448
-2.32403
-0.378053
0.551497
0.999715
0.194732
0.637895
-0.844747
0.142193
-0.869089
0.282423
-1.61824
-0.383518
-0.653687
0.0454874
-1.31274
1.18392
0.60689
0.077613
-0.154744
-1.89675
-1.41307
0.319835
-0.587905
0.192724
0.646494
0.859392
-0.603434
-0.318805
0.426276
0.565471
-1.02077
-1.48506
-0.478528
-0.321344
0.823708
-2.01934
-1.05907
-0.724194
0.962282
1.20863
-0.610487
-0.40873
-0.836522
-0.478038
-0.595376
0.103436
1.15239
-0.556849
0.118874
0.160655
1.11661
-0.59593
1.33189
-0.960485
-0.183245
-0.137922
0.998422
-0.288811
-0.71712
0.798727
0.654776
1.14838
-0.31745
0.684633
0.516166
0.279369
0.121911
1.63008
-0.167188
-0.119108
-0.414605
0.344277
0.177524
-0.965201
-0.444182
0.0185639
-0.339156
0.637261
1.7948
0.573194
-0.951021
-0.273306
-0.314647
-1.05693
-0.0739848
-0.450835
-0.466761
-0.500724
-0.672682
0.297926
0.992114
-0.739312
1.02645
-0.479678
0.956752
0.905927
2.18679
-0.134066
0.77079
-0.303009
-1.08882
-0.00202633
-0.50503
1.72541
0.755694
-0.694759
0.112374
0.719392
-1.34462
-1.9085
0.24014
0.734347
0.1157
1.57258
-0.284542
-0.674563
0.738145
0.823748
-0.666741
-0.45472
1.24329
0.205907
-0.227906
-0.558201
-0.209384
1.08414
-1.50175
0.0818942
-0.898928
-1.56534
-0.08467
1.85747
-1.15916
-0.60602
0.670042
-0.363163
-0.113297
-0.30524
-0.275093
0.475623
-3.36293
0.664871
0.416273
1.19828
0.828283
0.340672
-0.463946
0.23689
-0.407812
-0.316201
-0.0725343
-0.335989
0.523489
-0.94335
-0.790459
-2.49695
-0.28742
0.334321
1.87838
-0.270268
0.932994
1.16816
0.685343
0.250476
0.990839
-0.76671
0.350259
0.0330668
-0.0883703
-0.458495
-0.209837
-1.4423
-1.35447
1.40239
-0.809675
0.174855
-0.416709
1.07049
1.0488
2.09138
0.797819
0.218935
0.163255
0.938234
0.425123
-0.133723
1.32779
0.228251
0.819931
-0.371307
0.118961
0.304821
0.360584
-0.870817
-1.34144
0.514498
-0.115928
2.80431
0.174264
0.199198
-1.45507
0.615745
0.45094
-1.02876
-0.778499
0.988807
-1.20221
0.456805
0.426848
-0.202124
-1.04506
0.281552
-2.03547
-1.24449
-0.140726
-0.0252703
0.508875
-0.593964
-0.414351
0.0460107
-0.0543084
0.0494384
2.68397
0.0130508
0.769444
1.26815
0.674818
0.0155641
0.914228
-0.189496
-0.949243
-1.72387
0.542318
-0.205691
-0.917742
0.445008
-0.795543
-0.587656
-1.23943
0.492455
0.278551
-1.00832
-1.27951
-0.530091
-0.237712
-2.56343
-1.09163
-0.553951
-1.82281
0.287803
0.344011
1.18493
-0.492434
0.764684
-2.55967
0.792429
-0.242107
-1.10143
-0.739956
-0.99424
-0.85628
2.02525
1.33704
-0.144337
-0.378559
-0.43506
1.68865
0.22667
0.356396
0.641634
0.211549
0.567298
1.12412
0.575173
0.238624
0.779479
1.32126
0.5104
-0.834026
-0.284582
0.369754
0.367312
-2.13323
1.61006
-0.147269
1.48839
0.999919
0.250645
0.295241
-0.045344
-0.961328
0.584878
0.825219
-0.59621
-0.34567
-0.31086
0.472629
0.463367
1.41526
0.175552
2.03494
-0.154236
-0.920771
1.0074
1.63176
-0.685141
0.232011
-0.139273
-0.331526
0.0203053
0.796047
-0.639554
-1.7559
0.409546
1.61855
0.158591
3.00291
-0.41365
-1.79307
1.14266
0.218515
-0.236212
0.135534
0.69486
0.123932
-0.634425
0.188821
-0.192571
-0.311816
0.832415
-0.352716
1.40941
-0.231216
-1.991
0.345455
0.240362
0.0159337
0.749063
-0.28344
-1.44806
-0.085543
0.214059
0.487177
-1.26182
0.192031
0.332025
-0.0229816
0.152413
-0.212422
1.4389
-0.4593
0.296921
1.29578
0.440734
-0.728433
-1.08103
1.28657
-2.67052
-0.695035
-1.59535
-0.726705
-0.957513
0.896375
0.0602595
-0.159174
-0.162326
-0.93074
-0.396618
-0.16767
-0.273677
1.82186
1.19394
-0.0417792
0.249228
-0.0912488
0.158815
0.376097
-0.526633
-0.00608343
-0.849299
0.758982
0.998276
-0.830745
-0.985716
0.22792
-0.25701
0.144052
-0.0505159
0.143005
-1.09679
-0.0319878
-0.3009
0.566935
0.0466758
-0.334191
-2.47348
-2.16302
-0.112259
-0.786285
-0.0272871
-0.148058
-0.384538
0.0790223
-0.299358
-1.92117
-0.0409889
0.20392
0.14711
1.42603
-0.324561
0.646233
-0.339897
0.846966
-0.293038
-2.37528
-0.125995
0.193467
-0.79125
1.40671
0.564954
1.29278
-1.19331
0.354049
0.666576
-0.865893
0.852506
-0.318454
-0.0776103
1.0432
0.833167
2.41481
0.118016
-0.751453
-0.322127
0.24672
1.01565
0.07638
0.830854
2.30522
-2.8954
-1.55673
1.90652
0.175858
-0.110486
0.172977
-1.46386
-1.24227
-0.557991
0.939917
-0.820039
0.452625
-0.502445
0.498626
0.8338
-1.21709
-0.0352975
0.248107
-0.674985
-1.14692
0.986067
-0.191752
0.328022
0.678383
0.470361
-0.408405
0.0616789
0.158664
0.392855
-1.74726
0.325864
-1.42251
0.874689
-0.322057
-0.374339
0.93295
-0.5255
-0.553523
0.000415998
0.480322
1.34159
-1.28886
-0.827213
-0.231796
0.394137
-0.756912
-1.01107
1.86785
-0.476972
-0.14578
-0.957623
-0.559641
-2.1939
1.58377
0.78902
1.2037
0.749818
0.17388
-0.209725
-0.710164
-0.340585
1.60002
-0.522564
0.916252
-0.452167
-0.0913974
0.57976
-1.56185
0.522295
2.30235
0.259686
-0.18114
0.728274
0.126346
-2.25587
-1.97704
-0.37244
0.134496
0.418428
1.08974
-1.03204
1.83452
-0.0372542
-0.500973
-0.207042
-1.03417
-0.596855
0.24774
-0.855036
0.747919
0.73452
1.07652
1.9699
-0.936395
-0.465164
-1.38284
0.641497
1.60201
-1.06932
-0.641293
-0.822045
-0.437696
-0.245155
-0.215747
0.25219
-1.37599
0.0932047
-0.582495
-0.612742
-2.45969
-0.349455
-0.0742551
0.203835
-0.594257
0.278881
2.76736
0.688428
-0.243213
-0.251368
-0.398147
0.13241
0.0565116
-0.805437
-0.667339
1.21099
-0.0911349
0.827955
-0.689154
1.50491
-0.176869
-1.74819
-0.277838
-0.47733
0.964219
0.395284
-0.774691
-0.510825
0.26471
-0.514148
-1.78063
2.5921
1.30783
1.01453
-2.09313
-0.880751
-0.434192
-0.845933
0.263993
-3.35951
-0.311376
-0.202518
-0.497936
0.403381
-0.575893
-0.42027
-0.0377311
0.56694
-0.129166
0.117961
0.235396
-0.426591
1.45129
0.155892
0.321283
1.86419
0.679486
-0.272128
-0.00173034
-0.172524
-0.0352514
-0.376064
-1.01157
-0.952888
0.301024
-0.888896
0.920174
0.326179
1.91525
1.07111
0.921916
0.740861
-0.431528
1.6576
-1.42754
-0.0689255
0.26175
0.265993
-0.161275
0.937374
0.348927
-1.32208
-1.66805
0.360814
-0.136462
0.841614
0.67299
-0.33108
-0.382216
1.20449
1.19287
3.82749
1.41694
-1.06018
3.3679
0.471676
0.722112
-0.654102
-0.620189
-0.745284
0.875332
0.0104234
0.646091
0.0620358
-0.633198
-1.04017
-0.649722
-0.832741
1.12174
0.05362
-0.558322
-1.38816
-0.981386
-0.276021
-0.178455
1.59533
-0.20331
1.67867
2.33006
0.651772
0.238327
-0.632837
-0.749177
1.32385
0.848812
-0.106826
0.279093
-1.16306
-2.03228
-0.390821
1.14234
-0.640438
0.166744
-1.59028
0.013376
-0.0722818
-2.23991
-0.749543
0.843511
0.109382
-2.2994
0.645903
-1.59119
-0.756352
-0.235118
0.808891
-1.34298
-0.394693
2.61927
-1.01962
0.641802
0.448105
-0.53714
-0.415242
-1.60953
1.32925
0.278504
0.234546
-1.04414
0.880217
-1.75228
-0.104951
-0.705032
-1.11282
-0.87112
-1.07891
0.425688
0.248621
1.02608
0.0469305
0.103241
-0.339872
-0.287425
-1.21767
-0.361601
0.872729
0.189887
-0.247171
0.0751322
0.169575
0.435139
0.23734
-0.00192606
0.593819
0.686292
-2.50981
-1.23435
-2.12317
-0.0245377
-1.45521
0.702765
0.666829
0.650249
0.250468
-0.985945
1.11782
0.404137
0.466415
0.156801
-0.89457
-0.689465
-0.185242
-1.36282
-0.317258
1.12137
-0.0962741
1.06683
0.546994
0.458008
0.0851093
1.55275
-0.608776
0.613
-0.396773
1.08251
2.15198
-0.60799
-0.58541
-0.765444
-1.26139
-0.91388
0.100362
-0.798366
-0.924657
-0.76828
1.61523
0.983904
0.729199
0.127405
0.931169
-0.176256
-1.27667
0.370188
0.923617
1.41704
-1.02685
1.63877
-0.892344
-1.65916
0.732637
0.11117
0.073226
-0.603132
0.952549
-0.993555
-0.23855
0.167376
-0.72707
-0.459751
-1.02796
0.361138
0.124649
2.07104
1.65568
2.17481
0.287925
-0.54769
-0.927788
-0.00232163
-0.732543
0.322351
0.641317
-1.66483
1.0409
0.659341
0.384159
0.0471711
-0.44727
-0.664275
0.00519091
1.31727
-0.929194
0.79816
-0.370297
1.2611
-0.466013
2.8025
-0.897367
0.908293
-0.28195
1.15926
0.415673
-0.394368
-1.29879
0.0481814
0.434966
0.519184
-0.528825
1.27488
1.60636
0.512411
-1.8468
1.07112
0.188723
0.61348
-0.94723
0.580595
0.384066
0.0708607
0.731411
-1.76477
0.0941838
-2.01509
0.606515
0.472151
-0.375941
-0.128126
-0.824471
0.79711
-1.20479
-2.85374
-1.09864
2.13018
-0.0933631
-1.04824
-0.384964
-0.394248
0.555358
0.229138
-0.331018
0.680383
-1.87961
-0.621976
-0.0881822
0.873101
0.159561
-0.0756057
0.434786
-0.509456
-0.740194
0.449529
0.323608
-0.524423
-2.78904
-1.59407
-0.393749
-0.742691
-1.12049
-0.761134
-0.314919
-0.61746
0.728621
0.71303
-1.87022
-0.383318
-0.425693
0.143005
0.391931
-0.398544
-0.396705
1.65217
0.806255
1.7965
-1.62569
0.0519479
-0.233682
0.436895
-0.901017
0.0345104
-1.02771
0.770815
-0.669796
0.211904
-1.31067
-0.504004
-2.70439
0.0254135
-1.07627
-3.36635
0.0975229
0.394635
0.84569
0.544369
-0.50216
-1.0025
0.244743
-0.447151
0.648095
-0.082004
-0.356727
-1.02029
-1.06354
0.129598
0.1501
-2.14954
-1.69731
1.51949
-1.16507
-0.0189455
-0.103586
0.0956546
0.0534172
-0.209318
-0.0522126
1.3036
-0.0253686
-0.149059
1.30997
-0.029171
0.124564
0.333202
-1.55194
-0.371166
2.50733
1.54943
-1.12118
0.760484
-0.38055
-0.218478
-1.16806
-0.66313
0.00378441
0.462934
-1.01055
0.0598077
-1.71373
0.571305
1.06424
-0.388862
-0.434218
1.36311
0.297372
-0.162248
-0.31076
0.828292
0.218248
-0.149294
0.654332
-0.288668
-0.0914266
-0.451447
-0.106197
-0.0704998
0.129701
-1.55531
0.0522773
1.14835
-1.07383
-0.182859
-0.110435
4.86283
-0.596359
-0.452772
0.431628
-1.42164
1.1412
-0.153783
1.06058
-1.32327
-1.98667
-0.235225
-0.841553
-0.000459978
-0.056044
0.151707
-0.202491
0.290652
0.611789
-0.179627
-0.813634
-1.69033
-0.498298
1.5939
3.42315
-1.48339
0.756738
-0.160533
-1.02876
0.434258
0.0170124
-1.17297
-0.88135
1.17284
-0.723378
2.1585
-1.28705
1.68993
-0.100284
-0.295957
1.3961
-1.41115
0.78435
0.389589
-1.13244
2.2305
1.97773
-1.30702
-1.82275
0.354167
0.10607
0.266983
-1.80116
2.55526
2.88013
-1.38364
0.604401
0.537366
-0.370956
-0.327026
-0.775722
1.69667
-0.426664
1.01341
0.272105
0.309402
-0.631625
-0.0870125
-1.42081
-1.50632
0.0973235
0.323338
1.20508
-0.777857
-1.7104
-0.446099
0.386701
0.495415
-1.65284
-0.0437
-0.432812
0.822753
-0.357862
-0.391573
-0.96347
0.985221
-0.601344
0.677861
0.797005
0.466326
0.28708
-0.404038
-0.656549
1.18956
0.468736
-0.21198
0.575185
0.197611
-0.896422
-0.273255
0.516355
0.147223
0.231708
0.133664
0.0445284
-0.104274
0.465288
0.82397
-0.902227
-0.109053
-0.286292
-0.332574
-0.794033
1.95046
2.11874
1.21992
-1.92874
0.418542
-0.565048
-0.0106801
-0.00563495
-1.1852
-0.664495
-1.18783
-0.851693
0.00762356
-3.07664
1.52773
0.541573
-0.598013
1.29105
-0.52517
-0.767017
-1.57528
-0.0570475
0.31157
1.57664
-1.60721
1.5599
0.80099
-0.663664
-0.850146
-0.369359
0.696258
0.191542
-0.0614298
0.55004
0.648996
-2.19562
0.101695
0.0570956
-0.479928
-0.0728246
0.12096
-0.411454
0.0123686
-0.452045
1.55176
-0.466312
0.433518
0.315639
-1.9626
0.688729
-0.139391
-0.0578587
-0.883875
-0.84329
-1.03542
0.115553
2.32786
-0.73332
1.14875
2.96781
-0.674721
0.407217
0.203095
0.245515
-0.371324
1.27261
-1.37262
-1.30956
0.605955
-1.55211
-0.389117
0.998015
-0.0898887
0.441969
0.965185
-1.45616
0.609674
-0.0188184
-0.305896
-2.38308
0.75066
0.0224761
-1.81395
-0.381282
0.550166
-0.141473
-0.171375
0.0866283
-1.20025
0.245645
1.04311
-0.448586
-0.661289
-0.776872
-0.114956
-0.0553265
-1.6804
0.576561
0.937572
0.00359549
-0.44736
0.152964
-1.11632
-0.0191535
0.729319
0.983555
0.468511
-0.209272
-0.597891
-2.46055
-0.850094
1.41277
0.781092
0.265624
-0.133728
0.350272
0.177285
0.982399
-0.196187
-0.0982872
-0.615293
1.66034
-0.573539
-0.677746
0.795218
-1.13649
0.700556
-0.611452
-0.164561
-2.75419
0.559701
-0.216323
0.0754918
-1.89717
0.282868
0.871889
0.0950284
0.170109
0.598565
1.36855
-1.00669
-0.292678
0.305684
-0.539539
0.418835
-0.985987
0.0272936
0.627696
-0.825678
0.484597
0.404071
-0.135152
0.621799
0.484
-0.899938
-0.719342
0.074811
0.130095
-0.0316037
0.18408
-0.612209
1.16149
0.274348
-0.883866
0.570171
1.08871
1.16153
-0.659875
-0.461896
-0.286566
1.10262
-0.770021
-0.146473
-1.18543
-0.532099
-0.54044
1.29024
0.0858121
0.44173
0.379887
1.67823
-0.584766
0.762642
1.39791
-0.120805
0.116274
-0.516104
-1.7121
0.143995
0.605909
0.566282
1.4067
1.51937
-0.318289
-0.0416662
0.626425
-0.228623
-0.127045
-0.868212
-1.00033
-0.666118
0.528939
0.436659
-0.198989
-0.1855
-0.453359
-0.0449617
-0.879988
-0.106805
-2.11963
-0.78189
-1.61308
1.49748
0.552956
-0.316839
1.95226
-0.547225
0.417802
-0.468971
0.0625548
1.16758
0.566751
-2.27319
0.482742
0.207288
-1.6242
1.16629
-0.181929
0.329995
1.64044
0.30941
0.170482
-0.437216
-0.642655
0.892207
-1.2138
0.297064
0.890403
-0.728888
1.72032
1.27576
0.349675
-0.294115
-0.489759
-0.0857295
1.06776
-0.429553
0.535292
-0.810058
0.40013
0.636209
0.40832
0.394771
-1.27951
2.82813
0.197485
-0.763202
0.340064
0.633523
-0.662768
0.302395
1.14937
-0.102674
-1.51571
-0.924085
-0.747693
0.109093
0.238822
-0.732583
-0.974606
-1.07399
0.126965
-1.41816
0.34973
-0.319961
0.338878
0.0470616
-0.069355
-0.218723
-2.60981
-0.00888545
-0.51197
1.57828
-1.33171
0.0217639
1.15862
-0.572212
2.08011
0.65007
-0.125992
2.29967
1.79975
0.794816
-0.0422017
-0.386543
0.437336
0.750498
-0.0358064
0.219365
1.38791
0.0577132
0.718861
0.335745
-0.0906392
-3.23258
0.269291
0.922595
0.651751
-0.0809715
2.10168
-0.497891
-0.753419
0.0140225
0.524478
-0.0895268
-0.918794
-0.862083
-0.351783
0.269613
-0.730201
0.0175785
-0.563164
-0.416963
0.398699
-0.237741
0.164561
-1.13147
-0.387307
-0.504126
-1.22657
0.944008
0.123651
1.1974
1.78292
-2.88302
1.32287
0.605082
0.452692
1.01168
-1.1159
-0.32638
-0.262647
1.58001
1.4925
0.432876
0.803728
-0.661866
2.81348
0.679372
-0.486823
-0.99117
0.362937
-0.0473026
-1.65995
-1.00139
1.01411
-0.782942
-0.650542
0.985449
-0.622566
-0.114989
-1.53821
1.5754
0.0675574
0.410247
0.29103
-1.54896
-0.6245
-0.0840142
3.63429
0.269887
-1.87903
0.23636
-0.463675
0.0473862
0.0975391
-2.5396
-1.55979
0.283865
-0.530263
-0.411919
0.707267
-0.889313
3.20702
-2.63072
0.163555
