-2.77274
-1.00798
6.32868
4.5567
-1.35013
-0.207646
1.70279
1.66151
-3.3191
-0.77577
1.82398
1.03442
-4.71213
2.39727
1.9428
-0.594993
2.95265
0.797963
2.72086
-1.51764
0.0920489
-2.14069
-7.30812
1.4579
-1.54841
0.345669
0.889391
-0.195914
2.00629
2.80109
-0.582763
-2.91038
3.01472
2.91445
-5.75001
-3.51751
2.24117
-0.257427
-2.31526
0.393956
-1.42138
-2.8782
6.10944
-1.99076
-2.26485
-1.02738
2.10175
-1.42064
0.390057
1.06366
-1.78992
0.503564
-3.8724
1.88758
-0.544004
-1.84743
0.71804
-1.99183
-0.482747
1.54171
-0.154685
-6.58472
0.822926
-0.590716
2.10203
-2.37453
-0.166214
1.45547
-3.81259
-3.65842
0.559504
-1.34788
1.97768
1.0069
1.14868
-0.256529
0.490092
-3.02306
1.23886
0.495264
-0.414301
0.971801
3.53112
0.26306
-2.18465
-0.436235
-4.92496
0.639242
2.60819
-1.32879
1.53235
2.42284
-2.86982
-2.63352
-4.11768
-1.00413
0.696123
-4.2813
0.000526793
-3.76425
1.65007
-0.76488
-3.28117
-4.4625
-2.54584
3.56711
1.29721
1.7495
2.68141
1.37618
2.25072
4.73565
-1.29921
-3.02998
-2.27461
1.86932
-1.73485
0.670623
1.97078
0.205889
-6.04637
-1.73402
-1.36687
0.195397
-0.951828
2.77744
1.90228
-0.594269
-0.790056
-1.49822
6.45254
-2.16625
-1.08483
0.308277
0.683843
-1.6046
-2.5944
-1.22136
-2.67775
1.41265
-2.36138
0.214233
0.364579
4.42975
0.0581859
1.08387
1.95031
-2.33859
-1.2042
-1.96955
-1.97852
-4.94433
-6.40314
-2.61418
0.536743
1.45119
-0.0024562
-2.0287
0.769409
1.83032
2.05915
-1.11778
-1.06956
-2.04044
0.784603
2.94119
-0.208825
-1.22413
-1.31844
1.98852
0.769084
-0.796805
-1.81004
0.766977
0.466959
-1.46527
-0.905561
-1.17395
-0.422424
6.13133
-1.17677
-4.38974
-0.871393
-6.0649
-3.31313
0.425346
3.08385
-0.468432
-1.98352
1.32307
1.81055
2.61432
0.404531
6.3532
3.17268
0.666415
-0.583884
-0.555237
1.99822
0.0565514
-0.809331
-7.55219
0.888575
-2.517
-0.714523
0.850069
0.607444
6.73188
-2.33766
-0.81904
-0.651227
-3.2102
-1.45052
-3.58489
-2.29339
1.79349
1.31254
0.615291
1.34848
-1.34199
-0.0246342
4.67436
-1.7519
1.74112
0.990245
1.26105
-0.998369
-0.0541115
-1.53024
0.871357
0.45446
-2.31627
2.42127
2.66495
-0.0454015
-0.197589
7.89396
-4.06155
0.522869
-2.45132
0.342117
-1.68824
0.508942
-1.86399
-0.440929
2.3059
-0.109694
-1.46378
2.30944
4.14563
0.343922
-5.95868
-1.25645
-0.698293
-2.26448
-6.81924
1.05362
2.23227
-0.0814859
1.71508
0.229585
2.02973
2.30141
-1.23079
0.375735
-5.26149
2.4715
1.19601
-0.590195
0.741273
0.980141
-3.11216
-1.31552
-1.1979
1.08973
3.48538
5.10479
-3.00758
-2.58693
-0.00629033
-0.0380538
3.64725
-5.39937
-0.678017
1.73628
1.70216
-3.20459
-3.4156
-2.20546
1.87468
-0.734195
-1.93179
5.06781
4.26247
-2.09392
2.51576
1.49771
-1.28613
-0.516006
3.16347
-2.65048
3.53327
-2.42557
0.163647
-2.3948
-1.14305
2.34162
-0.870537
-2.06192
-2.86063
-3.62589
3.78183
3.08801
6.78649
1.88326
1.5819
-0.772631
-1.99884
1.20106
-3.73089
-0.340637
-4.56156
0.300456
0.444961
-1.2122
1.37212
-1.92565
1.5029
-0.899787
0.448498
-0.860167
-1.94709
-2.2162
-5.83835
1.17253
-1.11476
1.06155
0.82995
2.69445
1.55274
5.44817
-4.39691
-1.81714
0.826006
2.44651
1.33944
-1.10803
-1.61222
-2.81183
3.17875
1.35427
-3.60369
-0.108459
2.15724
-0.014419
1.65327
0.892797
-0.544861
-1.46845
-2.01916
1.44262
0.780516
-3.45097
0.709825
0.475418
-0.413941
2.29662
1.48007
-0.761859
11.5452
5.33577
0.883501
-6.62008
3.01207
1.8979
1.02001
-0.592313
0.248093
-0.922922
-0.0264694
1.90946
-0.934606
-0.978724
-0.240218
0.541932
0.61641
-1.02724
0.0775276
9.1169
1.73723
0.619132
-0.30325
-6.19384
-1.64276
-4.27134
-1.37053
-2.9706
3.87649
-3.25608
-8.49992
2.54573
-3.72564
2.72706
-2.81174
4.00395
-1.79484
1.01476
3.28555
-0.732184
2.64892
-0.789676
-0.0741057
1.93127
-0.660013
-1.46503
3.59552
-4.71326
2.14957
0.312639
-2.89338
-0.396683
-1.75393
1.89003
-2.84672
4.33568
0.400262
-0.35039
0.714075
1.22032
-4.69293
4.69118
2.78765
-1.86728
-1.42879
-3.06846
1.37265
0.177023
0.559877
-0.747355
-0.837951
-3.07644
-6.47917
-1.53226
0.414849
-2.52618
-0.00160771
-1.70567
-4.28273
1.44563
-0.439757
1.655
1.17373
0.588644
0.775986
-1.94434
1.06063
0.371386
-6.40071
-6.208
0.552759
-0.156212
-0.0598849
3.40405
0.61669
0.581115
3.33404
-4.70195
-2.4004
1.65621
-1.67179
-1.6441
1.5699
1.10988
-2.26034
-1.65522
-2.20827
0.414832
0.903605
-1.14697
3.28231
-1.79723
2.84578
0.435952
0.615364
2.36882
6.76677
-0.393408
2.72182
2.24929
0.486601
1.11415
0.872801
-2.16115
2.5392
-2.30619
2.03855
-0.709516
0.294302
-0.155544
3.76305
0.219696
2.36109
-0.130432
-3.29417
1.56842
-3.36418
0.54107
0.753001
0.781026
-4.51579
0.684697
-2.41556
3.10439
-1.90108
-1.73631
-2.0544
1.05327
0.922439
1.26948
-5.14782
3.29927
-0.432831
-1.61242
-1.25358
-2.45307
1.43018
0.0764857
2.76766
-2.19522
0.485961
-1.94004
-0.545248
0.841128
-6.52948
-0.530913
-3.45136
-0.515287
3.53087
-5.07245
-3.52964
-2.0488
-3.90924
3.84709
2.28845
-1.97823
1.10349
-1.41304
-1.86452
1.38891
1.56967
1.38854
-2.68835
4.1863
-0.874222
4.00151
-4.54817
-2.66196
-2.96827
1.15046
1.7555
-0.388402
-3.30226
1.86953
0.390926
2.404
0.999928
-0.40952
1.70365
-3.41386
0.205085
4.10423
-0.750549
1.70245
0.788364
0.97682
1.47887
-2.27194
-0.951858
-3.89317
-1.28108
1.85702
-1.34079
2.73144
-3.27559
1.55519
-1.79991
2.00839
-0.929636
-0.701894
-0.762872
1.68963
-1.80326
-4.9724
-1.96429
-6.2207
-2.42231
-1.22928
2.60585
1.403
-6.68812
-1.50376
-1.84245
3.08678
2.35185
0.233483
-7.00698
4.7303
-0.508498
-0.0706004
-2.94933
2.6281
4.35296
0.600467
-0.918758
1.85741
-0.581971
2.24025
-0.266398
-0.383656
-2.3315
-0.752757
-1.90868
0.3637
1.04162
-0.303104
-10.4115
0.417867
-7.30049
-2.02899
-1.03762
0.411047
-0.0147341
-0.916274
-1.1278
-0.370422
2.83792
-1.21709
2.56509
-2.69972
-1.15645
-0.811401
1.00628
-0.734847
1.2414
-2.41468
-2.9275
-0.469914
5.04174
-3.83649
-3.64507
-1.4309
-0.331584
-3.68061
0.866943
-0.366746
-0.558438
-1.32116
-2.41639
2.00584
-1.00462
-2.03192
-0.695023
1.14835
4.9575
-2.45471
-0.332733
-1.08834
-0.108438
2.48884
0.933674
2.84327
2.09082
1.00516
2.45027
3.38454
3.26032
1.89781
4.52507
3.02918
-1.47738
1.36473
-1.19125
-2.55733
-0.621931
1.79944
3.95652
3.12421
1.60958
3.41997
2.30848
3.12551
3.15376
0.497013
-0.83919
2.2295
-1.946
2.21861
0.155369
1.35939
-1.04654
-0.177236
-1.63378
3.38152
0.00336724
-1.86683
2.33506
-1.38755
-0.867997
5.66592
-2.65963
2.20649
-2.56533
-2.05747
1.3586
0.100822
-1.09165
0.390416
0.780309
1.90517
0.071918
4.4169
-2.56196
-1.52602
3.05908
1.17095
1.66927
0.972134
-1.84571
-1.76429
2.48611
0.530941
2.19457
1.8353
-1.74747
2.05916
0.447295
-1.48638
3.01531
-1.43017
-1.79251
4.64984
-0.375291
0.746697
0.389495
2.29105
-1.28643
-3.21087
5.95757
2.05979
-3.08764
1.29659
4.25871
6.55158
-0.200827
-2.27446
0.980114
-1.09843
1.94629
0.55233
4.59224
1.10487
1.36267
-4.20611
0.33762
-0.172415
1.19772
5.52717
0.65562
0.733558
-2.61364
4.75981
-0.459193
1.54165
2.11844
-0.568188
-0.629358
5.00945
-5.74963
-0.497866
-0.314309
-6.72306
-1.53205
3.59776
0.561731
0.424073
-1.48231
-6.60524
0.734698
2.2862
2.09597
-1.5165
1.55618
5.52793
0.942747
-2.24534
-3.05005
4.67708
-1.68057
1.46933
-1.96168
-3.60809
0.119938
-0.0863022
0.524978
0.694242
0.812987
1.80534
-0.484556
2.52743
-0.272432
-2.47271
-1.63642
4.68991
-1.20165
-0.433411
2.86308
2.05791
-4.05598
-2.61817
-1.08188
-1.89998
1.07517
-4.86045
-0.389802
0.0285059
0.339856
-0.0679378
-1.50219
-1.27211
-0.968108
-1.01016
0.307777
1.5261
-0.898208
-2.5809
-2.86125
-0.909933
5.41175
-2.27489
2.79184
-0.639609
3.84541
-0.410488
0.189064
1.09018
2.09401
-0.33643
2.36516
-0.137608
2.961
-2.10046
0.203682
0.991394
-1.80203
-2.20982
1.85443
-0.0145136
5.91181
-0.297594
-0.781237
1.48766
1.5179
-0.263132
1.90294
-2.63353
-1.60487
2.95092
0.895222
1.44089
-7.9065
-1.47231
0.922159
-3.46041
3.03432
-0.661234
-3.65437
-0.131976
1.11317
0.239158
-1.00804
1.48877
-0.460534
2.67657
-0.698755
1.7305
-6.19561
-2.4497
0.670126
1.47566
0.457986
0.186697
-6.26462
-1.08489
1.01572
-0.885321
1.38837
-0.15047
-0.486704
1.20491
-0.338748
2.95357
0.0879204
-0.544897
0.357237
-1.43052
-2.97975
2.38053
-1.34111
-4.78289
-1.23226
2.99638
-2.72849
-1.60475
3.88687
1.03143
1.15745
-1.99643
0.384731
-2.82889
0.00964801
0.248528
-1.70264
0.0777373
0.173484
3.44979
-3.05479
0.550233
0.0673751
0.69792
-1.34553
-3.2243
4.45483
-0.813233
-3.43014
-0.507355
-0.00332582
0.406074
-0.699297
1.17738
-1.50225
-0.503124
2.45576
-1.62374
1.21155
-3.84664
1.90545
1.75098
-0.721931
-2.66032
2.54442
1.03477
-7.87503
-0.440443
-0.951724
2.06706
-1.67309
-1.51439
-0.594699
3.46345
-2.13492
-0.107679
2.21617
-1.86432
-3.01825
-0.566883
0.276129
3.86841
-2.22099
-1.21549
2.78504
-0.681921
-1.25275
-0.550228
0.688522
3.48848
1.80872
2.40944
0.328719
2.51371
1.19384
1.11731
-0.0909724
-0.83121
2.21373
-1.04724
0.279021
-3.86534
-1.34915
3.9732
1.63675
2.41067
-0.261108
-2.23161
-0.0784986
3.38807
0.559089
0.762862
-1.19333
-0.0739432
-3.02426
-4.36255
-2.76616
1.33555
-0.974661
-2.5632
-7.75813
1.88974
-2.82965
-0.907776
0.52133
0.862763
-3.86474
5.30235
-1.94468
-3.87782
0.4554
-2.11308
-4.3842
-4.99381
1.11377
-3.68457
0.408839
-0.0114568
-3.97685
2.20266
-2.72941
-1.20657
2.47181
-9.3482
0.740384
-0.387477
-0.0959498
1.55343
-3.28586
3.1241
-1.38752
0.00536638
-1.28705
-2.82639
-1.29075
-1.285
-0.780402
0.152416
2.72149
2.88406
0.238
3.76033
0.951747
-3.0698
0.120073
0.0260329
1.33986
0.44894
-1.65473
1.65449
-3.5997
-1.40678
0.56194
1.36868
-2.37322
-3.94927
-3.37591
2.84696
3.39949
1.85087
-1.16787
-1.90123
-0.564616
3.51599
4.01647
2.76845
3.80789
3.03216
-1.34456
-0.890101
-0.902459
-2.39045
-2.26792
-1.39533
2.03335
2.82465
-2.85125
-3.72824
-2.72421
-4.14918
-0.000517773
-3.77807
0.36774
1.89411
2.02975
1.37789
-2.05771
1.06989
3.36688
-3.70093
-0.63411
-1.00364
4.10236
-0.483157
-2.48895
0.383625
-5.13305
1.16253
-0.137327
-0.0195593
-4.77973
0.399279
4.21055
-3.03891
0.445836
-0.090471
-2.78321
1.0576
-1.6366
-2.08566
-0.979711
-1.53064
1.30916
0.60241
0.865362
-0.571246
-3.00477
2.88626
1.27605
-4.08265
-1.42373
1.51107
-0.407205
1.20298
-0.92548
-2.01429
0.746523
2.18852
2.36825
0.168576
-1.48481
1.99084
0.0603226
1.36611
1.65438
-3.67997
1.37017
1.58402
0.14585
-0.278714
-0.180256
-0.950946
-0.116943
2.38574
-4.80062
-0.0676878
-2.61948
-2.11665
2.83993
2.87023
0.430301
0.404686
-5.12546
2.15723
-2.45022
1.09402
-2.60237
0.675247
0.0354621
0.327086
2.51488
-0.934661
1.19424
0.381175
7.75209
4.49089
-4.23267
0.120653
0.87745
-2.97207
0.0639253
0.204507
4.19647
2.38585
3.85403
4.03169
0.227654
-6.77527
-0.726358
0.846689
-1.6641
-2.78021
-0.149296
-1.62806
-0.358018
0.857527
-2.85864
1.60777
2.59536
0.469497
-8.76205
-0.155742
-2.43961
1.85701
0.479204
-1.40344
5.37973
-5.26515
0.906832
-0.74389
-2.1708
1.04693
-3.1413
-1.86105
3.35291
2.58381
0.00527045
0.231607
-1.52506
-1.81412
2.53715
-1.37255
3.33503
-4.25491
-6.31386
-0.574133
0.180295
-1.30523
-1.0925
1.40184
0.900323
-0.922846
1.4285
-1.62416
-4.20667
-4.89697
0.348502
-2.89993
-2.9201
2.60078
3.5367
-0.456425
-1.5344
-1.1414
-1.88644
0.1143
-0.676046
0.972638
1.163
-0.768443
-0.354081
-1.71204
-4.58381
-0.211347
-5.0971
-0.959775
1.62671
-2.70864
-2.50367
0.266523
2.07721
0.458967
-1.54972
-1.21983
0.116195
0.600271
0.490988
1.80098
0.865236
0.588614
0.0806358
6.09747
2.20232
-0.16421
2.92405
-4.49155
-3.7003
2.40669
3.33137
-1.81335
1.73758
1.56806
5.88435
1.0574
0.0526301
1.38904
-4.83195
4.6193
1.95052
2.33342
-0.2361
1.56756
-0.0445789
-2.50862
2.51086
1.07184
2.49141
-0.753638
-5.83152
1.76787
-2.43001
-0.439118
-1.93757
-0.553388
0.185814
0.707185
-2.82122
2.33146
0.63854
1.56362
-0.71259
-1.27662
-1.65389
-2.40415
0.468306
-0.929793
3.59013
2.58864
0.528309
-0.345482
-2.19985
1.67471
-2.84638
-1.49025
-0.11832
3.59489
1.40297
-0.0235408
0.265699
4.5915
-1.45569
0.884418
-4.61302
0.046101
1.57853
0.664145
-0.924501
4.15003
-1.17181
-1.28373
-0.187872
0.884557
-2.66119
-2.74109
1.29299
1.18053
-0.0522441
-0.587461
-3.34476
0.918316
-0.302479
-2.98514
-3.76897
-2.6567
1.27015
-1.49067
0.483779
2.04004
1.64586
-2.05859
-0.44795
1.93204
-0.580869
0.489183
-1.88342
-2.17581
-1.93395
0.712323
0.0231452
0.867146
0.495256
-0.830532
-0.676811
-1.92327
-2.56017
2.26281
2.00392
-3.24115
-0.320044
-3.92353
1.41997
2.53171
-2.36084
0.346173
-1.70105
-1.31902
1.90742
-2.03146
3.14636
-0.192493
-1.84497
-1.61522
-1.14838
1.45073
-1.50733
-0.071448
0.749102
2.72949
-0.0882527
4.233
2.99186
2.01538
-1.15365
2.00312
-3.51484
-0.521828
0.235567
3.29497
-4.98657
0.841892
-0.231064
4.4266
-0.916558
-1.65691
-0.38572
0.143034
-1.62061
3.75931
1.88878
-0.297805
6.93057
-2.97172
1.10335
1.86219
-2.1698
0.388709
-0.283944
-2.58951
0.369295
0.984258
1.19618
0.645214
-1.2605
-1.26726
-1.82819
-0.112352
2.75326
-1.12095
-1.84163
-2.16709
0.935376
1.71843
3.64796
1.07947
3.57913
-2.05728
0.492814
1.1084
2.58037
-0.300118
2.71549
-1.32729
2.30773
-1.26064
-1.30915
1.80213
0.680607
-0.668603
2.77461
-2.61042
-0.495998
3.4425
1.19117
-2.14229
-1.58004
2.86809
3.07338
0.232586
4.81431
2.22946
-1.08014
3.51399
-3.01313
-1.30492
0.571588
-0.233284
-0.201637
1.81767
2.34229
1.21483
2.4657
-0.679874
1.78971
-0.72473
1.61419
0.945011
0.0863154
0.68437
0.248568
-2.00746
-0.494753
-3.54803
-0.337818
1.58001
2.12746
2.45491
2.0305
-1.72587
-1.80546
0.979311
1.07426
-3.79963
-3.23661
0.968454
-4.69537
1.86252
-0.774557
-2.73271
0.406132
1.30208
0.888567
0.524368
0.716201
-1.75648
-1.73234
1.80952
-2.83012
2.77708
1.20301
1.84138
2.20219
0.0974622
0.865582
-1.18824
5.00969
-0.482495
2.75731
-0.564582
1.06232
2.72023
0.29636
-0.725889
0.944945
1.78987
-3.87093
0.630408
1.10794
-0.30334
0.865109
4.13543
-1.99315
-1.4331
2.53106
-3.20987
1.18448
-0.0181914
2.07107
2.22778
-0.296513
-0.94498
1.16056
-2.30246
0.833545
-0.096982
-0.464768
-3.83552
3.8577
2.85926
-2.48931
2.0731
-1.74696
0.163115
0.813174
5.59066
-1.1835
-3.20249
-1.14014
0.611442
2.43821
-1.55977
-0.281015
0.188098
1.63096
-1.0004
-2.64337
-1.53312
-1.0368
0.524611
5.33853
-1.1623
0.221083
1.73049
0.907184
3.11566
0.767404
-3.10364
-0.616458
-2.17268
2.42741
-1.45283
2.38658
3.67798
2.65089
0.617442
5.28924
-1.98594
-1.09879
-2.18617
-1.57641
1.0328
5.875
4.01411
-2.24813
0.167064
0.134499
-1.7494
0.438174
-0.807715
1.63672
-1.02501
-1.48063
0.363132
-0.42796
0.745589
1.15129
-1.42381
0.498596
0.843065
-3.44868
0.288618
-2.25845
-4.47317
-0.69348
-4.45751
1.81453
2.08188
-1.84637
2.36583
2.60257
-0.572208
-0.830757
-0.417503
0.616944
-5.47395
5.10899
-0.899967
-2.59795
-1.30194
-0.0157632
-2.96155
2.62816
-2.61306
2.52395
0.607289
-1.09527
-0.859155
-0.0952126
0.0634093
0.233511
0.723619
1.05164
-0.178097
-1.42064
2.66988
-2.16874
-2.01921
-1.02405
-3.01791
0.322794
1.99259
-0.234767
0.638979
0.470717
2.52026
-0.292884
1.00135
2.12733
-4.67285
2.93833
-0.71279
-2.7935
1.20077
0.146544
-2.76543
-1.92226
-0.00710243
2.32531
0.878015
-1.62546
-3.46188
-1.44135
-1.1043
0.876941
1.0102
-1.45934
-3.53774
-0.334666
0.120271
2.18642
-0.0539329
-0.758411
1.19209
-2.84337
-0.45538
5.54726
-0.53019
-1.11927
0.615781
1.64099
-0.29098
-2.05268
-0.319599
-0.196109
-2.55913
0.238785
0.61025
1.24401
2.63661
-6.83696
1.22583
-0.518235
3.28498
-1.37594
3.12957
0.311562
2.34572
-2.83225
1.77461
0.819557
-0.0284637
-1.17024
-1.86381
-1.10866
0.39933
-3.09081
1.38152
-0.861151
4.06832
-4.01791
3.04386
1.2719
-0.500732
-0.720718
1.98266
-0.481624
5.1907
-0.330351
-2.18246
3.22774
1.89402
3.93521
-4.36769
-0.482834
-4.03707
2.41153
-0.238081
3.49055
-2.64194
6.17469
-1.35013
-0.988931
1.34454
1.84057
-0.642334
3.0495
-0.564522
0.176606
1.67835
-2.67413
1.33138
-0.767237
-0.0152791
-0.8994
-6.3017
-1.00326
0.679182
4.38401
2.06033
-0.926442
-0.714611
0.288504
-0.254851
-1.89268
3.44802
-1.27245
0.292751
1.84627
-1.76822
0.969949
-0.621197
-6.024
-4.68932
1.69821
2.17242
-5.01312
1.24665
0.658477
1.82154
-3.3821
2.20299
3.32306
-0.19729
3.14476
-1.16859
-2.40456
0.981439
2.2599
-1.36624
-0.601145
2.06316
3.46533
1.61876
1.0312
1.80421
0.630855
0.0741363
-1.29201
1.58935
0.693786
2.67947
0.95013
4.20505
0.927843
0.585959
0.124389
2.57984
-0.506633
0.0620503
-3.97797
0.403684
2.09832
0.28795
2.56056
1.07586
0.502238
-0.766354
-1.76529
0.21089
3.85938
-0.410285
3.59888
3.20726
-2.21162
0.57574
5.74127
4.70054
-0.00478057
1.16757
-1.53198
-2.33396
2.48546
-0.217658
1.47111
-2.70329
-0.388772
-1.33617
-0.160345
1.58651
2.52712
-0.861224
1.03882
-1.73579
-2.26222
-3.28339
-2.09293
3.24225
-0.995726
2.4156
5.42356
-1.74419
-2.02997
-0.724049
-2.41777
-2.30634
1.93002
5.35824
0.0808754
-0.161497
-3.46411
0.0258909
1.21429
-5.53641
-1.43044
-0.0512079
-0.263553
-1.39757
1.43391
-0.950603
-1.24017
1.36952
-3.1912
3.87393
-2.05125
6.18162
-0.21546
-0.932323
-0.554977
0.681026
1.57315
-0.588288
-1.44642
-0.996255
-2.76429
-3.53405
-3.08386
4.85685
-0.0716556
0.49983
4.38445
-0.162465
-3.49879
5.45683
3.11968
1.09435
-2.00529
-0.642567
0.592344
-3.1525
-1.77082
-4.41327
-0.1072
-1.06079
0.125238
-0.903953
-0.00910291
-0.214145
-0.134514
4.80818
-2.28438
3.16225
1.30046
-1.35837
1.14138
-2.15177
2.16851
-0.75618
-0.0533406
2.98298
1.59292
-0.409497
1.80502
-2.1162
-2.23743
2.19399
1.3517
-0.852553
4.44574
-1.55381
2.65736
0.0562593
-1.95985
0.302825
-0.531368
-0.306374
-4.00204
-0.167222
-4.11813
-0.0719364
-0.0315893
0.531864
4.57597
-5.00693
-1.37792
1.73469
0.237116
-0.867651
1.92198
-1.50533
1.9383
1.06808
-2.62644
0.636978
0.916469
-0.408284
-2.84662
0.620051
1.25618
0.211015
0.524817
-4.25564
-1.88568
-4.34707
-2.67399
0.0280117
0.246188
-2.5202
-2.43061
0.256651
-1.74902
1.05305
2.49396
-3.06261
-0.340801
7.65311
-0.82329
3.30786
2.73405
-0.671099
3.23821
0.587896
-3.08132
0.661664
2.89171
-0.650781
0.395342
-4.90083
-0.870555
0.519441
0.0417666
4.62732
-5.45079
-2.91563
-0.0478059
1.6415
0.586092
