1.50666
1.50828
1.51674
1.5106
1.51598
1.50674
1.49634
1.49419
1.49581
1.49144
1.49906
1.49758
1.49844
1.49632
1.49887
1.4987
1.49662
1.49504
1.49685
1.49789
1.497
1.49547
1.49425
1.49429
1.49579
1.49729
1.49889
1.49935
1.49885
1.49878
1.49754
1.49723
1.49773
1.49599
1.49659
1.49733
1.49813
1.49636
1.49633
1.49707
1.49769
1.49807
1.49767
1.49768
1.49844
1.49887
1.49839
1.49797
1.49856
1.4981
1.49805
1.49765
1.49749
1.49815
1.4979
1.49799
1.4985
1.49787
1.49759
1.497
1.49774
1.49812
1.49777
1.49868
1.49795
1.49841
1.49898
1.49871
1.49865
1.49934
1.50034
1.50013
1.50058
1.50042
1.50018
1.4998
1.49918
1.49982
1.50058
1.50053
1.50131
1.50158
1.50218
1.50151
1.50114
1.50113
1.50117
1.50114
1.50142
1.50132
1.50091
1.50125
1.50143
1.50104
1.50053
1.49966
1.49945
1.49961
1.49938
1.49951
