5.16077
5.02894
5.03623
4.99512
5.01923
5.01316
4.98956
5.01487
5.00937
5.00431
5.01104
5.01492
5.01171
5.00605
5.00529
5.00498
4.9947
4.98921
4.99659
4.99726
5.00195
5.00987
5.00513
5.00412
5.00301
5.00515
5.00304
5.00728
5.01183
5.01164
5.01029
5.01543
5.01482
5.01489
5.01357
5.01511
5.01541
5.01275
5.01591
5.0109
5.01042
5.01034
5.00867
5.01018
5.00765
5.0053
5.00587
5.00825
5.00971
5.0065
5.0046
5.00599
5.00625
5.00365
5.00184
5.0037
5.00117
5.00183
5.00262
5.0063
5.00717
5.00531
5.00426
5.00562
5.00622
5.00573
5.00389
5.00191
5.00192
5.00107
4.99966
4.99877
4.99882
4.99709
4.99565
4.99356
4.99421
4.99379
4.99326
4.99298
4.99163
4.99342
4.99397
4.99355
4.99314
4.99183
4.99245
4.99158
4.99294
4.99225
4.99417
4.9937
4.99692
4.99547
4.99572
4.99396
4.99401
4.99402
4.99403
4.99455
