0
0.00114173
0.00695542
0.00745063
0.00765978
0.0105778
0.0132284
0.0117476
0.0105538
0.0103661
0.0119011
0.0110013
0.0101887
0.00967879
0.00936253
0.0087788
0.00850482
0.00817848
0.00794685
0.00761718
0.00730735
0.00713249
0.00692682
0.00663838
0.00653982
0.00645751
0.00641351
0.00620117
0.0060081
0.00580825
0.00575131
0.00557966
0.00543248
0.0055438
0.00541783
0.00531792
0.00523405
0.00538669
0.00524868
0.00516864
0.00507993
0.00497303
0.00487302
0.00476228
0.00471606
0.00463333
0.00455932
0.00448373
0.00443003
0.00436463
0.00427934
0.0042161
0.00413957
0.00411492
0.00404721
0.00397589
0.00393815
0.00391957
0.00386342
0.00384418
0.00385315
0.00380982
0.00376612
0.00381726
0.00382838
0.00379754
0.00378421
0.00373828
0.00368464
0.0036963
0.00377775
0.00373146
0.00370793
0.00366131
0.00362036
0.00359232
0.00359948
0.00361094
0.00364265
0.00359746
0.00363799
0.00360315
0.00360934
0.00362776
0.00360383
0.00356194
0.00352129
0.00348144
0.00345336
0.00341637
0.00340283
0.00338222
0.00335096
0.00333862
0.00334127
0.00342005
0.00339128
0.00336054
0.0033346
0.00330408
