0
0.047935
0.0323422
0.0302118
0.0256065
0.0231898
0.0224113
0.0198067
0.0188934
0.0173079
0.0157771
0.0145044
0.0138293
0.0132542
0.013368
0.0128309
0.0121165
0.0114903
0.0110806
0.0105651
0.0100624
0.00974414
0.00959959
0.00965046
0.00928764
0.00895992
0.00864957
0.00835698
0.0084684
0.00821203
0.00798053
0.00781616
0.00759185
0.0074118
0.0072147
0.00706776
0.00696342
0.00689707
0.00700184
0.0069184
0.00676852
0.00660877
0.00645823
0.00631485
0.00619041
0.00620183
0.00607158
0.00594716
0.00584963
0.00574621
0.00563356
0.00552529
0.00542106
0.00533047
0.00523562
0.00517363
0.00508301
0.00504158
0.00506791
0.00510311
0.00502077
0.00496288
0.00491541
0.00483895
0.00480298
0.00474525
0.00478048
0.00473231
0.00468219
0.00461701
0.00459037
0.00456085
0.00450459
0.00446989
0.00441535
0.00447661
0.00442388
0.00439877
0.00434317
0.00429911
0.00427002
0.00422161
0.00419964
0.00415944
0.00411303
0.00406568
0.00403195
0.0040108
0.00396629
0.00392239
0.00388448
0.00385311
0.00386575
0.00388451
0.00384835
0.00381494
0.00377561
0.00373821
0.00371913
0.00368652
