5.07971
5.1627
5.08765
5.08883
5.06752
5.05671
5.03921
5.01478
4.99046
5.0021
5.00278
5.00701
5.00499
5.01179
5.0051
5.00155
4.99762
5.00245
4.99843
5.00109
4.99657
4.99561
5.0032
5.0061
5.003
5.00481
4.99665
4.9975
4.99572
4.99748
4.99989
4.9997
4.99261
4.98968
4.99312
4.99365
4.99428
4.99541
4.99062
4.99112
4.99641
4.99789
4.99771
5.0004
4.99947
4.99732
4.99258
4.99318
4.99188
4.99443
4.99277
4.99273
4.99253
4.9905
4.99028
4.99275
4.9945
4.99259
4.9906
4.99111
4.99063
4.99175
4.99305
4.99013
4.99147
4.99191
4.99367
4.99246
4.99384
4.99357
4.99255
4.99464
4.99359
4.99305
4.99037
4.99058
4.99378
4.99375
4.99427
4.99743
4.99838
4.99821
4.9986
4.99684
4.99759
4.99818
4.99839
4.99761
4.99906
4.99785
4.99889
4.99883
4.99701
4.99672
4.99502
4.99547
4.99556
4.99525
4.99428
4.99511
