1.48348
1.48066
1.49696
1.49506
1.5032
1.49754
1.48885
1.48658
1.49138
1.48904
1.49324
1.4949
1.4934
1.49137
1.48976
1.48762
1.48406
1.48442
1.48603
1.48842
1.48869
1.48635
1.48579
1.48678
1.48834
1.48904
1.49013
1.49013
1.4902
1.49071
1.49053
1.4903
1.49039
1.48936
1.49025
1.49288
1.49373
1.49384
1.49367
1.49396
1.49357
1.49366
1.49371
1.49429
1.49548
1.496
1.49607
1.49555
1.49609
1.49562
1.49552
1.49476
1.49401
1.49447
1.49383
1.49391
1.49575
1.49573
1.49543
1.49499
1.49557
1.49671
1.49591
1.49732
1.49631
1.49689
1.4977
1.4972
1.49704
1.49813
1.4985
1.49796
1.49888
1.49886
1.49865
1.49831
1.49793
1.49917
1.49934
1.49954
1.49967
1.50027
1.50055
1.4999
1.49988
1.50037
1.50114
1.50187
1.50171
1.50209
1.50094
1.50139
1.50153
1.50089
1.50017
1.49934
1.4991
1.49949
1.49889
1.49922
