2.50992
-0.0924507
-1.2569
-1.76402
-0.0653975
-0.29325
-0.235367
-0.99675
-0.156012
-0.871273
-0.163777
-0.637673
0.491569
1.83772
1.60167
-0.119925
0.711092
-0.0239218
-2.00511
-1.32261
0.645626
-0.43402
0.190682
0.394461
0.208307
-0.444146
-0.155627
-0.092665
2.30732
0.54766
-0.0826546
0.903824
0.520157
-1.40444
1.56206
0.163892
0.619262
-3.18437
0.014815
-0.749297
0.125632
-0.667256
0.353471
-0.25503
-0.371182
-0.643673
-0.262185
0.3713
2.11252
0.172029
2.03626
-0.196619
0.907218
-1.15009
0.47529
1.58734
-0.113098
0.195138
0.343016
0.100086
1.53449
-0.332172
-0.581936
-0.539138
-1.32881
-0.433017
-0.107579
-2.52533
-0.594832
-3.25069
-0.301439
2.04922
0.134846
-0.387425
0.514401
-1.02815
1.80135
0.554208
-0.103725
-0.126775
0.793721
-1.37894
0.456348
0.970895
-0.129639
0.318436
-1.25225
-1.0149
1.43745
-1.8687
-0.316093
-0.344965
0.563745
-0.0909498
-0.491728
-0.348151
2.0652
-0.205787
0.266331
0.827267
-1.77204
-1.08865
-1.5224
-1.84412
1.67763
-1.32118
-1.05484
0.0723954
-0.278777
-0.183865
-0.484175
-0.246693
0.605703
-0.243362
0.449903
1.65213
-0.0534191
-0.424658
-0.512415
0.297177
-0.174998
-2.21817
-0.704787
-0.3357
-0.0421706
2.85571
0.506902
-0.80504
1.71755
0.827123
1.47091
-0.0827982
1.38284
0.140055
-0.201519
-0.31017
-1.48772
0.978904
0.464762
-0.210016
0.0371007
-0.835749
0.610527
0.807488
-0.711949
0.716692
0.53453
-3.09652
-0.982947
0.539798
1.41455
0.307343
0.4318
-0.947529
0.224108
-0.0884784
0.437038
-0.883691
-2.50433
-0.481871
-1.02116
-0.302895
0.216368
0.598524
1.03879
-0.0518391
0.122341
-0.028451
-0.0907954
3.11794
-1.07761
-0.884947
-1.58945
0.141184
-2.07243
0.611668
-0.825504
0.0787266
-0.365179
-1.69001
-0.0416702
1.46469
0.389274
0.712007
1.83474
-0.52217
-0.431254
0.306724
1.12693
0.12512
0.796061
-1.18667
0.161801
0.48204
0.896326
-2.16316
-0.568539
0.924836
-0.551112
0.130405
-1.65567
-2.04108
-1.20791
1.10462
0.649726
0.00277422
-0.805988
0.362842
-0.467159
0.248596
0.417003
0.0528685
0.400246
-0.933308
-0.469361
-0.19953
-1.21494
0.777616
-0.394888
2.22748
0.402847
-0.266758
0.100654
-0.630913
-1.19317
-0.458233
-0.70108
-0.487372
-0.979666
-0.280012
-1.01761
-0.524
-0.719284
-1.85287
-0.51122
-0.555963
0.731689
0.192916
0.339768
0.697899
-0.173409
1.10324
1.08164
-0.340745
0.526424
0.876516
-0.176579
-2.2991
-0.153465
-2.94281
0.295668
-0.431364
1.34495
-1.00024
0.665868
-0.311919
-0.295396
0.382065
0.78334
0.976133
-0.230615
1.028
0.131959
-0.0267851
-0.223085
-2.15136
0.165248
0.200789
-1.25672
0.356273
1.02329
-1.13152
0.017302
0.575185
-2.62432
0.296165
0.913197
-2.03934
0.432385
0.103746
-0.415738
-0.721143
0.0117603
-0.51233
0.288515
-1.47497
2.57444
-0.13859
-3.26257
-0.336551
0.694068
0.392372
-0.533037
0.135025
0.0868208
-0.273437
0.858167
-0.206717
-1.30834
-0.240256
0.172119
2.14258
-0.351253
-1.26607
0.195129
0.350541
-0.243097
-0.158501
-0.786944
-0.0806897
-2.5157
1.11172
-0.0615356
0.968916
-0.432765
-1.60827
0.609893
0.197952
-0.361627
1.37388
1.61152
-0.98992
1.59595
-0.373213
0.865212
1.10378
0.276478
-0.501521
1.14999
0.054006
-0.961287
0.0895375
0.163585
-0.649034
-0.276211
1.15248
-0.89278
-0.477211
1.4502
0.132883
-2.97516
-1.51873
-2.29715
-0.000156699
0.0319546
0.405979
-0.0673526
-0.191448
-0.0112092
-0.277857
1.59631
2.59962
1.11033
0.417538
-0.898636
0.620578
-0.0262402
1.12092
0.150995
1.42939
0.406824
-0.706867
-0.112125
-0.0266515
-2.32434
0.539561
-1.28492
0.903601
-0.119887
2.38584
1.13787
-0.385633
-1.19645
0.587913
0.303191
0.198864
1.05029
0.269119
1.03237
-0.598037
1.21521
1.21051
0.686984
0.338539
1.07015
0.944161
-0.800374
0.995728
0.042903
-1.09518
-4.2575
-0.168753
-1.20775
-1.27248
1.49275
-0.445894
-0.619502
-0.655701
0.209264
-0.677879
-1.24872
-0.583467
1.18973
0.0159478
-0.986091
-0.773937
1.19211
0.643454
-0.299432
-1.51583
1.12053
2.14077
0.0963716
0.131167
-0.459612
-1.88119
1.02323
0.0912787
0.12181
-1.11952
1.86415
-0.723624
0.363713
0.109705
0.251751
2.53743
-0.777845
-0.213815
1.17304
-1.72231
0.139512
1.56254
0.67534
-1.24035
1.2645
-0.380526
-0.587099
0.80996
-0.108381
0.434857
0.2413
0.448862
0.296057
-0.502155
1.09975
0.0492557
0.0723295
0.0233903
-0.0945868
0.0585875
-1.15439
0.631325
0.456365
-1.21226
-1.44051
-0.524305
0.57692
-0.995961
-1.17127
-1.48496
-1.34289
0.596081
-0.567443
1.63767
0.272756
0.500373
1.45835
-0.946523
-0.784007
1.04449
-0.0108193
0.894247
-0.326373
0.552946
1.87027
-1.2033
-0.177415
1.21979
-0.168117
0.640603
-0.172113
1.34621
-0.3069
1.10904
-0.152853
-0.0993608
-0.463442
-0.10592
-0.320912
0.542336
0.256867
-1.58795
0.53908
-1.61791
-1.02857
0.355324
-0.271728
-0.104074
0.686607
0.406024
-0.280879
1.54804
-0.879521
-1.44542
-1.9446
0.556675
0.58028
0.570015
-0.164516
1.03842
-1.55911
3.50885
-1.25088
-0.423304
0.910022
0.416318
-0.498155
-1.01546
0.115347
0.221373
-0.580937
-0.522393
0.061886
-2.1973
-0.209588
0.564834
-0.223499
-0.116389
0.213568
0.422662
-0.963487
0.581821
0.391763
-1.97277
0.000177314
0.68376
0.225821
0.303421
1.74335
0.239914
-1.75996
0.200298
-0.54852
-0.90077
0.127953
0.518706
-0.231385
0.112979
-0.142615
-0.438391
-1.44416
-1.88853
0.777199
0.824367
-0.246183
-0.727705
0.630562
-0.765456
2.23492
0.180607
-2.63398
-0.863062
-0.220208
0.804197
-0.40591
-0.187199
-0.864766
-0.560447
0.526477
1.34717
0.126862
-0.556867
-1.63596
-0.00363139
0.964565
-0.0190534
-0.680195
0.898521
-0.215873
0.00101944
-1.11208
2.3973
0.158986
1.11757
-1.5979
1.3112
-0.819884
-1.05622
1.07855
-0.0103825
0.340789
0.215432
0.231168
-0.413796
-2.41608
0.00456263
0.123998
1.34315
0.170905
-1.03207
-1.93691
0.252831
2.05581
-0.782556
0.134981
0.168402
-1.29993
-1.24904
0.158901
1.27186
2.0703
0.324184
-0.142278
0.500823
2.0409
-0.184224
-0.104749
0.523529
0.120248
-0.014852
0.0510143
0.469269
-0.137909
-0.344311
-0.704305
-0.760371
0.65316
3.01851
0.490461
2.42076
-0.905661
-0.94705
0.567135
-1.07863
0.573555
-0.0532125
0.358151
-1.66699
0.0885425
1.40859
1.81795
0.211774
-0.053867
1.98161
-0.0805264
-0.803132
-0.000454402
0.34449
-0.229171
-0.0293413
-0.0974715
-0.745369
-1.00677
0.00768974
0.812804
0.352314
-0.0781642
-0.205697
-0.652926
-0.44488
0.810175
0.214929
-1.47156
-0.390091
-1.02399
-0.111122
-0.0421411
0.538231
-0.955587
-0.183106
0.867036
0.61899
1.45517
0.949495
0.276796
0.264741
-1.10512
-3.19942
0.750274
0.208331
0.360128
-1.03847
0.112107
-0.0349488
0.808785
0.618318
1.5951
0.311849
0.392565
0.565567
-0.121304
-0.345332
0.364944
0.0419267
1.83298
-0.60522
-1.12755
-1.52436
0.19857
0.461844
0.850769
0.229312
0.416959
0.644828
-0.264696
0.339569
0.0275792
-1.56928
0.42459
1.87578
-0.243847
1.59739
-0.23993
-0.579723
0.752233
0.805881
0.0978899
-0.413885
2.0712
-0.305386
0.160092
-1.95127
0.743282
0.34207
-1.27309
0.581468
-0.962304
0.545886
0.035535
-1.20405
-0.0642601
0.610419
-0.456199
-0.414447
-1.23702
-0.0309972
-0.55145
-1.10617
-1.01175
-0.0417838
0.0710777
0.04787
0.942583
-0.370681
0.466832
0.792266
0.191925
-4.6965
0.360192
0.961329
0.474331
-0.0640112
0.672394
-2.65097
0.356851
-0.227688
0.275211
-1.3179
-0.230873
-0.271849
0.675641
-0.226982
0.532768
-0.416431
0.0960521
-0.220685
-0.157838
0.699851
-0.579952
-0.611497
0.258395
0.246253
-0.40429
0.812191
-1.05277
-1.48192
-0.43512
2.95428
-0.235734
-0.90065
-0.502871
-0.0302882
0.372635
-1.17577
0.640302
-0.273204
-1.04376
0.214354
-0.370781
1.68795
0.803466
-0.320253
-0.638699
0.00372563
-0.260702
0.476956
-0.144927
0.272519
-0.00162781
-1.09148
0.627253
0.402904
-0.07912
-1.38277
1.11268
-0.0897854
-0.505215
1.23468
-0.44704
1.88346
1.40777
-0.339579
-1.19801
-0.249728
-1.19149
-0.330105
-0.877015
1.10934
-0.640174
-0.99981
-0.0687297
-0.460975
-0.164633
2.85689
-0.18308
2.1032
0.178596
0.0967343
0.846729
-0.865744
-1.85745
-0.0628025
-0.530329
-0.778831
-0.146601
0.378729
1.17818
-0.126062
0.510552
0.0661195
0.307309
-0.192782
-0.891151
-0.0300718
0.507968
0.575005
0.490847
0.444242
-0.102736
2.76651
-2.12853
0.0121624
-0.790475
0.305847
-0.0222854
-1.02919
0.504438
1.26608
0.697552
0.497032
0.346363
-0.276362
0.0313661
0.539854
0.501233
1.19722
2.39772
0.279722
0.25392
-0.333673
-0.637838
1.74601
-0.539718
-0.0761523
0.531251
0.478064
-0.577205
0.657491
0.313563
-0.322396
0.0133155
-0.249288
-1.92257
0.199535
-0.50036
1.43656
-2.84544
-0.449068
-0.0810247
-1.06032
1.09158
-0.620753
0.0704094
-0.0750709
0.588737
-0.650281
0.168504
0.892266
0.359429
0.369807
3.23315
-1.46828
1.00584
-0.648415
0.317891
0.252338
2.25611
0.0604817
0.334465
-1.03126
-1.17504
0.34612
-0.722844
1.02627
1.93873
-0.00351844
-0.392083
-0.113208
-0.226326
0.681775
-0.0362153
0.898003
0.536625
-0.773132
0.0831713
0.211789
0.211263
2.10655
-1.01877
1.27423
0.285616
1.48619
-0.622655
0.249944
1.29973
0.249676
-0.162256
-0.33937
-0.0707786
-0.234937
-0.380169
-0.493374
-0.809564
-3.74733
0.148998
-1.34391
-0.528332
0.79584
2.51093
2.32864
1.33165
-0.78648
-1.54067
1.03566
-0.0190281
-0.479388
-0.05011
0.198108
-0.333345
0.876695
-0.416087
0.0361775
0.0646451
0.402772
0.0195515
-0.904901
-0.7876
0.302996
1.11032
-0.187114
2.08979
0.650899
-1.70306
0.394946
0.492292
-0.908291
-1.07271
0.157488
0.462526
-0.0767657
0.533594
-0.136404
-2.89726
-1.49107
1.26605
-1.03911
0.874551
0.303096
-0.226587
0.882531
-0.82744
0.286226
-0.246066
-1.76253
-0.351794
0.491294
-1.54503
0.950489
1.09675
0.314328
-0.672012
1.10079
0.679324
0.936108
-0.350545
0.314374
-0.31281
0.0587988
0.923139
0.797264
0.856
-0.183562
-0.24468
-0.713405
1.09813
-0.457536
1.75202
-1.30658
-0.259423
0.4338
2.36656
1.39614
1.1191
0.266095
-0.0650991
0.53929
-0.131461
1.75787
-1.71615
-2.35897
-0.186725
0.921643
-1.04253
1.78669
-1.43481
-1.11712
-0.410571
-0.803085
0.679571
-1.33501
0.944255
-0.735844
0.285637
0.373344
-1.03615
0.909571
1.28865
-1.19958
-0.368712
-0.205013
-0.533523
-1.67092
0.157254
1.60887
-0.125982
0.406317
-0.219797
0.774626
1.12844
0.139229
-1.8582
0.396342
0.354695
0.193284
-0.148661
-0.0685808
-0.161885
0.404664
2.39986
-0.285171
-1.18006
-3.11854
0.735009
-0.822699
-0.232378
0.905072
1.31835
-1.10462
-0.398396
0.383478
-0.70053
2.5764
-0.301708
-0.85854
0.60306
0.900572
0.306253
0.479675
0.378299
0.852456
-0.223743
-0.253842
-0.144721
1.92868
2.44193
0.338899
0.488851
2.64038
-0.489289
0.24032
-0.378787
-1.27087
0.152248
-1.05529
0.027661
-0.635779
-0.494545
-0.40592
-0.0508977
0.576364
-0.312943
-2.43567
-0.925718
0.657652
-0.0596819
0.143541
0.149497
-1.59963
-0.674156
-1.16976
0.16201
-0.502551
-2.36714
-0.427398
0.574546
-1.10445
2.48169
1.37975
0.918937
-0.222514
-0.985502
-0.297995
-1.03498
0.585023
0.149276
-0.927604
-0.487526
-0.391983
0.631777
-0.227438
0.600155
1.51062
-3.02072
-0.507193
-3.52469
-1.79362
-0.704221
-1.15306
2.39828
0.799624
0.326719
0.258931
1.44509
-0.786807
0.106541
-0.423563
-2.48981
-0.273256
-1.33347
-0.277101
0.0376222
-0.181084
2.3936
0.180016
-0.131212
-1.63794
-2.25851
-0.621944
-0.524279
-0.762837
1.79756
-2.48336
-0.338816
-0.775396
-0.424145
-2.04497
-0.175817
0.465058
1.33186
0.360986
-0.868004
-0.157132
-0.951815
0.232722
-0.177309
-0.571075
-0.654761
0.36064
-0.753199
-1.89877
1.22946
0.823831
0.549696
2.57372
-1.22139
0.376974
0.80979
-0.546452
-0.202887
-0.818204
-1.03469
-1.16388
1.44238
0.64575
-0.269723
0.893403
-0.221075
-0.239786
0.126774
1.46448
0.539861
-0.988274
1.42291
1.17934
-0.1848
-0.142384
-0.335233
-1.43141
1.26996
-1.5823
1.0771
-0.514343
-1.67593
0.436608
-0.0899159
0.814007
0.158216
-1.55158
-0.00576444
-0.741358
-3.14126
-0.500991
0.377848
-0.767371
1.00885
0.66109
0.849646
-0.420838
-2.05342
-1.53361
0.281313
-0.378082
0.335005
0.0395388
3.39508
-0.232934
-0.654638
-0.351405
0.425528
2.48794
-0.0089342
-0.647123
-0.355631
-0.502812
1.35962
-1.00377
0.454909
0.0869668
0.190803
-0.834963
-3.31718
-0.551742
-1.59657
-0.266828
-0.871536
0.436269
-0.936476
0.14404
0.122138
1.00642
0.00182287
1.45816
-0.823511
-1.33002
1.5741
0.24294
0.528334
2.14307
0.521787
0.650935
0.181238
-0.758994
0.471139
-1.07043
1.0433
-0.814799
-1.66347
0.502836
-0.762599
0.578319
0.0784426
-1.12118
0.603456
0.432321
-0.746205
-1.56913
-0.726409
-0.943931
-0.210721
-1.14509
-0.719274
0.67471
0.131592
-0.178383
-1.19033
0.294107
0.746278
0.398705
-0.628037
-0.106846
-1.01704
0.462257
-0.474491
-0.352736
-0.865578
-0.436685
0.494056
0.0374129
-1.51876
0.444428
-1.86953
0.121957
-0.380007
1.6257
-1.15339
-1.53629
0.172064
0.771666
0.726862
-1.76306
-0.149677
1.02761
0.423264
1.03472
1.18527
-1.0033
0.876038
0.857704
1.30614
-0.695822
-1.76808
0.139715
-0.804765
0.927552
0.130369
-0.60995
-0.922258
0.406635
-1.19624
-1.23403
0.123567
-1.34512
1.25384
-1.34206
-0.204378
0.126299
0.650263
-0.250291
-0.382603
-0.436589
0.48025
0.145949
1.67854
-0.539265
0.692566
0.692797
-0.162493
2.97252
0.105864
1.8849
-0.0108559
-1.57027
-0.817827
-0.69905
0.187887
0.090187
-1.6281
-0.619016
1.1534
-0.678662
0.571482
-0.529192
0.223149
-1.60473
-1.53571
0.535578
2.01591
-0.346465
-0.143337
1.10605
0.549527
0.218207
0.833139
-0.613977
0.722846
0.487721
-0.345815
0.392261
0.433076
0.278276
-0.0348544
0.287129
-0.673744
0.395066
1.01423
0.00807658
0.17434
0.154393
1.9687
1.51245
0.957235
-0.777752
0.37509
-0.629247
-0.0558659
1.608
-1.01399
-0.00591053
0.288163
0.261529
-0.408205
-0.463217
-1.38955
0.110889
0.82232
-2.30668
0.301922
3.12761
-0.661901
0.617886
-0.605593
0.0799652
0.480804
-0.211037
0.0413527
0.287793
0.511275
0.436844
-0.20251
0.280757
0.253662
-0.0872227
0.677417
1.43563
0.263062
-1.27348
-0.308114
1.40327
-0.330666
-0.294882
0.116499
0.0705922
0.0144936
0.777214
-0.218103
-0.683173
-1.11427
-0.749441
0.183145
-0.17508
-0.267906
-0.005582
-1.08137
-1.70167
-0.342162
0.862594
1.15204
1.71854
-0.962674
0.214504
0.110774
-0.546847
-0.15031
-0.907176
0.138411
0.0722684
1.11095
-0.167158
-0.298515
-3.18591
-0.756655
1.31269
0.0860936
-0.401189
-0.207057
0.925789
0.388637
-0.889902
1.32322
-1.85986
0.44592
-0.775514
1.99607
0.19847
-0.0968028
0.687625
-1.09352
-2.06082
0.8987
1.23439
-0.295537
0.136064
1.24148
-1.68128
0.20666
0.473368
-1.05949
1.43533
-0.638229
-2.32284
0.404541
-1.71811
0.425698
-0.290311
-0.315487
1.43848
-1.60566
1.15679
-1.04633
-0.595936
-0.552953
2.72079
-0.268353
0.0952657
-1.28671
-0.160692
-2.62673
-0.212152
-2.14995
0.860074
-0.177185
0.143923
-0.809397
1.19445
-0.292402
-0.783261
-1.48943
0.562539
1.5584
1.44422
-0.0459058
-2.11024
-0.237263
-0.431425
1.92224
-0.00215303
0.613223
0.537894
1.05945
-0.0702778
1.77749
0.134662
-0.328674
0.646789
-1.54609
-1.38218
2.23118
-1.04338
-0.94644
2.18405
0.948078
-0.0202156
-1.08436
-0.512135
-0.357911
0.85074
0.773658
0.371902
-1.31996
-0.888938
1.19898
0.175927
-0.737112
1.84908
-0.11865
-0.0725936
-1.22784
-1.04952
-1.63506
1.19371
-0.350692
0.746627
0.665015
-0.903505
-0.236813
0.0420673
0.21123
2.27928
1.01179
0.178608
0.382403
-0.428092
-0.221955
-0.00472096
0.970018
0.557409
-1.08554
-1.36771
0.620614
0.465619
0.638554
0.323891
-1.35336
0.0594489
0.158046
-1.1855
0.00457577
-0.100256
0.168686
0.611984
0.660443
0.00288503
-0.05672
-0.975668
-0.720067
0.00904867
-0.00734952
-1.71747
0.343647
0.675379
0.494574
-0.695069
-0.744282
-0.134739
-1.86214
0.312737
0.345506
-0.178182
-1.85631
-0.620088
0.690407
-2.28492
0.518832
0.436572
0.448848
-0.317472
-0.234005
-1.52841
1.50681
-1.35893
-0.185296
1.70362
-0.438295
0.651131
-0.208294
-1.09131
-0.641531
-0.670199
0.706375
-0.232259
-1.67086
0.425689
0.314978
-0.47493
-2.12889
-1.00996
-0.3266
-0.627557
1.40575
0.188399
0.074698
-0.136752
-0.948344
0.0530565
-0.185077
-0.588329
-1.41424
-0.264657
-1.61706
0.161938
-1.48025
0.0906306
0.365732
-1.16236
1.30272
-0.237804
0.0414487
0.912763
0.189096
1.83658
-0.537479
-0.417578
-0.0188664
0.383302
-0.0673839
0.748495
-0.798271
-1.91129
0.117288
1.23105
-2.51492
0.340217
2.10324
-0.607276
1.38642
0.0805575
-0.315695
-0.242514
0.416851
-0.298565
1.32354
-0.088321
-1.62264
-3.36625
1.05275
-0.455163
-0.106506
-1.32067
1.3225
0.432603
0.267364
0.647532
-0.963249
0.584207
0.177748
0.624531
-0.277044
0.423085
-0.898136
0.150688
-0.924875
-0.0770325
-0.145918
0.102476
-0.319236
1.84528
-2.01481
-0.457083
-1.7766
-0.331706
2.78681
-0.0146561
-0.547298
-1.45828
-0.975297
-1.61427
-1.05458
-0.300166
0.555335
1.46509
-1.46162
1.22087
-0.0868168
0.182933
-0.113074
0.469658
-0.183527
0.367629
-0.912419
0.152174
0.262066
-0.821664
0.379305
-1.36671
1.81215
0.573536
0.241844
-0.391527
1.28513
0.711449
-0.172875
0.16958
0.621697
0.237368
-0.0243489
0.792745
0.128491
-1.69369
0.589324
0.455671
0.793888
-1.28947
0.0172457
-0.682801
-1.54975
-1.27909
1.12283
-0.0134676
0.672088
-0.969935
-0.423915
0.961186
0.826886
0.294932
-0.513248
-0.828389
0.600367
0.518593
0.550695
1.67544
-0.882694
-0.148389
-0.975733
-0.114352
-3.57584
-0.43208
-0.503756
0.553941
0.716764
-0.474711
-0.175776
-2.15831
0.131469
0.253049
0.529694
-0.225041
0.0223612
-0.0846102
-0.689572
0.363427
-1.83843
-0.433541
-0.0842327
0.495933
3.26249
0.957046
-0.406281
0.308155
-2.19886
0.0962459
-0.467827
0.221832
-0.258374
-2.37938
0.169803
-0.00297519
0.929414
-0.254122
1.98221
1.81848
-0.217675
-0.804417
0.0363272
-0.608301
0.0420874
-1.09645
-2.51953
-1.13425
-0.0532661
1.11349
-0.971608
-0.533853
-0.747071
-0.894388
0.876029
-0.905371
0.24027
0.383506
-0.845797
2.056
-0.598538
-1.92325
-1.3548
-2.38805
-0.175443
-0.306522
0.833263
-1.13447
-0.433835
0.352424
-0.626018
-0.128759
-1.60112
0.268694
0.198408
-1.89752
-0.432503
-0.722496
1.31107
0.449005
-0.868056
-0.642427
-1.04329
0.131672
0.184403
0.36798
0.429589
-0.334848
2.62733
-0.0735733
-0.343876
-1.79407
-1.19081
0.120426
0.394014
2.01292
-1.08764
1.90922
-0.615046
0.00687634
0.601354
-1.52865
-0.555062
-1.14363
-0.133158
0.0757276
0.186666
0.964988
0.653928
0.537709
2.3214
-1.04116
0.192024
-0.104093
-0.67759
-2.25366
0.504846
-1.25423
1.27298
0.204986
0.840343
0.540603
-0.274095
0.973479
1.41301
-1.64659
0.0688801
0.79138
0.00909847
-0.236868
0.128102
0.102861
-0.929852
-1.9784
1.74465
-0.685577
0.249855
0.0623646
-0.986116
-0.236354
0.588206
-0.275251
0.132228
-0.21906
-1.61476
0.822642
0.215536
0.297338
-0.101629
-0.667765
0.20975
1.6169
0.223368
0.718473
-0.540013
-1.67629
-0.784723
0.105601
1.70982
0.690089
-0.129532
1.12275
-0.14984
1.34925
0.760827
0.164552
0.421412
-0.307983
1.90138
-0.161486
0.908005
-0.759156
0.180673
-0.588557
1.45662
-0.0810943
0.408138
0.657057
-0.434277
-1.07585
0.0985964
-0.120963
-0.94833
0.478533
0.907044
0.937615
-1.68966
-0.151502
-1.08126
0.478852
-1.35105
-1.75517
-0.575218
0.405078
0.276815
-0.219572
0.437108
-0.340386
0.350159
-1.20839
0.358253
-0.936743
-0.387621
0.369081
0.301983
2.50996
1.31658
-1.6611
0.0690737
0.330783
