-1.10596
-0.576169
4.47295
1.16553
-0.761121
0.51931
0.757686
1.61415
0.11625
-0.897919
1.54852
0.195187
-0.591236
0.3752
0.706841
-0.542035
0.0264403
-1.322
0.784699
0.366457
0.139651
-0.625387
-2.79042
0.183141
-0.551564
0.155927
0.25654
0.196342
0.740733
0.48106
0.23294
-1.10544
1.10771
0.937789
-1.84557
-1.24964
1.06203
-0.287232
-0.394731
0.205062
-0.158216
-0.508595
3.08266
-0.431682
-0.496691
-0.0358738
0.644239
0.120585
-0.114919
0.775974
-0.490413
-0.360087
-1.67586
0.0549858
-0.741061
-1.33887
-0.0506497
-0.6704
-0.352281
2.1533
0.426481
-2.50776
-0.491795
0.316538
0.472812
-0.831847
0.28949
-1.29056
-1.08474
-1.55426
-0.903058
-0.559921
1.09153
0.320672
-0.241067
-0.04517
-0.213454
-0.375735
0.328265
0.322894
0.205
-0.0443758
0.794815
-1.08132
-0.890193
-0.431734
-1.72067
0.521502
0.601261
-0.681035
0.172037
0.285404
-0.543306
-0.434232
-1.40594
-1.74514
-0.505471
-0.329583
0.852918
-2.35155
0.372339
0.362218
-0.531928
-0.458514
-0.967732
0.329512
0.634431
0.981371
1.29758
0.788506
1.11501
2.54773
-0.275046
-0.353916
0.369149
0.911736
-0.217135
1.03656
0.129204
2.19195
-2.19327
0.798517
-2.3816
0.203826
0.172338
1.49431
-0.00727912
-0.0265514
0.0680095
0.40239
1.06485
-0.552044
-0.0678566
0.33472
-0.169663
-3.29907
0.13781
0.308861
-0.548634
0.673826
-0.0394704
-0.411306
0.491316
1.24308
0.529876
0.536868
0.208621
-1.01496
-0.73135
0.73445
-0.541167
-1.49423
-2.7483
-0.482103
-0.244753
0.420292
-0.0886411
-0.153154
0.348564
-0.00783079
0.620949
-0.0563081
0.29879
-1.63992
0.855286
0.413254
-0.29042
-0.413672
0.184435
1.12979
0.20765
-0.747835
-0.775062
0.144018
0.825004
-0.62384
-0.108582
-0.01733
0.22505
1.67999
-0.137079
-1.67885
-1.32796
-1.4113
-0.511088
-0.135857
0.146089
-0.383671
-0.584165
-0.270157
0.30952
0.0478306
-0.258148
1.86832
0.593038
1.3506
-0.800042
0.153689
1.12139
1.16968
-1.10966
-2.67609
0.0218211
0.481821
-0.463554
0.0421775
0.598535
2.14816
-1.63817
0.58882
-0.120095
-1.1939
-0.163152
-1.05277
0.816527
0.714217
0.613293
-0.210082
1.21623
-0.751376
-0.264156
1.63128
-0.529586
-0.0694001
1.11975
0.712799
-0.293079
0.592892
-0.47066
0.803179
-0.605565
-0.363105
0.759911
1.11526
0.255906
0.60312
2.80983
-3.03134
0.156758
-0.667745
0.599665
-0.305589
0.293722
-1.1274
-0.87618
0.251669
0.195445
-1.15464
1.70606
0.903927
-1.0757
-1.25884
-0.232904
-0.125155
-1.69548
-1.30725
0.261609
0.106481
0.346273
0.932292
-0.401648
0.420445
0.554105
-1.41299
-0.230697
-2.31002
0.057377
0.60213
-0.258201
0.493427
1.07677
-0.351369
-0.664959
-0.0366331
0.517172
0.672206
1.75174
-0.928071
-0.0885981
-1.09067
-0.236485
0.742646
-2.4446
-0.618746
0.74961
0.597068
-0.41231
-1.57241
-1.68605
0.0892892
0.292151
0.732759
-0.0172153
2.01945
-0.487852
0.334494
1.06023
-0.721162
-0.64857
0.717222
-0.388898
0.85409
-0.334912
-0.365499
-0.591635
-0.166934
0.766857
-1.37432
0.645373
0.364337
-0.154585
0.885124
1.22271
3.08718
0.578556
-0.266101
-0.771256
-0.385553
1.0236
-0.776754
-3.05402
-1.31434
-0.483718
-0.263719
-0.40346
0.815999
-0.569479
1.15935
0.0227647
-0.177699
-0.115088
-0.369201
-0.34362
-1.64999
0.549049
0.341395
-0.0682486
0.475913
0.700437
0.336838
2.32626
-0.791306
0.0950194
-0.671887
1.31395
0.543852
0.443438
-0.468284
-0.528551
0.76813
-0.755434
-0.720607
0.0348565
0.998107
0.135324
2.63891
-0.468486
0.247815
-0.531591
-0.366133
0.546541
-0.336948
-1.07429
0.398637
0.825424
0.0949845
1.10148
1.0726
0.208316
3.63631
1.64279
-0.779612
-1.1125
0.340308
0.922132
0.112578
-0.580842
0.0354984
-0.68525
-0.673253
0.178465
-0.80866
-0.182024
0.181877
0.492103
-0.138324
-0.418636
-0.0415235
4.11511
-0.00911096
0.152628
-1.28352
-4.02083
-0.575276
-2.02306
-0.750202
0.436024
-0.100414
-0.33231
-1.51133
0.523658
-1.44896
1.5586
-0.993342
1.6224
-1.14683
-0.321509
0.564542
0.392565
0.316804
-2.27468
-0.587006
1.28307
0.924144
-0.813059
1.23753
-2.69146
-0.0849022
-0.112857
-1.38792
0.423486
-0.414858
-0.0339552
0.45598
2.0698
0.463119
0.962294
0.165017
2.30884
-1.67997
1.49136
0.159965
-0.555364
-0.431213
-0.959459
0.410434
-0.404921
0.464382
-0.131304
-0.858256
-1.25184
-1.64623
-0.570787
1.38819
-1.24502
-0.801274
-0.532134
-1.54977
0.694797
-0.0295501
0.819495
0.380582
-0.768149
0.287229
-1.11219
0.65216
-0.510535
-3.00613
-2.11661
0.374136
-0.221619
-0.504364
0.673603
0.0666461
0.766248
0.545491
-2.05701
-1.25541
-0.272108
0.609707
-0.448682
0.636001
0.526862
-0.728736
-0.483892
-1.29556
0.347732
0.60719
-0.343622
1.81607
-0.714106
0.649684
-0.27779
0.63604
0.732427
1.87805
-0.10922
1.09437
0.938774
0.647285
0.440714
0.612424
-0.900104
0.683222
0.099347
0.959179
-0.353162
0.640666
0.43115
1.0857
-0.402315
0.445115
-0.0750714
-1.53315
-1.23129
-1.07745
-0.250109
-0.635742
1.26618
-1.40666
0.182384
-0.58112
1.13865
0.000425316
-0.750052
-1.27468
0.145171
0.568031
0.131048
-1.97169
1.70176
0.0529306
-0.348566
-0.305165
-0.831162
1.27224
0.219191
0.288129
-0.973046
0.218854
0.24507
-0.3003
-0.7576
-2.85263
-0.456116
-1.05278
-0.404722
0.289714
-2.17419
-0.944904
-0.359291
-1.07249
2.46763
0.207807
-0.903793
0.0112564
-0.584467
-0.905603
0.483856
1.06728
0.304001
-1.15408
2.04897
-1.2203
1.69647
-1.87904
-0.440688
-0.346432
0.271796
0.251568
-0.3879
-1.18114
1.34904
-0.527827
1.01215
-0.879564
-1.22543
1.41069
-0.996173
0.172203
1.46417
-0.278755
0.763749
0.300168
0.747057
0.225353
-0.329505
0.452938
-0.0947643
-0.259839
0.665699
-0.463618
0.360423
-0.507413
0.482132
-0.403598
0.463951
0.551879
0.0742704
-0.497863
0.136342
-0.265818
-2.91181
-0.8326
-1.7736
0.350876
0.431074
0.565468
0.537288
-1.62203
-0.975169
-0.969579
1.74675
1.10071
-0.627741
-4.35285
0.706097
-0.00878533
-0.07373
-0.93398
0.865842
1.14453
-0.260788
-0.217507
1.33315
-0.284737
1.11076
1.58609
-0.19974
-0.832915
-0.13715
-1.70478
-0.530219
-0.58312
0.555516
-4.12267
-0.354545
-3.66029
-1.07933
-1.28275
-0.614816
0.173787
-0.37086
0.376034
-0.991733
0.0941408
0.430396
1.21228
-1.27153
-0.336011
-0.701244
0.374885
0.640897
1.28074
-1.66939
-0.937432
-0.0220696
0.994054
-1.43677
-1.64753
-1.25357
0.444309
-1.72973
0.448061
0.454876
-0.43878
-0.419313
-0.448784
0.516792
-1.5862
-1.07863
-0.273339
1.01155
1.89958
-0.220303
0.708062
-0.333548
-0.245262
0.719242
0.947793
1.64331
0.630221
0.668333
0.201341
1.68581
2.59116
-0.159519
0.243979
0.884293
-0.936613
0.581266
-0.77973
-1.14611
0.339951
-0.0127854
1.39288
0.963241
1.28681
3.01139
2.63912
1.46967
-0.122002
0.269781
-0.828641
1.82305
-0.0437822
0.62465
-0.578287
-0.602269
-0.190149
0.274641
-0.553252
1.44394
0.636668
-0.350343
1.51573
0.559309
0.226549
1.56276
-1.42862
0.427199
-1.14118
0.0234208
0.498737
-0.676035
-0.705981
0.118588
0.142633
-1.43302
-0.627915
1.07995
-1.75953
-0.961097
0.158121
0.504849
1.5618
-0.490626
0.080483
-0.108441
1.49742
-0.0304946
0.561198
1.15413
-1.56298
0.182195
0.606191
-1.44875
1.41192
-1.23431
-0.790822
0.475341
0.0153405
-0.704752
0.75283
0.866113
-0.121861
-0.404402
2.63474
0.224767
-1.0886
0.559759
2.16338
1.0433
0.0867698
-0.367444
0.731446
-0.608752
0.903948
-0.299122
1.17309
-0.03391
-0.255732
-1.38264
0.578816
0.237405
1.15954
0.117149
-0.50868
1.40562
-0.330924
1.8216
-0.068609
-0.0884026
0.411767
-0.140662
0.237858
0.932697
-1.04909
0.858904
-0.493329
-2.48981
-0.998545
1.57135
0.0943574
0.277712
-0.882349
-2.38527
-0.214003
-0.0050939
0.0633692
-0.716219
0.340293
2.17127
-0.352579
-0.426792
-1.03147
2.68258
-0.0422436
-0.0788717
-0.998571
0.139766
0.0682273
-0.104083
0.251981
0.938845
0.417208
0.647258
1.56953
-0.011157
-0.740028
-0.297836
0.150777
1.92108
-1.06797
0.480553
0.736477
-1.05996
-1.44092
-1.06867
-0.186718
0.181006
-0.0635548
-0.870151
0.245221
0.265512
0.490336
0.989093
-1.76967
-2.01029
-0.658103
0.112308
-0.22165
0.374589
-0.0296119
-0.92
-1.10277
0.35343
0.526743
-0.657847
1.03742
0.225157
2.055
0.660031
0.257485
-0.299689
0.669124
-0.35811
0.89085
-0.134703
-0.136137
-0.95032
-0.0640396
0.299476
-0.871722
-0.537472
0.819069
0.551109
1.64555
-0.659972
-0.0975004
0.0453118
0.203457
0.385043
0.0683835
0.0096696
0.149939
1.0526
0.477456
0.938747
-3.02443
-0.795527
0.380121
-1.48599
0.593257
-0.603252
-1.77187
-0.271641
0.13996
0.013181
-0.71054
0.709189
0.118106
0.862183
0.381348
-0.00209597
-2.72783
-1.42139
0.802768
0.459408
0.248346
0.428758
-2.39389
0.239907
-0.763739
0.721771
0.463817
-0.425582
0.745268
0.430394
-0.322392
0.9671
1.08768
-0.802216
0.379273
0.0913736
-0.459743
1.13582
-0.454056
-0.821117
-1.10792
0.890493
-1.37334
-0.373067
-0.309372
-0.69308
0.275313
-1.20422
0.0506754
-0.917567
0.0341514
0.115172
-0.350841
0.358677
-0.526798
0.657972
-0.11305
0.403289
-0.358872
-1.44039
0.729856
-0.464426
2.11094
-0.202109
-0.323984
0.0861813
0.928279
0.872546
0.74004
0.760964
0.169103
-0.68911
1.41148
-0.258036
1.26314
-1.05836
0.174526
-0.154968
-0.472784
0.129005
2.15871
0.08308
-2.28215
-0.935881
0.0956531
-0.426086
-1.08967
-0.490842
-0.138938
1.75996
-0.740063
0.731619
0.701796
-1.35474
-0.862136
0.282248
0.0239848
0.990495
-0.903227
-0.768003
0.364749
-0.849557
0.535942
-0.241083
0.523509
0.75344
-0.161891
1.19354
-0.195147
0.278164
0.252964
-0.113176
0.256603
-0.0607163
0.369665
-0.3854
-0.446369
-0.623387
0.146465
0.834964
-0.109892
0.170063
0.381174
-0.195129
-0.14931
0.802632
1.11725
0.20062
-0.431632
-0.517504
-1.33675
-2.04818
-1.46697
0.721017
0.692081
-1.357
-1.49503
1.09533
-2.22557
-1.04238
0.642679
0.697318
-1.15201
1.8303
-0.169019
-0.632236
0.697306
-0.749769
-0.555158
-2.07255
0.135635
-1.82248
0.818858
0.636535
-0.660207
-0.0564986
-0.422278
0.241639
1.65785
-1.88944
0.32791
-0.0561525
-0.635604
0.0101776
-0.164625
2.69546
-0.280493
0.143562
-0.121665
-3.24715
0.315006
0.0564753
-0.142142
0.78595
0.792068
1.36172
0.782915
1.33205
-0.142687
-1.33
-0.334187
0.106396
0.573151
0.727255
-0.664546
-0.659545
-1.19568
0.0743329
-0.0494824
-0.0797979
0.151256
-2.59361
-1.63973
1.2567
0.821829
-0.0372613
-0.68237
-0.249774
0.377243
1.29355
0.757917
0.507411
0.922551
0.838467
-0.177228
-0.377759
-0.5738
-1.6538
-0.783852
0.453054
0.265055
0.723175
-0.366609
-0.944636
-1.48356
-1.21808
0.777849
-1.11065
-0.625486
-0.451417
1.53401
-0.182315
-0.162048
-0.19349
1.35145
-1.18289
-0.195439
0.58216
3.01129
0.705342
-1.13579
0.475985
-2.01358
0.244484
0.215303
0.914072
-1.90636
-0.182084
1.63228
-0.835873
-0.143095
0.157979
-1.28182
0.587066
-0.38619
-0.999152
-0.217499
-0.406606
-0.00698848
0.408774
-0.922642
0.370706
-1.32176
0.507383
0.603377
0.429686
-0.680459
-0.0199973
-1.1255
0.803977
-1.67591
-0.649493
0.381563
-0.638014
1.47161
-0.0385926
-1.11838
1.65703
0.340147
0.370215
0.242307
-1.8757
0.568994
0.745853
-0.422318
-2.37879
-0.542225
0.213156
0.267775
1.21638
-1.40895
0.370923
-0.871679
-1.93872
-0.749852
0.255358
0.959874
-0.135292
-0.510902
0.27572
-0.493073
-0.312811
-0.906244
-0.0259913
-0.236122
-0.254387
0.46402
-1.13059
-0.1017
-0.136515
1.26922
3.95274
-1.08171
-0.755194
0.334302
-1.38102
-0.526293
0.0199968
0.39096
0.76666
2.57574
1.68503
0.605458
-2.01968
-0.765575
0.506048
-0.128961
-0.599769
0.34628
-0.064675
-0.165076
1.37898
-0.793844
0.552115
0.390366
0.387473
-4.23608
0.174208
-1.3474
-0.47551
-0.146631
-0.482608
1.99457
-1.39383
0.358471
-0.837338
-0.668571
0.236865
-0.963681
-0.168253
1.16769
0.420601
0.910441
0.549312
0.225768
-0.0562606
0.746049
0.0150517
1.98447
-1.87298
-2.08836
0.29068
0.970323
-0.412205
-0.0145911
0.221636
0.282664
-0.0860424
0.920056
-0.564877
0.012991
-1.62072
-0.549939
-0.575124
-1.2635
0.737333
0.517538
-0.726972
0.0985393
-0.97941
-0.510518
0.23542
-0.0259861
0.433917
0.387983
-0.787833
-0.615486
-1.07554
-1.72439
-0.380726
-0.526081
-0.156159
2.32047
-0.0398595
-1.02763
0.401552
0.540528
-0.697786
0.558713
-1.06654
-0.152689
0.444941
0.189984
0.56284
0.584885
0.0809231
0.763158
2.71812
0.223319
-0.0250263
1.1941
-2.32813
-0.575242
1.11819
0.284973
-1.31588
-0.212309
-0.0863601
1.29521
-0.658042
-1.35642
0.222359
-1.43581
1.09172
0.378451
0.570283
0.0937353
0.0321665
0.492501
0.131276
0.435615
0.3121
0.319092
-0.767935
-3.19875
0.368372
-0.298387
-0.378886
-1.1058
-0.926682
0.630476
0.000781673
-1.29529
0.194646
0.00455107
0.0888298
-0.593228
-0.415818
-0.101745
-0.854898
0.31812
-0.503338
1.67675
0.209153
-0.180013
-0.618367
0.416025
-0.0222378
-1.15284
-0.302624
0.303808
2.69088
1.40783
-0.633168
0.276416
1.48963
-0.455657
-0.285374
-1.54319
-0.792813
3.04432
0.479744
0.233329
1.26319
0.0803393
-0.31689
-0.721314
0.141913
-0.377932
-2.137
0.932107
0.0124483
-0.578524
1.12379
-0.363014
0.232992
-0.196
-0.524485
-0.742099
-0.415744
-0.868137
0.241476
0.123028
0.635931
0.417961
-1.14439
-0.139919
0.907733
-0.327572
-0.284564
-0.947247
-0.640577
-0.817195
0.660355
-1.02149
0.212655
0.246073
-1.47934
0.468167
-0.509612
0.114488
0.206331
-0.828578
-1.03069
-0.676434
-0.977256
0.850797
1.06611
0.289926
-0.0382468
-0.332861
-0.050368
-0.162022
-0.546262
1.5807
0.439421
0.641247
-1.2727
0.321855
0.431112
-4.92432
0.955443
0.38369
1.90578
0.342044
1.19832
0.851215
-0.360639
-0.515758
0.113709
-2.75146
0.409118
0.146594
0.692699
-1.6825
1.10981
-0.385515
-0.232059
-0.305662
-0.983988
-0.140278
0.116974
-1.62406
1.38561
0.0413971
0.160202
2.79856
-1.19526
1.06474
-0.0541233
0.322231
0.380214
-0.0756027
-0.46439
-0.311775
0.624449
-0.758475
1.40193
-0.938539
-1.65916
-1.03746
0.354734
0.680382
-0.0781361
-1.18336
-0.715168
-0.39479
0.964479
0.293605
-0.423767
1.23007
-1.05689
-0.00940198
-0.0903373
1.30566
-0.359705
1.15477
-0.650347
0.958485
-0.114314
0.46033
-0.42141
-0.436559
-0.501885
0.817411
0.244746
-0.553346
1.30822
0.172639
-1.5838
0.275921
-0.090463
1.07903
0.238558
0.0759809
1.20008
-0.249467
1.50661
-1.81267
0.271822
-0.199408
-0.43639
-0.132889
0.306321
0.00216024
-0.548035
0.551577
0.0474051
1.32333
-0.375986
2.14408
0.640952
1.51007
-0.369417
0.376378
0.556996
0.997112
-0.198836
-0.200173
-0.915851
1.49692
1.21057
0.983438
0.148645
-0.553287
-0.00137223
-0.0703023
-0.512856
-1.54305
-0.0528315
-1.81346
-0.434317
-0.751361
-0.207012
0.195378
0.748476
-0.241288
-0.126643
0.211625
-0.419563
-1.18752
-0.0835753
-2.09714
2.34578
-0.215179
0.626677
-0.603938
-0.0558482
1.43278
-0.654588
0.481775
0.428183
1.30284
-0.895258
0.333388
1.73456
0.600191
-1.11733
-0.527093
0.663581
-0.480722
-0.630402
-0.577731
0.149704
0.604502
1.70171
-0.578909
-0.709433
0.271749
0.741691
-0.0436913
-0.264008
3.0643
1.02127
-0.0669978
-0.337073
-0.340894
-1.24449
-0.159154
-0.235437
-0.542571
-1.69365
1.89368
0.128068
-1.31567
1.7266
0.389519
0.0273865
0.162433
1.95509
-1.79487
-0.750315
0.284594
-0.137012
0.532367
-0.0312378
0.198257
-0.187901
-0.282533
0.176961
-1.17076
-0.442756
-0.554133
-0.574589
1.80335
-1.06123
-0.434297
0.462601
0.257769
-0.185536
-0.467418
0.0703059
0.430286
-0.772818
-0.0906323
-1.912
0.597027
1.52582
2.28771
-1.09692
0.569527
0.115441
-0.316843
-0.703848
0.0658514
0.526721
1.52352
0.298396
-0.23132
0.225066
0.4102
-1.0638
0.176218
0.103931
0.396379
0.155726
0.205624
1.05253
0.199141
0.131904
0.250254
0.65643
0.252234
-0.103614
-0.74806
-0.664632
-1.33905
-1.96848
0.859959
-0.755321
1.10853
0.667176
0.034724
0.819879
0.828447
1.15758
-0.509439
-0.481419
1.14352
-2.01751
1.64589
-0.426293
-1.7566
-0.14679
-0.924666
-1.49136
1.14199
-1.50884
1.87931
0.496378
-0.0338809
-0.471803
0.0851996
-0.0369161
-0.286519
-0.279994
1.49842
-0.33331
-0.647744
0.854808
-0.530637
-1.45685
-0.774807
-0.574999
-0.209574
-0.0519962
0.160454
-0.147883
0.117434
-0.223961
0.245589
-0.240102
0.536676
-2.07796
1.50572
-0.645759
-0.234353
0.947329
-0.0776776
-2.05566
-0.3634
0.105455
1.43107
0.756051
-1.73896
-0.773592
-0.397001
-0.399146
0.478683
1.34568
-1.03317
-1.13318
-0.382713
0.12561
1.69979
0.588606
-0.362882
-0.400102
-0.765595
-0.0206007
2.77874
-0.164217
0.33703
0.121318
-0.133514
0.19833
-0.621267
-0.101628
0.150051
-1.14505
-0.753519
0.921411
0.489135
-0.0780025
-1.96735
-0.99945
0.135817
0.693189
0.286912
1.46671
-1.28563
0.92276
-0.721281
-0.502394
-0.159108
-0.201513
-0.244464
-0.783691
-0.678084
0.871231
-1.1702
0.599267
-0.486302
0.767846
-0.697296
-0.0390397
-1.2439
0.0784548
0.0533154
1.77473
0.460492
1.55491
0.386657
-0.803239
0.686327
-0.316519
2.10603
-0.395079
-0.331535
-0.529569
0.010638
-1.10876
0.218255
-0.255006
2.84477
-0.355665
-0.949267
0.286881
0.33289
-0.707821
1.83707
0.504505
-0.636881
-0.188868
-1.472
-1.88676
-0.0685222
0.582769
-0.214251
-2.59341
-0.254471
-0.0351605
1.88488
0.087509
-0.403512
-0.887538
-0.487981
0.0714353
-1.1629
1.13817
-0.408692
-0.0696918
-0.516148
0.380165
-0.0682044
-0.302265
-2.66071
-2.75511
1.75019
0.367126
-2.16855
0.719054
0.39602
0.975025
-1.63063
1.08994
1.75198
0.232918
1.65805
0.407127
-0.894888
0.161726
1.37039
0.0835601
0.402309
0.772398
0.966547
0.423706
0.37897
0.217875
0.0321966
0.492866
-1.00352
-0.0921206
0.234785
0.508869
2.12212
2.12318
-0.455337
-0.578474
1.87549
1.48935
-1.4886
0.450696
-1.69055
0.771907
1.33685
0.448325
-0.652103
0.696141
0.0702044
0.0475704
0.160079
0.292823
0.370747
0.454523
-0.108451
1.62313
-1.2348
0.0604971
2.1141
1.71836
0.181579
0.4687
-1.76109
-0.887588
0.366945
0.436578
0.0916429
-0.568597
-1.21329
-0.927106
-0.316573
0.82589
1.07951
-1.44789
0.453011
-0.136211
-0.131385
-2.25758
-0.987407
0.324686
-0.0526984
0.474024
1.5088
0.25337
0.101878
-0.0998066
-0.720161
0.112869
-0.123782
1.69814
-0.646252
0.537093
-1.01976
-0.0196481
0.199336
-2.24919
-0.795845
-0.48212
0.627692
-0.692848
-0.0200422
-0.290047
0.618918
-0.597261
-1.39348
1.57869
-0.6025
3.33387
0.145137
-0.447255
-1.3181
-0.501111
0.752054
-0.604846
-0.117228
-0.240603
-1.37467
-1.00325
-0.434419
1.83598
0.236109
-0.0660502
0.881563
0.153119
-1.46772
1.91593
1.10744
1.34092
-2.00706
0.373268
1.64601
-0.303939
-0.927913
-1.23184
-1.34156
-0.713518
0.567358
1.18971
0.274206
0.218751
0.0306178
0.928304
-1.42897
-0.0334727
-0.234869
-0.4691
0.278435
-0.50869
1.08228
-0.802748
0.549392
1.08832
0.73253
-0.471349
0.834119
-0.241454
0.0832636
0.16065
-0.0408999
-0.546367
0.891621
-0.48483
1.87679
-1.79123
-0.410687
0.776669
-0.600119
0.505463
-0.528607
-0.138822
-1.48384
0.205862
1.25536
0.116273
1.17108
-1.27296
0.940617
0.222477
-0.479857
-0.0998854
0.00784011
-0.995445
0.626145
0.680403
-0.747734
0.888939
-0.347002
-0.187804
-0.349803
0.587661
0.0163265
0.599026
-0.767378
-1.41201
-0.63294
-1.38862
-1.59498
0.221491
0.339555
-1.14006
-1.2723
1.50396
-0.326474
-0.12804
1.52331
-0.463008
0.127026
2.99591
-0.29184
0.927814
1.08651
-0.713444
1.91073
0.409357
-0.735775
-0.0738592
0.898814
-0.752576
0.643075
-3.79195
-0.0725872
0.172203
-0.00116612
2.19362
-1.79757
-0.772874
-0.816205
0.589279
-0.0478905
