0
0.0932152
0.0624276
0.058821
0.0517639
0.0434914
0.0432076
0.0446067
0.0399877
0.0363074
0.0336239
0.0310448
0.0288219
0.0273136
0.0255033
0.0239112
0.0246134
0.0238509
0.0237099
0.022534
0.021943
0.0223291
0.021855
0.020968
0.0201583
0.0194957
0.0188873
0.0186838
0.0185839
0.0179654
0.0174362
0.0176319
0.0171082
0.0166052
0.0161832
0.0158064
0.0153821
0.0152064
0.0151426
0.0155704
0.0151983
0.0148367
0.014585
0.0143309
0.0142341
0.0141158
0.0138269
0.0137414
0.0135379
0.0136425
0.0135061
0.0133178
0.013069
0.0130824
0.0129696
0.012871
0.0128905
0.0126847
0.0124945
0.012816
0.0126356
0.0125676
0.012412
0.0122929
0.0121184
0.0119449
0.0119066
0.0118958
0.0117234
0.0115862
0.0115096
0.0113835
0.0112277
0.0112087
0.0111516
0.0111995
0.0110732
0.0109393
0.0108136
0.010682
0.010636
0.0106559
0.0105418
0.0104246
0.0103102
0.0102727
0.0101737
0.0100954
0.0100726
0.00998419
0.0100578
0.00995977
0.0103622
0.0103539
0.0102481
0.0102921
0.0101861
0.0100822
0.00998036
0.00989415
