5.04605
5.04127
5.06915
5.02736
5.03521
5.03918
5.03335
5.01534
5.0011
4.98157
4.97554
4.97527
4.98626
4.97307
4.9697
4.97078
4.96641
4.97226
4.98151
4.98932
4.99348
4.99388
4.98815
4.99536
4.99968
4.99829
4.99925
4.99629
4.99572
4.99706
4.99405
4.99541
4.99679
4.99604
4.99339
4.99854
4.99951
5.00266
5.00301
5.00238
5.00308
5.00433
5.00275
5.00208
5.00257
5.00531
5.00034
4.99906
4.99869
4.99827
4.99946
4.99608
4.99482
4.9968
4.99472
4.99482
4.99586
4.99489
4.99254
4.99052
4.99002
4.99009
4.98898
4.99188
4.99012
4.99311
4.99507
4.99511
4.99271
4.99365
4.99347
4.99268
4.99531
4.99545
4.99438
4.99176
4.98927
4.99187
4.99524
4.99475
4.99606
4.99754
4.99841
4.99815
4.99847
4.99879
4.99986
4.99945
4.99932
4.99955
4.99828
4.99762
4.99785
4.9966
4.99588
4.99565
4.99525
4.996
4.99613
4.99491
