8.69111
-3.3109
1.64977
3.01542
2.85135
2.71112
-3.00287
2.9916
-6.147
2.35
-5.00836
-3.81653
-4.68821
-1.84173
4.91945
3.82728
-0.60189
4.12998
1.14418
-4.29556
-1.36212
-2.3749
-7.55219
-1.66478
2.44704
2.66451
-4.37092
3.2247
8.98111
3.9818
4.72971
-3.10594
3.95928
-4.62596
5.71817
4.63177
-1.4427
-8.69745
-2.70231
-2.62429
5.84464
1.72684
2.87592
1.06882
-3.35901
-3.46802
1.22082
-4.37661
6.7227
-3.95863
6.98424
-3.75039
-2.09032
-2.97539
4.65995
8.08324
3.76961
5.82561
5.56265
-4.46623
5.62126
-4.89528
-6.50707
-2.29182
-6.20672
3.07901
-2.73145
-2.0131
-4.654
-10.3253
3.48549
8.12765
2.85447
-3.89908
3.44456
-5.55002
8.13003
3.18862
1.10455
3.25671
6.482
-5.63733
-5.09229
3.73536
3.04139
-3.99518
-0.964445
-5.59566
3.93528
-4.29868
1.53373
4.01586
-3.2413
-4.83521
-4.11637
-4.87065
1.65915
4.45601
-3.75415
5.93651
-4.1484
3.52987
1.79039
-6.80879
7.6244
2.96664
2.41381
2.82624
3.15347
1.68379
1.97242
4.62479
4.60509
-5.45107
-3.59845
4.50955
3.00875
-7.54381
2.89977
1.74561
5.46152
-3.62335
1.9762
0.333437
-3.57106
-3.52113
3.29284
-6.44005
5.70349
3.54403
8.95622
1.80026
-0.861691
2.65216
-4.84845
2.81071
1.30233
8.17354
3.36356
2.98733
-5.0977
-5.27167
5.91802
-3.89779
-5.80957
-1.54837
2.98693
2.51291
1.42522
3.34516
-2.64191
4.44991
4.6024
2.9596
9.70942
-3.12147
-3.88537
-5.54298
-7.77761
-3.77674
-7.25408
2.72404
-3.79612
-3.17919
5.03311
-3.74758
1.95332
3.62039
-5.34803
4.81661
-5.59906
2.18887
-11.0429
1.62622
-6.51592
3.03261
1.80747
-2.94308
-1.26176
-5.6385
3.42401
-0.27491
1.82849
-4.14498
7.3129
2.34935
-4.40756
4.73507
9.69261
6.01954
3.84571
-0.932117
3.53679
5.49161
3.79756
-1.02731
3.15597
5.65683
-4.87614
-4.17491
1.67392
-7.81711
1.05805
-3.06817
2.84884
-3.18861
0.830278
-3.68232
-4.69114
4.1602
4.09292
-3.79115
-3.23652
-6.60645
2.82216
2.57738
-2.0437
5.65352
-1.7579
-1.87684
2.23766
4.03138
-2.35571
-3.62474
-3.61155
2.16427
1.25541
-1.78541
1.74856
3.96891
2.10096
-5.08993
-3.14037
2.1666
2.97965
-3.15452
-3.34093
5.67549
-1.11409
6.9677
4.64748
1.48043
-0.634971
2.58939
3.86558
-2.69868
4.63876
-4.26801
4.67476
-7.44057
-3.58207
-4.58347
1.77028
-6.60796
4.7011
-2.92767
-6.59435
5.33887
2.81625
-3.29713
4.4451
4.50527
3.53235
-4.2379
-5.70984
-5.39643
1.06895
-2.84339
1.8879
-1.30865
-3.01081
5.0823
-3.31442
-1.42834
-10.8322
-3.3856
-2.82307
-10.8826
-1.99944
-1.98985
2.93743
3.10479
4.59402
-1.53552
-1.72914
-6.0442
9.90257
2.43183
-11.8749
-2.32808
4.04563
3.44234
2.49296
2.45642
2.80309
-4.32919
-3.81922
-4.34656
0.971479
2.1386
-4.28114
-2.46263
-4.64856
-5.54398
-2.46915
-1.57447
3.39676
-4.65599
-4.59138
1.77313
2.04596
8.41176
2.44649
7.96901
3.93609
-7.34158
-2.43401
2.92927
-4.84667
6.64124
-3.04004
-1.99307
7.96117
0.879098
4.14974
1.049
-5.05272
2.74191
5.41506
3.89812
-3.52042
-2.05299
2.04091
-1.14104
4.51602
7.07607
2.49193
4.06662
-2.55169
3.37406
-9.76559
-4.79454
1.57593
-2.21766
-4.10426
-2.30982
2.34202
-3.34815
1.19017
5.45005
4.39373
9.7006
3.92739
3.91521
-4.9733
6.25674
-3.18545
-1.4181
4.9832
6.18909
3.65566
1.22069
2.09769
5.84166
-7.6397
-1.4509
1.89013
3.74312
-4.22334
-2.79638
5.40513
-5.08678
-5.84628
-2.40424
3.88817
-2.77987
6.83288
-2.32124
5.56361
-7.34208
-2.37312
6.34042
-0.888818
1.82678
-1.80474
-1.51454
1.85913
-2.5644
-1.89143
-5.62195
-12.3181
1.52528
2.23208
-4.66466
-2.76087
1.94956
4.82466
-7.46709
-5.46876
-5.4758
-5.67246
-3.83715
-1.74965
-2.74721
-4.05011
2.53861
2.09124
3.38616
-4.15066
-6.63828
-2.2663
-2.25629
-3.19012
-1.68328
-3.35783
-6.03005
5.5126
-5.84843
-2.96675
-6.61929
-2.72405
-0.544672
-2.90751
-0.995848
-2.7365
8.27384
-3.07784
-2.73435
-0.242031
-7.37879
-2.93089
6.72344
-2.45559
-3.27922
6.18773
-5.63622
-1.3471
4.25939
-1.73324
1.74909
-2.48471
-1.37567
4.75169
1.28474
5.23508
-5.25358
-0.763678
2.6984
2.13416
-2.43827
-4.16802
-1.78108
-1.76676
2.02828
-6.29789
-1.93978
-1.71497
-6.2565
-6.00399
-7.5504
1.27847
-4.23435
1.46229
7.25759
-1.32912
3.32139
4.4373
-3.30479
-2.9152
3.80963
-4.39104
6.26629
2.61027
4.01608
6.64018
-7.89443
2.67308
5.18243
-2.92293
-1.84619
-2.48677
4.55493
-5.85249
1.38208
-3.77831
-4.56214
3.20866
2.21184
2.97294
4.94266
2.30759
-5.16789
4.60235
-7.85414
2.62592
-4.06648
-2.82289
-3.72526
3.51834
-2.3219
-2.68361
-0.558314
-5.83316
-3.14417
2.46112
-2.08383
2.21842
5.96172
2.0805
4.82261
-8.81812
2.96134
0.787279
-3.70496
5.19685
0.972711
-4.27549
6.79569
-2.91822
5.20751
-3.79056
-4.16385
3.01787
-9.48259
-3.53064
-3.68515
1.47755
-5.06161
5.51359
-3.98889
1.6958
-2.87975
-1.94202
-7.90316
-2.42384
-2.17446
-2.50915
3.07435
7.16163
3.36338
-5.88998
-2.89171
4.19366
-4.52124
3.69862
5.91284
2.15908
3.84061
-2.2328
2.53404
-6.83017
-5.76937
7.01746
2.91504
3.40896
1.16339
7.8542
4.35726
-2.45059
3.19215
-10.252
-5.59101
2.01439
-2.02617
-3.04478
-3.68093
-1.93826
-5.33377
2.83893
2.20244
-1.39004
-4.48406
-1.19683
-3.5519
6.58808
3.38107
-8.04022
6.35429
3.64133
-3.62353
-4.1444
7.26675
4.1531
-2.06976
-6.70473
4.63324
1.88346
-7.77106
7.16442
1.26204
-1.04607
3.10145
6.23324
1.17295
-9.29245
2.64567
-2.42855
-2.76119
4.06573
-6.06746
-6.68769
-2.83202
7.33036
1.74353
-1.77053
4.89744
1.84258
2.2891
-3.30045
7.0754
-1.46339
-5.00094
-2.86989
2.0917
7.06849
-4.26219
2.18964
2.58309
1.38757
-6.1458
3.89476
2.91627
3.35307
-6.01491
1.50251
-5.64184
3.22392
10.9225
-2.85067
-3.69492
-4.62843
-3.48381
1.99934
-3.589
-2.59606
-4.93192
3.32978
-6.99102
-2.06843
-3.07849
5.64619
-6.02271
-1.80259
-4.59346
2.05121
4.12969
-2.53176
-5.29903
1.80799
-3.51726
4.85469
-4.62815
-3.42567
4.04206
2.83565
-2.16817
3.05326
-4.93595
2.33175
-0.631308
2.00403
4.43505
-2.84066
4.12127
-3.01963
4.09084
-1.46279
4.57849
1.80415
2.33101
6.17059
1.57283
5.20185
-2.69885
-2.7464
-2.629
-7.04905
-4.77346
4.4374
-1.09358
3.23474
4.87415
-3.07268
-1.11658
4.23433
1.8393
4.9768
-3.5336
-4.77118
3.24871
2.27852
-4.02589
4.38442
3.1463
6.93847
-1.59969
-5.57967
2.4493
-1.61481
4.30591
-1.38083
-1.74452
5.23232
3.09723
-2.26192
4.13923
-3.6143
0.967611
3.85619
6.90574
-3.62615
7.54466
-4.33456
-3.82205
6.1981
-3.17972
5.18549
-2.17774
0.421433
-4.57624
7.28153
-0.712247
-2.37537
-1.15331
-5.64739
6.59961
-5.89715
-1.8213
-5.0275
-5.86087
2.63353
0.850163
4.66245
3.92453
1.93986
-5.4146
2.93073
-4.8269
-4.45767
-5.62546
-2.56417
2.48774
6.15321
2.04838
-4.12829
4.81199
-3.27572
-11.1413
-2.67776
4.3068
2.43221
-3.17299
7.06176
-4.79078
-2.4242
-2.61922
-2.3115
-7.91172
-2.12856
1.80075
6.54419
-3.10003
-4.63285
-5.48739
6.13878
-4.25915
4.77283
5.56223
1.87598
3.22056
-3.11981
3.60881
-2.07129
4.14852
-8.55406
-6.20288
-3.93904
-2.65138
-2.44081
-4.95189
2.17567
-2.7341
-4.80065
-5.04065
-1.40576
-2.44113
-3.78129
3.63554
2.06007
0.44698
3.34073
-4.36405
1.6445
-2.16859
-3.27619
-1.52013
2.54286
-2.55668
1.76659
-2.13897
5.83233
-0.964085
-1.53677
-1.45566
-2.10112
-2.82897
-5.71226
-2.13808
-2.32177
3.64644
3.40377
-3.25765
-4.97226
1.50239
1.53638
3.58671
-2.84224
4.36345
-5.01578
-5.44639
-4.14933
-1.69753
-3.68219
6.20545
2.46099
4.52861
-2.07764
-3.38936
-2.1212
-5.60833
1.85938
4.72288
2.2312
1.38152
2.71635
-3.0106
-2.85534
3.08929
1.28771
-2.8829
2.54177
4.33898
2.55482
3.19535
-1.27826
5.64602
0.492264
-0.705013
1.6173
3.59829
2.73731
1.25967
-3.62101
1.68635
3.90689
-0.992363
5.22456
3.76757
-2.64272
1.97094
-4.25858
-2.97893
-1.94053
-3.06743
2.48609
2.61146
9.82528
2.6643
-1.43733
4.97171
-8.11332
7.5228
-3.91323
5.7264
-3.33389
6.9176
-4.30614
5.76479
3.7208
3.1495
2.81097
-2.86105
1.64082
1.85478
-2.25757
-1.90057
-6.56711
-4.70799
-5.95223
0.913341
-1.25401
-5.95822
3.24373
4.59561
2.92818
3.3529
-1.06405
4.02839
3.46473
2.63439
12.4181
5.00073
6.14319
4.33716
-1.74867
3.45939
-1.69353
-5.13515
-2.29988
-3.72844
-3.73832
2.92343
1.97918
7.93131
9.88343
1.13488
1.68085
-4.25502
-4.54491
5.07562
2.35348
3.32603
4.67569
-2.96967
-3.60983
3.96879
-1.2665
7.63277
4.91318
9.72668
-3.04428
-1.46767
2.70986
5.41006
5.42266
-2.27048
4.23038
2.90663
1.71307
-3.1629
-2.48722
2.31637
-6.32591
-11.2146
3.9437
-7.16005
-5.14289
4.05202
7.32763
4.22436
-0.57126
-4.4735
3.40006
-3.51755
-3.94071
-3.51132
3.42991
-2.90274
-5.65671
-2.44723
1.75797
4.69266
3.9947
-3.89811
2.31968
-4.77853
-4.30235
-2.52052
3.78832
-3.08722
0.313485
-3.70875
-8.19401
-4.78093
-2.8171
-5.18381
-4.34753
1.74151
4.61405
-2.47694
-2.74907
-1.58886
-7.91087
-8.5301
-1.66967
3.67811
7.96053
3.77166
-4.93409
5.29343
1.17035
-2.2763
-4.69676
-3.2894
5.525
-3.50704
-6.40011
2.19687
3.0975
3.67279
3.89346
-1.53179
3.67082
7.14913
1.25442
-3.99348
-4.46481
-2.1719
4.65778
1.64626
-1.89721
-4.07688
-4.83005
2.20027
4.59961
1.70959
5.99798
-7.65962
-4.07518
6.57632
10.1795
-1.237
-2.63046
4.33118
-4.15128
-1.84341
-4.59415
7.14719
3.27462
-10.4149
3.93657
4.16563
-3.10774
5.23778
-6.82917
-5.95862
3.77778
-6.15955
-2.91711
-3.71469
-3.09348
1.27964
4.21445
5.47501
-5.92562
1.46639
5.06879
-8.0221
1.80478
3.53668
-4.07786
1.53763
-1.77304
-3.93824
7.04603
-4.01259
2.30895
4.35723
-1.3996
3.73372
-3.09418
-5.05373
-2.67055
-4.32583
4.22067
-4.88356
-5.66803
-3.82893
-0.532028
-4.84963
-4.7759
3.94494
-1.22612
2.79239
3.91998
4.7101
-1.04374
1.92154
3.52448
2.36665
-3.85409
5.47764
-5.11498
2.29838
5.87284
-2.42655
-3.31578
-3.49369
-4.33041
0.61055
-3.01591
-3.38638
2.30926
6.21045
5.30338
2.98134
1.87789
1.57331
2.23233
3.81613
-6.47037
-7.44069
-1.08407
2.46099
-2.61705
-3.30289
-3.25239
5.62057
3.00804
4.56295
3.28558
-9.90237
1.96891
-0.743744
-3.26687
-2.08681
-1.56689
2.62917
-2.14191
0.675419
-1.84921
2.65155
-10.3255
-4.92097
-2.66662
2.59427
6.01541
-1.55526
4.01682
-2.85208
-6.01612
2.7667
-2.17987
-2.59077
2.66457
-4.7474
4.79316
1.83708
-2.17315
-3.1971
-2.19519
4.41632
-6.75305
-2.53746
-8.14976
2.59354
-3.8796
-5.85415
6.80931
-1.28709
3.36369
-2.72112
5.25985
3.21456
-1.86911
-2.33965
-9.29095
3.39771
2.28702
-3.18507
2.52708
4.80469
8.24194
2.49339
-3.03225
-7.45417
-7.78115
-4.89854
-4.75051
-7.98857
5.52283
-8.59214
-2.39999
0.813466
4.48011
-8.03255
3.96506
5.55103
-1.64769
4.78216
-4.76824
3.23547
-9.05413
-4.45132
-1.46763
-3.424
-5.92298
-4.0052
1.65784
-7.07975
-2.58899
8.38124
-1.92649
3.23689
-7.0527
-4.37441
5.64971
-3.48387
3.37227
-4.9677
1.68031
-5.06514
7.58407
5.22669
-3.76616
4.5376
5.33678
2.61721
-4.58309
1.09873
-2.80406
-5.46043
4.95266
7.14547
-3.13144
-2.07729
3.5914
-6.29572
5.57966
-5.77252
4.18972
1.11233
-4.54238
-1.92049
-4.76275
2.62962
3.98542
-4.03827
5.55837
-4.85187
-5.86017
-3.41394
9.80366
-0.524894
4.34219
6.53312
-2.0343
-1.86862
0.553463
-4.61858
1.81664
2.62256
3.98947
-1.52896
11.8121
-3.23681
-4.50762
3.52737
-3.498
2.75682
-0.85723
-4.74804
-1.22396
-7.76062
6.6
2.43787
-3.988
-5.42127
-4.99089
3.36544
-9.66261
-5.98294
-10.2622
1.82977
-2.05167
-4.30341
-4.95306
-2.35302
1.38854
-1.51847
2.62456
-0.899262
-5.59359
-6.70656
5.92759
5.27413
-1.45554
6.67683
3.07193
-1.59116
2.31846
-6.31378
-4.26099
-4.22259
-1.50213
-4.83958
2.65732
2.25013
-4.40046
4.66079
-2.3614
0.955338
3.29504
-1.28759
-2.30172
2.82105
-6.5598
-4.42407
-4.2209
2.56627
-3.60625
-3.40036
-1.90421
1.49091
-3.04518
4.12162
-2.0177
3.25605
2.4584
-5.42111
-3.25211
-2.46029
-4.77515
-2.44744
2.82384
3.05321
-2.87015
-3.51216
-8.33199
-1.42695
5.04834
-4.78998
-5.9081
-1.51315
-6.08758
1.59901
-1.8668
6.16522
-1.61522
-2.79804
-2.56586
-3.89795
2.75859
5.54138
3.74318
3.79157
5.01794
8.41359
5.33451
-5.22387
-7.31819
2.17352
-2.42688
5.16906
2.87644
-4.56514
-6.62443
6.9151
-4.02897
0.379527
3.45457
1.58562
-2.1102
-7.43091
-2.02592
-3.59598
4.36708
3.92482
1.72814
2.49682
-3.61774
3.29367
-4.00529
2.15048
-2.46797
6.2463
3.42789
-2.74081
-3.33794
-2.45759
-2.97606
-8.14148
4.56479
-4.01068
-3.53848
-2.3553
-7.50869
1.47417
-1.2465
-8.7379
4.40784
-4.30038
1.13954
-6.56765
2.62115
4.47316
6.53518
2.51133
-2.83999
1.2254
-3.22545
-1.49334
-3.31223
2.19686
2.93591
-3.49889
-3.70912
6.48529
-4.91761
3.35601
2.66421
-1.439
-2.34562
1.61872
3.77386
-3.23588
-2.7002
-6.28811
5.88169
-2.16059
5.71924
-3.84173
-4.00065
2.16721
3.9795
6.88368
-3.63031
-2.21999
3.77363
4.60625
-4.11374
-5.96847
-5.48916
1.86208
-1.29073
-7.67968
5.24192
4.24175
-2.57306
5.89505
-4.51883
2.75614
-2.68816
2.81586
3.87308
-4.28403
6.12528
-1.90771
-5.25431
-3.19033
4.86853
-2.03034
-1.70121
4.4194
2.97339
2.78545
-3.76539
-0.97019
2.74436
-3.85111
-3.62191
-3.0427
-2.19494
3.85938
2.54838
-5.1351
1.48713
1.08335
-1.67336
2.83302
4.72629
-5.49382
1.48397
3.09733
3.3348
6.17852
6.12532
1.16259
2.72573
6.49849
6.33801
4.3956
5.28084
-5.30082
-3.87481
5.57516
4.57314
-3.23283
-7.24365
2.77122
-4.16463
6.48213
-3.77781
-5.99404
-1.41953
-2.38994
3.06702
-3.42896
5.3368
-4.11841
3.93388
-4.65992
4.91551
4.9336
-4.79267
3.51299
-5.56588
-8.30327
-1.0902
2.9324
1.66738
2.40394
-3.87139
-9.17217
5.93844
5.17686
2.25216
-2.22056
3.41148
3.3159
-1.68428
1.56989
-1.23317
-3.79543
1.08712
-2.49043
-4.45907
-1.82594
-4.06018
2.73081
1.38119
7.32973
-5.55925
2.22641
-7.03659
-5.24355
-2.36123
-3.32859
-7.57115
0.451267
5.9445
2.54057
-6.04146
-1.32473
-5.72145
-0.841801
-3.75684
3.02189
-4.26146
-3.8982
-1.71375
-4.81028
-3.35005
3.83442
0.221234
-3.10493
-3.89702
-1.80512
-1.79356
3.62676
5.32762
2.5543
4.09869
6.24386
-5.10611
-5.23463
4.91762
1.9868
-5.57112
8.1609
4.37317
2.7706
2.94178
2.36849
-2.80974
-2.73709
-2.23219
-1.9283
-6.46087
1.08813
5.54971
-2.72569
-2.65714
-1.1312
2.80741
2.24694
-8.61882
-7.12494
3.9605
-4.17996
-2.42407
3.75067
4.07027
-1.61514
-4.62577
5.55308
2.12749
3.2254
2.49713
3.89055
-1.7163
3.22071
-5.23318
-3.79934
5.89018
-3.16378
-5.59956
-4.32507
-3.48014
4.82547
-3.05653
5.21858
-4.17064
-2.79999
-3.66267
-5.79206
1.68521
1.65139
-3.81155
2.74011
2.56266
3.34661
1.95437
-5.70893
-5.59348
-4.10443
4.42611
-3.75809
4.99555
4.50515
3.09056
-6.47598
3.03584
-3.03488
-4.2101
4.08603
-4.47164
-5.18036
-5.66025
-3.75949
-2.80304
1.17526
4.48141
4.87206
3.01473
-5.9725
1.37649
1.43421
7.23081
-4.0381
-3.83185
-1.88542
-2.58942
5.01515
-3.3835
0.989881
4.12626
-3.7875
4.3118
2.24974
1.32443
-2.34506
5.40845
-3.39761
-8.1535
-7.63823
-3.66094
-5.56643
3.48955
3.1068
-4.93094
-3.61188
-5.83666
3.08555
4.77274
-4.82351
-4.37395
2.77269
-6.07598
4.60813
3.16822
-3.11957
1.60853
-5.14413
6.87881
-2.85927
4.2749
-2.06836
-4.49724
6.27677
-5.21137
-4.63689
-3.63245
-3.96874
-2.50931
-3.09703
-2.78462
-8.5401
3.43811
-3.52676
-13.231
2.21904
7.31918
2.76899
4.29157
-3.74046
0.562914
2.93646
-2.11374
0.98936
2.972
1.4196
-1.80275
-11.78
4.60587
-3.06422
4.20155
-6.0827
4.55945
1.95132
3.28874
-1.8181
3.26433
3.3376
-2.26167
-2.24827
-3.60287
3.93085
7.88522
2.40581
3.92324
2.83212
3.32369
3.34807
1.70758
2.1745
1.00361
2.17829
2.14515
-5.041
10.9583
-2.73141
-3.28039
-7.78618
2.48905
0.324445
-1.07778
1.15787
5.64317
7.76201
-5.81083
5.96393
-4.70422
-4.71671
-1.53516
-5.23066
-3.49182
-5.65657
1.27757
-4.46256
3.42569
4.39317
-3.85354
-5.92632
-1.07038
3.07826
2.27276
-2.49524
6.34966
2.04218
-4.95069
3.42292
-1.28629
-1.07425
3.22733
3.66716
-2.5916
-6.23334
-3.12442
3.80354
4.14916
-10.1782
2.07987
1.33121
1.85587
-7.06923
-2.62515
-3.5966
-3.38124
-5.91792
4.23442
-3.69759
5.49338
3.71776
-4.68782
2.56803
-3.13953
4.09439
1.59266
6.9732
-4.96985
-2.07393
-7.34864
-2.45492
-8.64209
-4.60243
-3.25684
2.23354
-1.26163
-3.16845
4.45845
-6.32714
1.27517
2.44576
-1.46009
-2.31734
4.16789
2.32801
-3.08007
3.38481
-8.27379
1.61583
1.79984
4.28973
3.3488
4.77683
2.51615
5.35577
-4.4491
-3.30046
2.29537
2.28105
-2.72302
-1.55805
5.7377
-3.87355
7.50484
-5.48546
2.09893
8.1322
2.78295
-4.33322
-1.3584
-3.986
6.6315
2.91879
-2.78847
-8.1344
1.25211
1.60643
-6.69125
2.3842
3.53331
2.09666
-2.00978
2.04059
-4.54815
4.7158
-3.39716
9.04085
4.1669
-8.75128
-6.48102
-10.1032
-5.80008
2.92987
-2.75676
1.75986
0.619799
2.6967
3.48607
3.14984
-3.73398
3.57878
-2.36588
-8.82176
-5.32481
-3.89494
6.05164
-2.92558
2.40557
-0.590569
2.62046
-1.81504
2.79697
3.02738
2.18486
-3.7179
7.12448
-2.39177
-2.27445
-2.79649
-4.13999
3.97221
-3.54815
5.82277
-2.09288
-1.54882
-6.48201
2.62566
5.12287
-6.44368
1.24242
-5.14779
-3.44822
-3.93348
-7.44954
3.82138
1.24476
5.87215
7.04992
-9.08371
-4.05263
-2.51149
2.5253
-5.18361
2.78784
1.60608
3.23813
-1.90727
-2.2115
7.77195
-5.44499
5.27237
-1.70959
-4.95229
-2.68175
-1.32873
2.18323
2.85537
-2.16137
4.40684
1.97896
-9.57109
-3.78543
-3.58037
-2.38695
3.75505
-4.88526
-3.46234
3.67561
4.23313
5.54414
-5.16899
1.26683
-1.8006
-1.42518
1.84503
4.75431
-6.60347
-4.37967
9.75844
-3.26504
2.42478
-5.69509
-6.94308
2.51997
4.66763
-3.14813
2.12176
-4.98451
-1.76733
-4.97688
-3.60459
9.78909
-2.67334
-3.77224
2.17396
5.20221
-3.62431
-2.3617
-2.84736
2.21318
-4.99696
6.96945
-3.23503
3.74798
-2.23982
3.21011
-3.3733
3.95038
-2.45735
2.58898
5.70658
4.27516
5.08462
-5.76017
0.498568
-6.54622
-2.33637
-5.65966
-0.822496
-4.1914
4.36871
3.89051
-3.5162
4.9706
3.76543
-4.12632
-4.9583
3.9458
-5.08458
-4.78779
3.426
-2.78476
9.17431
5.17956
-2.54107
-7.02579
2.82687
