1.59844
1.53065
1.53674
1.51595
1.5254
1.53535
1.52417
1.52715
1.51987
1.51647
1.51769
1.51653
1.51293
1.50952
1.50428
1.50144
1.50042
1.49935
1.49723
1.4963
1.4964
1.49807
1.49573
1.4987
1.49937
1.50011
1.50073
1.50127
1.50388
1.50322
1.50396
1.50513
1.50557
1.50476
1.50523
1.50611
1.505
1.50372
1.50571
1.50457
1.50508
1.50494
1.50474
1.50453
1.50498
1.50363
1.50348
1.50332
1.50386
1.50346
1.50344
1.50341
1.5034
1.50307
1.50292
1.5035
1.50354
1.50422
1.50529
1.5064
1.50652
1.507
1.50644
1.50638
1.50577
1.50539
1.50438
1.50484
1.50442
1.50455
1.50395
1.50339
1.50315
1.50267
1.50245
1.50142
1.50164
1.50217
1.5022
1.5025
1.50204
1.50222
1.50172
1.50201
1.50187
1.5018
1.50148
1.50103
1.5011
1.50113
1.50134
1.50105
1.50169
1.50101
1.50082
1.50059
1.5006
1.50069
1.50106
1.50088
