6.62541
5.64785
5.17526
4.97944
4.352
4.352
3.96291
3.72252
3.21395
3.21395
3.09704
3.01279
2.86579
2.63733
2.49892
2.06547
2.06129
1.99028
1.99028
1.8683
1.82694
1.82694
1.81326
1.81326
1.76879
1.7583
1.6956
1.6956
1.67372
1.61859
1.61859
1.61859
1.61859
1.61859
1.61859
1.59366
1.56331
1.44596
1.44596
1.43889
1.32154
1.32154
1.28723
1.28723
1.28723
1.28723
1.28723
1.28723
1.28723
1.28723
1.28723
1.28508
1.28508
1.28115
1.28115
1.28115
1.28115
1.28115
1.28099
1.28099
1.23233
1.23233
1.207
1.207
1.207
1.207
1.207
1.207
1.207
1.20485
1.20485
1.20485
1.20485
1.20485
1.20485
1.20485
1.20485
1.20485
1.20485
1.20485
1.20485
1.20485
1.19835
1.19835
1.07366
1.07366
1.07366
1.07366
1.07366
1.07366
1.07366
1.07366
1.07366
1.04259
1.04259
1.04259
1.04259
1.04259
1.04259
1.04259
1.04259
1.04259
1.04259
1.04259
1.04259
1.04259
1.04259
1.04259
1.04259
1.04259
1.04259
1.04259
1.04259
1.04259
1.04259
1.04259
1.04259
1.04259
1.04259
1.04259
1.04259
1.04259
1.04259
1.04259
1.04259
1.04259
1.04259
1.04259
1.04259
1.04259
1.04259
1.04259
1.04259
1.04259
1.04259
1.04259
1.04259
1.04259
1.04259
1.04259
1.04259
1.04259
1.04259
1.04259
1.04259
1.04259
1.04259
1.04259
1.04259
1.04259
1.04259
1.04259
1.04259
1.04259
1.04259
1.04259
1.04259
1.04259
1.04259
1.04259
1.04259
1.04259
1.04259
1.04259
1.04259
1.04259
1.04259
1.04259
1.04259
1.04259
1.04259
1.04259
1.04259
1.04259
1.04259
1.04259
1.04259
1.04259
1.04259
1.04259
1.04259
1.04259
1.04259
1.04259
1.04259
1.04259
1.04259
1.04259
1.04259
1.04259
1.04259
1.04259
1.04259
1.04259
1.04259
1.04259
1.04259
1.04259
1.04259
1.04259
1.04259
1.04259
1.04259
1.04259
1.04259
1.04259
1.04259
1.04259
1.04259
1.04259
1.04259
1.04259
1.04259
1.04259
1.04259
1.04259
1.04259
1.04259
1.04259
1.04259
1.04259
1.04259
1.04259
1.04259
1.04259
1.04259
1.04259
1.04259
1.04259
1.04259
1.04259
1.04259
1.04259
1.04259
1.04259
1.04259
1.04259
1.04259
1.04259
1.04259
1.04259
1.04259
1.04259
1.04259
1.04259
1.04259
1.04259
1.04259
1.04259
1.04259
1.04259
1.04259
1.04259
1.04259
1.04259
1.04259
1.04259
1.04259
1.04259
1.04259
1.04259
1.04259
1.04259
1.04259
1.04259
1.04259
1.04259
1.04259
1.04259
1.04259
1.04259
1.04259
1.04259
1.04259
1.04259
1.04259
1.04259
1.04259
1.04259
1.04259
1.04259
1.04259
1.04259
1.04259
1.04259
1.04259
1.04259
1.04259
1.04259
1.04259
1.04259
1.04259
1.04259
1.04259
1.04259
1.04259
1.04259
1.04259
1.04259
1.04259
1.04259
1.04259
1.04259
1.04259
1.04259
1.04259
1.04259
1.04259
1.04259
1.04259
1.04259
1.04259
1.04259
1.04259
1.04259
1.04259
1.04259
1.04259
1.04259
1.04259
1.04259
1.04259
1.04259
1.04259
1.04259
1.04259
1.04259
1.04259
1.04259
1.04259
1.04259
1.04259
1.04259
1.04259
1.04259
1.04259
1.04259
1.04259
1.04259
1.04259
1.04259
1.04259
1.04259
1.04259
1.04259
1.04259
1.04259
1.04259
1.04259
1.04259
1.04259
1.04259
1.04259
1.04259
1.04259
1.04259
1.04259
1.04259
1.04259
1.04259
1.04259
1.04259
1.04259
1.04259
1.04259
1.04259
1.04259
1.04259
1.04259
1.04259
1.04259
1.04259
1.04259
1.04259
1.04259
1.04259
1.04259
1.04259
1.04259
1.04259
1.04259
1.04259
1.04259
1.04259
1.04259
1.04259
1.04259
1.04259
1.04259
1.04259
1.04259
1.04259
1.04259
1.04259
1.04259
1.04259
1.04259
1.04259
1.04259
1.04259
1.04259
1.04259
1.04259
1.04259
1.04259
1.04259
1.04259
1.04259
1.04259
1.04259
1.04259
1.04259
1.04259
1.04259
1.04259
1.04259
1.04259
1.04259
1.04259
1.04259
1.04259
1.04259
1.04259
1.04259
1.04259
1.04259
1.04259
1.04259
1.04259
1.04259
1.04259
1.04259
1.04259
1.04259
1.04259
1.04259
1.04259
1.04259
1.04259
1.04259
1.04259
1.04259
1.04259
1.04259
1.04259
1.04259
1.04259
1.04259
1.04259
1.04259
1.04259
1.04259
1.04259
1.04259
1.04259
1.04259
1.04259
1.04259
1.04259
1.04259
1.04259
1.04259
1.04259
1.04259
1.04259
1.04259
1.04259
1.04259
1.04259
1.04259
1.04259
1.04259
1.04259
1.04259
1.04259
1.04259
1.04259
1.04259
1.04259
1.04259
1.04259
1.04259
1.04259
1.04259
1.04259
1.04259
1.04259
1.04259
1.04259
1.04259
1.04259
1.04259
1.04259
1.04259
1.04259
1.04259
1.04259
1.0194
1.0194
