6.42105
5.69296
5.51355
4.69724
4.35457
4.14506
3.92614
3.92614
3.7454
3.43703
3.42204
3.19734
2.99347
2.99347
2.75632
2.75632
2.6228
2.44955
2.29544
2.27914
2.27914
2.18758
1.83667
1.83667
1.83056
1.83056
1.81195
1.80421
1.78549
1.71564
1.6686
1.6686
1.64819
1.5791
1.49508
1.43425
1.43425
1.34633
1.31537
1.31537
1.31537
1.20031
1.20031
1.20031
1.20031
1.12744
1.10109
1.09441
1.06806
1.06726
1.06198
1.04505
0.974069
0.974069
0.974069
0.974069
0.974069
0.974069
0.974069
0.974069
0.974069
0.949771
0.949771
0.949771
0.949771
0.949771
0.949771
0.949771
0.919948
0.919948
0.919948
0.919948
0.919948
0.919948
0.919948
0.919948
0.919948
0.919948
0.919948
0.919948
0.919948
0.919948
0.919948
0.919948
0.919948
0.919948
0.919948
0.919948
0.919948
0.919948
0.919948
0.919948
0.919948
0.919948
0.919157
0.919157
0.919157
0.919157
0.919157
0.919157
0.919157
0.919157
0.919157
0.919157
0.919157
0.919157
0.919157
0.919157
0.919157
0.919157
0.919157
0.919157
0.919157
0.919157
0.919157
0.919157
0.919157
0.919157
0.919157
0.919157
0.919157
0.919157
0.919157
0.919157
0.919157
0.919157
0.919157
0.919157
0.919157
0.919157
0.919157
0.919157
0.919157
0.919157
0.919157
0.919157
0.919157
0.919157
0.919157
0.919157
0.919157
0.919157
0.919157
0.919157
0.919157
0.919157
0.919157
0.919157
0.919157
0.919157
0.919157
0.919157
0.919157
0.919157
0.919157
0.919157
0.919157
0.919157
0.919157
0.919157
0.919157
0.919157
0.919157
0.919157
0.919157
0.919157
0.919157
0.919157
0.919157
0.919157
0.919157
0.919157
0.919157
0.919157
0.919157
0.919157
0.919157
0.919157
0.919157
0.919157
0.919157
0.919157
0.919157
0.919157
0.919157
0.919157
0.919157
0.919157
0.919157
0.919157
0.919157
0.919157
0.919157
0.919157
0.919157
0.919157
0.919157
0.919157
0.919157
0.919157
0.919157
0.919157
0.919157
0.919157
0.919157
0.919157
0.919157
0.919157
0.919157
0.919157
0.919157
0.919157
0.919157
0.919157
0.919157
0.919157
0.919157
0.919157
0.919157
0.919157
0.919157
0.919157
0.919157
0.919157
0.919157
0.919157
0.919157
0.919157
0.919157
0.919157
0.919157
0.919157
0.919157
0.919157
0.919157
0.919157
0.919157
0.919157
0.919157
0.919157
0.919157
0.919157
0.919157
0.919157
0.919157
0.919157
0.919157
0.919157
0.919157
0.919157
0.919157
0.919157
0.919157
0.919157
0.919157
0.919157
0.919157
0.919157
0.919157
0.919157
0.919157
0.919157
0.919157
0.919157
0.919157
0.919157
0.919157
0.919157
0.919157
0.919157
0.919157
0.919157
0.919157
0.919157
0.919157
0.919157
0.919157
0.919157
0.919157
0.919157
0.919157
0.919157
0.919157
0.919157
0.919157
0.919157
0.919157
0.919157
0.919157
0.919157
0.919157
0.919157
0.919157
0.919157
0.919157
0.919157
0.919157
0.919157
0.919157
0.919157
0.919157
0.919157
0.919157
0.919157
0.919157
0.919157
0.919157
0.919157
0.919157
0.919157
0.919157
0.919157
0.919157
0.919157
0.919157
0.919157
0.919157
0.919157
0.919157
0.919157
0.919157
0.919157
0.919157
0.919157
0.919157
0.919157
0.919157
0.919157
0.919157
0.919157
0.919157
0.919157
0.919157
0.919157
0.919157
0.919157
0.919157
0.919157
0.919157
0.919157
0.919157
0.919157
0.919157
0.919157
0.919157
0.919157
0.919157
0.919157
0.919157
0.919157
0.919157
0.919157
0.919157
0.919157
0.919157
0.919157
0.919157
0.919157
0.919157
0.919157
0.919157
0.919157
0.919157
0.919157
0.919157
0.919157
0.919157
0.919157
0.919157
0.919157
0.919157
0.919157
0.919157
0.919157
0.919157
0.919157
0.919157
0.919157
0.919157
0.919157
0.919157
0.919157
0.919157
0.919157
0.919157
0.919157
0.919157
0.919157
0.919157
0.919157
0.919157
0.919157
0.919157
0.919157
0.919157
0.919157
0.919157
0.919157
0.919157
0.919157
0.919157
0.919157
0.919157
0.919157
0.919157
0.919157
0.919157
0.919157
0.919157
0.919157
0.919157
0.919157
0.919157
0.919157
0.919157
0.919157
0.919157
0.919157
0.919157
0.919157
0.919157
0.919157
0.919157
0.919157
0.919157
0.919157
0.919157
0.919157
0.919157
0.919157
0.919157
0.919157
0.919157
0.919157
0.919157
0.919157
0.919157
0.919157
0.919157
0.919157
0.919157
0.919157
0.919157
0.919157
0.919157
0.919157
0.919157
0.919157
0.919157
0.919157
0.919157
0.919157
0.919157
0.919157
0.919157
0.919157
0.919157
0.919157
0.919157
0.919157
0.919157
0.919157
0.919157
0.919157
0.919157
0.919157
0.919157
0.919157
0.919157
0.919157
0.919157
0.919157
0.919157
0.919157
0.919157
0.919157
0.919157
0.919157
0.919157
0.919157
0.919157
0.919157
0.919157
0.919157
0.919157
0.919157
0.919157
0.919157
0.919157
0.919157
0.919157
0.919157
0.919157
0.919157
0.919157
0.919157
0.919157
0.919157
0.919157
