6.01147
5.44346
5.06031
5.0142
4.6698
4.45957
4.21625
4.15706
3.80608
3.75263
3.7175
3.48637
3.41346
3.01868
2.88583
2.65748
2.49001
2.43899
2.34715
2.2228
2.2228
2.19788
2.16928
2.11692
2.11692
2.11692
2.01151
2.01151
1.96437
1.93121
1.69255
1.63411
1.63411
1.58693
1.58693
1.50786
1.50786
1.50786
1.45832
1.45832
1.44494
1.44494
1.41018
1.35613
1.35613
1.35613
1.30895
1.30895
1.30895
1.30895
1.30895
1.30895
1.27394
1.27394
1.27394
1.27394
1.24658
1.24658
1.24658
1.24658
1.24658
1.23342
1.22194
1.22194
1.22194
1.22194
1.22194
1.22194
1.22194
1.21063
1.21063
1.21063
1.20944
1.20944
1.2066
1.2066
1.2066
1.2066
1.2066
1.2066
1.2066
1.2066
1.2066
1.2066
1.2066
1.2066
1.2066
1.2066
1.2066
1.2066
1.2066
1.2066
1.2066
1.2066
1.2066
1.2066
1.2066
1.2066
1.2066
1.2066
1.2066
1.2066
1.2066
1.2066
1.2066
1.2066
1.2066
1.2066
1.2066
1.2066
1.2066
1.2066
1.2066
1.2066
1.2066
1.2066
1.2066
1.2066
1.2066
1.2066
1.2066
1.2066
1.2066
1.2066
1.2066
1.2066
1.2066
1.2066
1.2066
1.2066
1.2066
1.2066
1.2066
1.2066
1.2066
1.2066
1.2066
1.2066
1.2066
1.2066
1.2066
1.2066
1.2066
1.2066
1.2066
1.2066
1.2066
1.2066
1.2066
1.2066
1.2066
1.2066
1.2066
1.2066
1.2066
1.2066
1.2066
1.2066
1.2066
1.2066
1.2066
1.2066
1.2066
1.2066
1.2066
1.2066
1.2066
1.2066
1.2066
1.2066
1.2066
1.2066
1.2066
1.2066
1.2066
1.2066
1.2066
1.2066
1.2066
1.2066
1.2066
1.2066
1.2066
1.2066
1.2066
1.2066
1.2066
1.2066
1.2066
1.2066
1.2066
1.2066
1.2066
1.2066
1.2066
1.2066
1.2066
1.2066
1.2066
1.2066
1.2066
1.2066
1.2066
1.2066
1.2066
1.2066
1.2066
1.2066
1.2066
1.2066
1.2066
1.2066
1.2066
1.2066
1.2066
1.2066
1.2066
1.2066
1.2066
1.2066
1.2066
1.2066
1.2066
1.204
1.204
1.204
1.204
1.204
1.204
1.204
1.204
1.204
1.204
1.204
1.204
1.204
1.204
1.204
1.204
1.204
1.204
1.204
1.204
1.204
1.204
1.204
1.204
1.204
1.204
1.204
1.204
1.204
1.204
1.204
1.204
1.204
1.204
1.204
1.204
1.204
1.204
1.204
1.204
1.204
1.204
1.204
1.204
1.204
1.204
1.204
1.204
1.204
1.204
1.204
1.204
1.204
1.204
1.204
1.204
1.204
1.204
1.204
1.204
1.204
1.204
1.204
1.204
1.204
1.204
1.204
1.204
1.204
1.204
1.204
1.204
1.204
1.204
1.204
1.204
1.204
1.204
1.204
1.204
1.204
1.204
1.204
1.204
1.204
1.204
1.204
1.204
1.204
1.204
1.204
1.204
1.204
1.204
1.204
1.204
1.204
1.204
1.204
1.204
1.204
1.204
1.204
1.204
1.204
1.204
1.204
1.204
1.204
1.204
1.204
1.204
1.204
1.204
1.204
1.204
1.204
1.204
1.204
1.204
1.204
1.204
1.204
1.204
1.204
1.204
1.204
1.204
1.204
1.204
1.204
1.204
1.204
1.204
1.204
1.204
1.204
1.204
1.204
1.204
1.204
1.204
1.204
1.204
1.204
1.204
1.204
1.204
1.204
1.204
1.204
1.204
1.204
1.204
1.204
1.204
1.204
1.204
1.204
1.204
1.204
1.204
1.204
1.204
1.204
1.204
1.204
1.204
1.204
1.204
1.204
1.204
1.204
1.204
1.204
1.204
1.204
1.204
1.204
1.204
1.204
1.204
1.204
1.204
1.204
1.204
1.204
1.204
1.204
1.204
1.204
1.204
1.204
1.204
1.204
1.204
1.204
1.204
1.204
1.204
1.204
1.204
1.204
1.204
1.204
1.204
1.204
1.204
1.204
1.204
1.204
1.204
1.204
1.204
1.204
1.204
1.204
1.204
1.204
1.204
1.204
1.204
1.204
1.204
1.204
1.204
1.204
1.204
1.204
1.204
1.204
1.204
1.204
1.204
1.204
1.204
1.204
1.204
1.204
1.204
1.204
1.204
1.204
1.204
1.204
1.204
1.204
1.204
1.204
1.204
1.204
1.204
1.204
1.204
1.204
1.204
1.204
1.204
1.204
1.204
1.204
1.204
1.204
1.204
1.204
1.204
1.204
1.204
1.204
1.204
1.204
1.204
1.204
1.204
1.204
1.204
