10 58.0243
9.99 61.7424
9.98 67.7303
9.97 62.0158
9.96 67.1718
9.95 55.6713
9.94 56.6633
9.93 63.9729
9.92 53.8615
9.91 42.7321
9.9 72.5415
9.89 50.1055
9.88 69.3391
9.87 57.7059
9.86 54.4039
9.85 68.9964
9.84 69.4013
9.83 57.5085
9.82 66.3642
9.81 51.6122
9.8 54.5162
9.79 58.9703
9.78 55.3582
9.77 49.4701
9.76 59.0169
9.75 64.6993
9.74 59.8045
9.73 54.2135
9.72 57.6451
9.71 61.0474
9.7 61.4676
9.69 36.6814
9.68 54.0661
9.67 76.6829
9.66 57.7047
9.65 62.8806
9.64 55.2835
9.63 56.8021
9.62 65.2052
9.61 53.5718
9.6 59.2611
9.59 49.6252
9.58 57.8439
9.57 60.2876
9.56 51.9067
9.55 48.1249
9.54 65.1952
9.53 67.2966
9.52 57.4106
9.51 56.2812
9.5 70.8482
9.49 69.2761
9.48 50.8931
9.47 61.1293
9.46 62.4196
9.45 45.3647
9.44 55.4586
9.43 55.7244
9.42 57.6098
9.41 58.7596
9.4 51.5475
9.39 58.1049
9.38 50.5837
9.37 56.5681
9.36 44.6747
9.35 61.3503
9.34 59.2125
9.33 53.5463
9.32 65.8269
9.31 61.6014
9.3 67.6327
9.29 63.7444
9.28 63.5776
9.27 54.8784
9.26 58.8494
9.25 66.4716
9.24 47.1171
9.23 73.5282
9.22 62.2776
9.21 49.7193
9.2 60.2118
9.19 46.6731
9.18 63.6653
9.17 68.0001
9.16 63.1143
9.15 59.3164
9.14 43.2675
9.13 74.5505
9.12 49.9055
9.11 59.4359
9.1 58.1497
9.09 66.258
9.08 59.6943
9.07 42.8915
9.06 48.3673
9.05 41.1194
9.04 57.3297
9.03 64.7264
9.02 60.1609
9.01 53.4044
9 60.0369
8.99 56.9202
8.98 60.6461
8.97 61.8213
8.96 70.7881
8.95 74.6411
8.94 52.3825
8.93 62.0977
8.92 49.9992
8.91 52.1466
8.9 53.6663
8.89 58.2555
8.88 65.6357
8.87 46.421
8.86 53.5883
8.85 56.1155
8.84 54.3662
8.83 49.5883
8.82 57.3245
8.81 54.8134
8.8 61.5924
8.79 52.6217
8.78 56.0379
8.77 62.1041
8.76 56.3156
8.75 37.8069
8.74 53.1464
8.73 56.4391
8.72 65.2677
8.71 57.5597
8.7 69.4411
8.69 70.7307
8.68 51.5123
8.67 53.0837
8.66 48.1955
8.65 74.1756
8.64 60.9885
8.63 55.1747
8.62 64.3251
8.61 61.7728
8.6 52.3647
8.59 75.1519
8.58 51.7923
8.57 65.4029
8.56 57.7575
8.55 41.2555
8.54 70.2321
8.53 52.0112
8.52 56.7573
8.51 59.1009
8.5 66.7174
8.49 51.6384
8.48 49.2085
8.47 53.9245
8.46 66.3649
8.45 53.0424
8.44 61.4894
8.43 68.2138
8.42 66.2942
8.41 60.0294
8.4 64.9757
8.39 53.2903
8.38 60.3996
8.37 55.745
8.36 67.0921
8.35 58.3527
8.34 45.2184
8.33 53.9574
8.32 61.409
8.31 62.6135
8.3 73.9101
8.29 57.7045
8.28 56.0706
8.27 66.191
8.26 48.8012
8.25 50.3761
8.24 52.1257
8.23 66.9737
8.22 59.8918
8.21 47.6334
8.2 61.3852
8.19 52.3052
8.18 52.7689
8.17 58.856
8.16 46.2472
8.15 55.8954
8.14 54.7599
8.13 65.5557
8.12 61.1764
8.11 52.9088
8.1 58.1486
8.09 50.2653
8.08 58.6603
8.07 53.59
8.06 76.9592
8.05 55.7803
8.04 57.7881
8.03 43.1347
8.02 46.1429
8.01 57.7169
8 58.8411
7.99 53.8824
7.98 63.4581
7.97 61.6084
7.96 55.9004
7.95 67.0824
7.94 57.6097
7.93 56.2367
7.92 63.2146
7.91 45.5747
7.9 55.6317
7.89 66.5898
7.88 51.6378
7.87 66.4076
7.86 61.6168
7.85 58.8774
7.84 57.0539
7.83 70.5429
7.82 53.539
7.81 57.0445
7.8 56.2563
7.79 56.8417
7.78 59.6668
7.77 55.5562
7.76 53.4463
7.75 52.7496
7.74 71.948
7.73 54.1077
7.72 50.4929
7.71 55.576
7.7 45.101
7.69 59.447
7.68 51.0141
7.67 59.2131
7.66 47.3844
7.65 64.1901
7.64 64.0965
7.63 48.3028
7.62 65.83
7.61 41.8707
7.6 58.7858
7.59 52.8243
7.58 51.2064
7.57 61.1916
7.56 51.4463
7.55 43.5258
7.54 51.8692
7.53 52.435
7.52 63.0095
7.51 61.993
7.5 62.8641
7.49 48.9287
7.48 71.2914
7.47 45.3568
7.46 59.0043
7.45 51.3419
7.44 47.0633
7.43 51.8571
7.42 64.6868
7.41 45.3214
7.4 54.9681
7.39 58.0049
7.38 52.6753
7.37 57.5676
7.36 55.0208
7.35 58.0599
7.34 51.4674
7.33 51.5314
7.32 43.5358
7.31 67.2822
7.3 55.5894
7.29 46.1056
7.28 57.8297
7.27 60.4338
7.26 47.0433
7.25 55.9925
7.24 49.7012
7.23 62.2261
7.22 59.8931
7.21 53.4572
7.2 45.4745
7.19 47.0727
7.18 52.2964
7.17 64.979
7.16 64.2051
7.15 64.5031
7.14 41.1743
7.13 72.7615
7.12 55.8949
7.11 55.3766
7.1 63.5239
7.09 60.0891
7.08 63.8887
7.07 59.4964
7.06 51.6352
7.05 60.8974
7.04 66.3634
7.03 53.4655
7.02 50.3857
7.01 60.4185
7 62.4349
6.99 60.6112
6.98 61.1892
6.97 65.3026
6.96 56.0379
6.95 38.5164
6.94 65.2519
6.93 60.9565
6.92 51.4277
6.91 58.6529
6.9 67.0418
6.89 67.2554
6.88 45.0491
6.87 48.2421
6.86 47.4125
6.85 48.5543
6.84 62.8101
6.83 51.9786
6.82 47.9137
6.81 54.1894
6.8 62.4851
6.79 53.9657
6.78 70.0026
6.77 54.9451
6.76 45.6235
6.75 55.225
6.74 52.3262
6.73 56.9778
6.72 58.3899
6.71 53.3112
6.7 43.5806
6.69 35.428
6.68 44.7133
6.67 64.3497
6.66 55.7913
6.65 53.1489
6.64 47.2869
6.63 65.5027
6.62 55.2955
6.61 65.5536
6.6 53.9585
6.59 66.6597
6.58 52.42
6.57 64.0506
6.56 49.5156
6.55 64.4832
6.54 54.3405
6.53 47.8085
6.52 61.5233
6.51 43.5587
6.5 46.2903
6.49 49.8101
6.48 61.5565
6.47 50.9208
6.46 51.9538
6.45 49.5537
6.44 48.7986
6.43 55.3142
6.42 55.3746
6.41 43.7049
6.4 47.5978
6.39 62.6873
6.38 52.5264
6.37 59.7899
6.36 57.7019
6.35 61.3518
6.34 57.5698
6.33 55.5017
6.32 43.28
6.31 41.5253
6.3 71.399
6.29 55.4281
6.28 53.5585
6.27 47.1178
6.26 43.7288
6.25 43.5878
6.24 63.7967
6.23 66.4569
6.22 58.2655
6.21 53.5366
6.2 52.9042
6.19 57.9427
6.18 57.4191
6.17 41.1262
6.16 60.9942
6.15 57.6091
6.14 52.0842
6.13 58.1999
6.12 64.6091
6.11 57.9892
6.1 53.0553
6.09 47.8329
6.08 54.0594
6.07 53.9458
6.06 53.6964
6.05 69.404
6.04 45.7346
6.03 59.4189
6.02 61.7812
6.01 48.3515
6 80.7788
5.99 53.9257
5.98 64.2212
5.97 53.8612
5.96 53.0112
5.95 48.0116
5.94 50.071
5.93 57.5075
5.92 48.9073
5.91 55.0477
5.9 51.5577
5.89 46.3777
5.88 57.0526
5.87 46.7681
5.86 71.6901
5.85 68.171
5.84 41.9304
5.83 52.9915
5.82 38.7894
5.81 63.2125
5.8 63.2188
5.79 43.314
5.78 48.6593
5.77 46.4232
5.76 68.795
5.75 53.2304
5.74 60.0799
5.73 49.3788
5.72 62.9293
5.71 60.1149
5.7 54.6285
5.69 52.2726
5.68 59.9555
5.67 50.5827
5.66 43.3262
5.65 68.7632
5.64 43.1022
5.63 57.9322
5.62 55.4049
5.61 53.4646
5.6 53.5609
5.59 56.2506
5.58 53.0191
5.57 53.935
5.56 52.9927
5.55 55.6377
5.54 45.9236
5.53 55.2943
5.52 61.2319
5.51 47.6225
5.5 54.6507
5.49 62.6792
5.48 48.1507
5.47 50.4497
5.46 63.882
5.45 60.1611
5.44 53.263
5.43 50.2406
5.42 51.2873
5.41 52.4117
5.4 65.581
5.39 57.813
5.38 46.8164
5.37 48.9012
5.36 58.6791
5.35 55.5057
5.34 44.6295
5.33 53.4049
5.32 55.9039
5.31 51.1162
5.3 47.8463
5.29 57.7775
5.28 66.9226
5.27 54.157
5.26 48.8128
5.25 51.7229
5.24 42.2905
5.23 68.1335
5.22 52.2998
5.21 60.9783
5.2 39.3741
5.19 43.7142
5.18 50.8688
5.17 58.7178
5.16 47.5695
5.15 41.8813
5.14 40.5112
5.13 53.0861
5.12 71.4579
5.11 50.3765
5.1 48.9752
5.09 30.3705
5.08 43.7045
5.07 50.6311
5.06 50.8359
5.05 72.3405
5.04 57.5516
5.03 36.9472
5.02 50.9085
5.01 54.9956
5 56.5741
4.99 59.3372
4.98 61.9808
4.97 55.9302
4.96 57.8781
4.95 36.2665
4.94 57.3423
4.93 53.4911
4.92 38.8388
4.91 65.0974
4.9 46.5043
4.89 43.8266
4.88 62.8136
4.87 50.2254
4.86 50.4444
4.85 45.6729
4.84 49.9832
4.83 49.4232
4.82 58.1306
4.81 50.2089
4.8 58.3452
4.79 44.4154
4.78 57.4368
4.77 59.6585
4.76 37.1337
4.75 60.0077
4.74 48.6581
4.73 55.0405
4.72 60.352
4.71 64.417
4.7 64.8707
4.69 50.6853
4.68 41.4813
4.67 50.9713
4.66 57.7576
4.65 67.9109
4.64 57.3504
4.63 43.2108
4.62 38.7363
4.61 60.9914
4.6 53.6164
4.59 45.6411
4.58 52.7423
4.57 53.2631
4.56 55.811
4.55 44.8692
4.54 66.2551
4.53 49.1695
4.52 45.2088
4.51 66.8558
4.5 81.6718
4.49 50.575
4.48 43.0535
4.47 65.9979
4.46 55.0234
4.45 54.0914
4.44 47.1929
4.43 58.0638
4.42 41.7184
4.41 51.5451
4.4 43.3456
4.39 46.8905
4.38 51.4016
4.37 50.2599
4.36 44.1775
4.35 41.8812
4.34 60.7019
4.33 57.3638
4.32 53.3026
4.31 61.3673
4.3 54.0107
4.29 40.3245
4.28 56.0346
4.27 34.0332
4.26 58.8418
4.25 56.1697
4.24 65.9482
4.23 60.0317
4.22 61.9007
4.21 54.7495
4.2 55.2294
4.19 53.6944
4.18 53.8698
4.17 32.1529
4.16 36.1019
4.15 58.29
4.14 46.7336
4.13 56.4169
4.12 50.1719
4.11 46.5727
4.1 54.1789
4.09 48.2858
4.08 57.1059
4.07 53.3571
4.06 41.4767
4.05 57.6525
4.04 49.3845
4.03 42.5944
4.02 34.5854
4.01 51.9896
4 74.8705
3.99 49.4178
3.98 41.9182
3.97 46.1958
3.96 58.5094
3.95 59.4946
3.94 47.5592
3.93 49.3903
3.92 37.5522
3.91 48.8157
3.9 39.8571
3.89 49.8036
3.88 41.5629
3.87 50.8256
3.86 39.6273
3.85 46.6554
3.84 62.3043
3.83 53.3715
3.82 47.4144
3.81 43.0872
3.8 53.0004
3.79 48.1615
3.78 52.9642
3.77 42.9342
3.76 55.8975
3.75 53.7068
3.74 46.9351
3.73 38.6583
3.72 30.8429
3.71 48.1078
3.7 54.8071
3.69 50.3365
3.68 50.7159
3.67 44.407
3.66 47.5309
3.65 54.3763
3.64 45.0427
3.63 48.6575
3.62 37.3479
3.61 45.1685
3.6 55.83
3.59 49.2718
3.58 37.9855
3.57 72.4386
3.56 48.2302
3.55 62.7943
3.54 51.35
3.53 45.441
3.52 42.3273
3.51 41.4667
3.5 49.5136
3.49 57.7058
3.48 40.9147
3.47 35.6129
3.46 57.1895
3.45 52.4312
3.44 56.7749
3.43 45.6899
3.42 64.8998
3.41 45.6478
3.4 60.1717
3.39 42.6475
3.38 55.3738
3.37 46.9377
3.36 31.9014
3.35 58.9981
3.34 49.9687
3.33 40.6862
3.32 43.9792
3.31 55.066
3.3 43.0948
3.29 53.2153
3.28 45.6414
3.27 42.7476
3.26 40.256
3.25 49.3124
3.24 43.2419
3.23 46.1014
3.22 38.3438
3.21 53.5192
3.2 46.4555
3.19 45.5187
3.18 51.0543
3.17 44.4635
3.16 46.4898
3.15 56.3035
3.14 38.9893
3.13 33.3444
3.12 45.8998
3.11 46.264
3.1 48.9256
3.09 44.9915
3.08 46.4195
3.07 49.3862
3.06 40.1814
3.05 57.721
3.04 45.5257
3.03 48.2073
3.02 33.9451
3.01 58.1905
3 41.6125
2.99 47.3675
2.98 38.0852
2.97 43.4792
2.96 33.6578
2.95 26.8764
2.94 52.7404
2.93 35.4211
2.92 41.5628
2.91 47.2569
2.9 27.4906
2.89 50.7847
2.88 39.181
2.87 44.8893
2.86 51.627
2.85 38.7061
2.84 38.7444
2.83 37.1289
2.82 37.6074
2.81 56.3628
2.8 52.2244
2.79 28.4026
2.78 46.994
2.77 41.4124
2.76 42.9401
2.75 47.9784
2.74 41.5501
2.73 43.61
2.72 54.1367
2.71 55.4202
2.7 45.5484
2.69 27.9167
2.68 50.1693
2.67 54.1354
2.66 52.1881
2.65 31.0342
2.64 44.7066
2.63 41.0933
2.62 42.3384
2.61 43.4423
2.6 32.2505
2.59 43.939
2.58 35.2352
2.57 38.7209
2.56 30.7916
2.55 46.8365
2.54 40.6476
2.53 43.8447
2.52 43.5899
2.51 32.4111
2.5 43.8167
2.49 43.8971
2.48 38.2116
2.47 46.9229
2.46 55.5135
2.45 38.3845
2.44 45.7095
2.43 33.8288
2.42 48.4499
2.41 43.6323
2.4 37.3383
2.39 42.8901
2.38 41.5953
2.37 35.6583
2.36 51.6677
2.35 36.3939
2.34 46.4311
2.33 30.0145
2.32 40.0388
2.31 43.7258
2.3 42.1996
2.29 42.4436
2.28 43.0994
2.27 38.3099
2.26 44.7836
2.25 36.2814
2.24 35.9544
2.23 36.8817
2.22 36.2076
2.21 44.8608
2.2 42.4397
2.19 38.6113
2.18 35.0503
2.17 31.3402
2.16 41.9252
2.15 35.6746
2.14 45.9518
2.13 32.1525
2.12 39.5213
2.11 36.512
2.1 30.7547
2.09 30.0817
2.08 35.407
2.07 32.0269
2.06 28.8363
2.05 31.8053
2.04 31.6098
2.03 38.4067
2.02 27.8212
2.01 32.9965
2 42.1863
1.99 35.7386
1.98 45.0193
1.97 36.0573
1.96 31.1042
1.95 28.2701
1.94 34.1118
1.93 49.1019
1.92 41.8129
1.91 25.0524
1.9 36.1015
1.89 37.5868
1.88 27.4357
1.87 33.9825
1.86 32.7064
1.85 29.3582
1.84 32.3833
1.83 45.8647
1.82 34.4234
1.81 37.7217
1.8 27.349
1.79 47.4973
1.78 34.54
1.77 26.9194
1.76 26.376
1.75 32.9217
1.74 28.5731
1.73 36.0895
1.72 36.4814
1.71 29.7349
1.7 30.1103
1.69 31.7913
1.68 40.6808
1.67 34.1241
1.66 35.4814
1.65 33.2078
1.64 24.1392
1.63 32.3329
1.62 22.7491
1.61 34.4156
1.6 32.9667
1.59 29.5195
1.58 20.5806
1.57 41.9328
1.56 23.5055
1.55 37.5308
1.54 33.213
1.53 26.4025
1.52 28.0083
1.51 29.4065
1.5 24.0298
1.49 33.529
1.48 22.714
1.47 24.7554
1.46 25.6192
1.45 22.8827
1.44 28.3698
1.43 31.0671
1.42 20.2748
1.41 22.2948
1.4 29.9663
1.39 25.1133
1.38 15.8729
1.37 27.134
1.36 24.4213
1.35 43.814
1.34 22.5097
1.33 34.4352
1.32 34.3955
1.31 19.6981
1.3 28.6028
1.29 26.8882
1.28 29.4997
1.27 22.9584
1.26 33.51
1.25 22.67
1.24 25.5589
1.23 23.7181
1.22 36.1175
1.21 30.6222
1.2 22.5556
1.19 18.5495
1.18 18.6679
1.17 25.3114
1.16 16.345
1.15 19.7265
1.14 30.7354
1.13 24.8752
1.12 20.1575
1.11 25.9916
1.1 26.1313
1.09 19.9522
1.08 17.4258
1.07 25.7175
1.06 19.3871
1.05 16.1531
1.04 19.5504
1.03 21.3099
1.02 20.2606
1.01 33.2835
1 24.9607
0.99 29.1259
0.98 32.2612
0.97 22.0731
0.96 16.8594
0.95 17.6587
0.94 20.2396
0.93 22.8816
0.92 26.4715
0.91 15.373
0.9 19.5411
0.89 16.9119
0.88 19.1795
0.87 24.1879
0.86 18.2009
0.85 24.347
0.84 14.4438
0.83 23.3798
0.82 19.9764
0.81 22.3539
0.8 21.9609
0.79 16.8532
0.78 16.7105
0.77 11.317
0.76 12.5394
0.75 19.4076
0.74 16.156
0.73 15.0675
0.72 18.4345
0.71 16.8759
0.7 19.8621
0.69 18.9241
0.68 19.1177
0.67 10.802
0.66 10.5419
0.65 17.6477
0.64 11.1821
0.63 13.5502
0.62 10.4379
0.61 14.2001
0.6 12.7294
0.59 12.8083
0.58 14.0794
0.57 16.9266
0.56 10.2367
0.55 9.64389
0.54 14.9455
0.53 12.0978
0.52 5.54597
0.51 9.53328
0.5 12.4112
0.49 12.6436
0.48 10.5385
0.47 11.7104
0.46 11.4889
0.45 9.36503
0.44 9.68395
0.43 7.42223
0.42 7.2849
0.41 6.89083
0.4 8.60338
0.39 8.77718
0.38 7.35374
0.37 7.11956
0.36 8.77348
0.35 8.5022
0.34 7.76907
0.33 7.85019
0.32 6.7119
0.31 5.68876
0.3 5.74959
0.29 5.92099
0.28 6.99832
0.27 4.39461
0.26 5.35155
0.25 3.32326
0.24 4.48502
0.23 5.05174
0.22 4.25314
0.21 4.02742
0.2 3.96452
0.19 5.58205
0.18 4.60669
0.17 3.02631
0.16 3.14931
0.15 3.1183
0.14 2.95643
0.13 2.63309
0.12 2.36666
0.11 2.56987
0.1 2.49702
0.09 2.526
0.08 2.67515
0.07 2.59317
0.06 2.82305
0.05 2.73923
0.04 2.38472
0.03 2.3513
0.02 2.31864
0.01 2.31678
1.68889e-13 2.31678
