6.44712
5.12901
4.86892
4.76567
4.29325
4.10364
3.66564
3.4913
3.32277
3.05893
2.72243
2.71615
2.61659
2.24153
2.22769
2.221
2.1798
2.02222
1.96848
1.92856
1.74891
1.74891
1.7173
1.7173
1.7173
1.6134
1.60683
1.6038
1.50282
1.50282
1.4915
1.4915
1.4915
1.46123
1.43403
1.43403
1.43403
1.41998
1.39277
1.37765
1.24595
1.2409
1.22233
1.21727
1.21727
1.15847
1.15847
1.15847
1.15847
1.15847
1.15847
1.1401
1.12416
1.10579
1.10533
1.10533
1.10533
1.08234
1.08234
0.992171
0.992171
0.986098
0.986098
0.986098
0.986098
0.986098
0.986098
0.986098
0.986098
0.986098
0.986098
0.986098
0.986098
0.986098
0.986098
0.986098
0.986098
0.986098
0.986098
0.986098
0.986098
0.986098
0.986098
0.986098
0.986098
0.986098
0.986098
0.986098
0.986098
0.986098
0.986098
0.986098
0.986098
0.986098
0.986098
0.986098
0.986098
0.986098
0.986098
0.986098
0.986098
0.986098
0.986098
0.986098
0.986098
0.986098
0.986098
0.986098
0.986098
0.986098
0.986098
0.986098
0.986098
0.986098
0.986098
0.984859
0.984859
0.984859
0.984859
0.984859
0.984859
0.984859
0.984859
0.984859
0.984859
0.984859
0.984859
0.984859
0.984859
0.984859
0.984859
0.984859
0.984859
0.984859
0.984859
0.984859
0.984859
0.984859
0.984859
0.984859
0.984859
0.984859
0.984859
0.984859
0.984859
0.984859
0.984859
0.984859
0.984859
0.9826
0.932152
0.932152
0.932152
0.922236
0.922236
0.922236
0.922236
0.922236
0.922236
0.919157
0.919157
0.919157
0.919157
0.919157
0.919157
0.919157
0.919157
0.919157
0.919157
0.919157
0.919157
0.919157
0.919157
0.919157
0.919157
0.919157
0.919157
0.919157
0.919157
0.919157
0.919157
0.919157
0.919157
0.919157
0.919157
0.919157
0.919157
0.919157
0.919157
0.919157
0.919157
0.919157
0.919157
0.919157
0.919157
0.919157
0.919157
0.919157
0.919157
0.919157
0.919157
0.919157
0.919157
0.919157
0.919157
0.919157
0.919157
0.919157
0.919157
0.919157
0.919157
0.919157
0.919157
0.919157
0.919157
0.919157
0.919157
0.919157
0.919157
0.919157
0.919157
0.919157
0.919157
0.919157
0.919157
0.919157
0.919157
0.919157
0.919157
0.919157
0.919157
0.919157
0.919157
0.919157
0.919157
0.919157
0.919157
0.919157
0.919157
0.919157
0.919157
0.919157
0.919157
0.919157
0.919157
0.919157
0.919157
0.919157
0.919157
0.919157
0.919157
0.919157
0.919157
0.919157
0.919157
0.919157
0.919157
0.919157
0.919157
0.919157
0.919157
0.919157
0.919157
0.919157
0.919157
0.919157
0.919157
0.919157
0.919157
0.919157
0.919157
0.919157
0.919157
0.919157
0.919157
0.919157
0.919157
0.919157
0.919157
0.919157
0.919157
0.919157
0.919157
0.919157
0.919157
0.919157
0.919157
0.919157
0.919157
0.919157
0.919157
0.919157
0.919157
0.919157
0.919157
0.919157
0.919157
0.919157
0.919157
0.919157
0.919157
0.919157
0.919157
0.919157
0.919157
0.919157
0.919157
0.919157
0.919157
0.919157
0.919157
0.919157
0.919157
0.919157
0.919157
0.919157
0.919157
0.919157
0.919157
0.919157
0.919157
0.919157
0.919157
0.919157
0.919157
0.919157
0.919157
0.919157
0.919157
0.919157
0.919157
0.919157
0.919157
0.919157
0.919157
0.919157
0.919157
0.919157
0.919157
0.919157
0.919157
0.919157
0.919157
0.919157
0.919157
0.919157
0.919157
0.919157
0.919157
0.919157
0.919157
0.919157
0.919157
0.919157
0.919157
0.919157
0.919157
0.919157
0.919157
0.919157
0.919157
0.919157
0.919157
0.919157
0.919157
0.919157
0.919157
0.919157
0.919157
0.919157
0.919157
0.919157
0.919157
0.919157
0.919157
0.919157
0.919157
0.919157
0.919157
0.919157
0.919157
0.919157
0.919157
0.919157
0.919157
0.919157
0.919157
0.919157
0.919157
0.919157
0.919157
0.919157
0.919157
0.919157
0.919157
0.919157
0.919157
0.919157
0.919157
0.919157
0.919157
0.919157
0.919157
0.919157
0.919157
0.919157
0.919157
0.919157
0.919157
0.919157
0.919157
0.919157
0.919157
0.919157
0.919157
0.919157
0.919157
0.919157
0.919157
0.919157
0.919157
0.919157
0.919157
0.919157
0.919157
0.919157
0.919157
0.919157
0.919157
0.919157
0.919157
0.919157
0.919157
0.919157
0.919157
0.919157
0.919157
0.919157
0.919157
0.919157
0.919157
0.919157
0.919157
0.919157
0.919157
0.919157
0.919157
0.919157
0.919157
0.919157
0.919157
0.919157
0.919157
0.919157
0.919157
0.919157
0.919157
0.919157
0.919157
0.919157
0.919157
0.919157
0.919157
0.919157
0.919157
0.919157
0.919157
0.919157
0.919157
0.919157
0.919157
0.919157
0.919157
0.919157
0.919157
0.919157
0.919157
0.919157
0.919157
0.919157
0.919157
0.919157
0.919157
0.919157
0.919157
0.919157
0.919157
0.919157
0.919157
0.919157
0.919157
0.919157
0.919157
0.919157
0.919157
0.919157
0.919157
0.919157
0.919157
