           1    -5.51368    -5.51368           0
           2    -5.52272     -5.5182    0.004524
           3    -5.52283    -5.51974  0.00303351
           4    -5.47808    -5.50933   0.0106348
           5    -5.48321     -5.5041  0.00975422
           6    -5.50156    -5.50368  0.00797552
           7    -5.48726    -5.50133  0.00713708
           8    -5.50269     -5.5015  0.00618322
           9    -5.49303    -5.50056  0.00553376
          10    -5.49045    -5.49955  0.00505178
          11    -5.44626    -5.49471  0.00665932
          12    -5.46001    -5.49182  0.00673166
          13    -5.48879    -5.49158  0.00619661
          14    -5.51078    -5.49295  0.00589853
          15    -5.50156    -5.49353  0.00552113
          16    -5.51771    -5.49504  0.00538117
          17    -5.49803    -5.49521   0.0050578
          18    -5.46069     -5.4933  0.00513975
          19    -5.49927    -5.49361  0.00487186
          20    -5.44227    -5.49104  0.00528693
          21    -5.52752    -5.49278  0.00532047
          22    -5.49962    -5.49309  0.00508238
          23    -5.47572    -5.49234  0.00491474
          24    -5.45664    -5.49085  0.00493493
          25    -5.45497    -5.48941  0.00494627
          26    -5.48534    -5.48926  0.00475481
          27    -5.49118    -5.48933  0.00457587
          28    -5.49328    -5.48947  0.00441167
          29    -5.53867    -5.49117  0.00458241
          30        -5.5    -5.49146   0.0044368
          31    -5.47055    -5.49079  0.00434398
          32    -5.48092    -5.49048  0.00421732
          33    -5.48134     -5.4902  0.00409689
          34    -5.49218    -5.49026    0.003975
          35    -5.46622    -5.48957   0.0039204
          36    -5.47932    -5.48929  0.00382057
          37    -5.48259    -5.48911  0.00372028
          38    -5.52385    -5.49002  0.00373469
          39    -5.51708    -5.49071  0.00370323
          40    -5.45512    -5.48982  0.00371756
          41    -5.51467    -5.49043  0.00367604
          42    -5.49318     -5.4905  0.00358804
          43    -5.52118    -5.49121  0.00357552
          44    -5.53092    -5.49211    0.003608
          45    -5.46365    -5.49148  0.00358319
          46    -5.50711    -5.49182  0.00352085
          47    -5.49691    -5.49193  0.00344683
          48     -5.5252    -5.49262  0.00344471
          49    -5.51487    -5.49307  0.00340409
          50    -5.50629    -5.49334  0.00334578
          51    -5.48663    -5.49321  0.00328216
          52    -5.47069    -5.49277  0.00324742
          53    -5.49279    -5.49277  0.00318556
          54    -5.47891    -5.49252  0.00313654
          55    -5.47641    -5.49222  0.00309287
          56    -5.46648    -5.49176  0.00307175
          57    -5.46351    -5.49127  0.00305782
          58    -5.50951    -5.49158  0.00302104
          59    -5.50221    -5.49176  0.00297486
          60    -5.51259    -5.49211  0.00294537
          61    -5.45478     -5.4915  0.00296061
          62    -5.47513    -5.49123  0.00292441
          63    -5.47399    -5.49096  0.00289061
          64    -5.48197    -5.49082  0.00284856
          65    -5.48678    -5.49076  0.00280508
          66    -5.52493    -5.49128  0.00281035
          67    -5.46354    -5.49086  0.00279888
          68     -5.4848    -5.49077  0.00275885
          69    -5.54204    -5.49152  0.00281827
          70    -5.48232    -5.49138  0.00278082
          71    -5.45274    -5.49084  0.00279489
          72    -5.52303    -5.49129  0.00279183
          73    -5.48985    -5.49127  0.00275339
          74    -5.48697    -5.49121  0.00271655
          75    -5.50003    -5.49133  0.00268266
          76    -5.52002     -5.4917  0.00267391
          77    -5.48489    -5.49162  0.00264044
          78    -5.47929    -5.49146  0.00261115
          79    -5.46753    -5.49116  0.00259562
          80    -5.49932    -5.49126  0.00256501
          81    -5.48806    -5.49122  0.00253345
          82    -5.53586    -5.49176   0.0025609
          83     -5.5304    -5.49223  0.00257232
          84    -5.54693    -5.49288  0.00262362
          85    -5.47483    -5.49267  0.00260126
          86    -5.47967    -5.49252  0.00257527
          87    -5.52753    -5.49292  0.00257712
          88    -5.52508    -5.49328  0.00257375
          89      -5.474    -5.49307  0.00255387
          90    -5.50986    -5.49325  0.00253222
          91    -5.49067    -5.49323   0.0025044
          92    -5.46537    -5.49292  0.00249546
          93      -5.469    -5.49267  0.00248185
          94    -5.47301    -5.49246  0.00246419
          95    -5.45922    -5.49211  0.00246308
          96    -5.50773    -5.49227  0.00244272
          97    -5.48285    -5.49217  0.00241935
          98    -5.49457     -5.4922  0.00239467
          99    -5.47337    -5.49201  0.00237797
         100    -5.48299    -5.49192   0.0023558
