0.0323165           0           0
0.0452431           0           0
0.0581697           0           0
0.0710963           0           0
0.084023           0           0
0.0969496           0           0
0.109876           0           0
0.122803           0           0
0.135729           0           0
0.148656           0           0
0.161583           0           0
0.174509           0           0
0.187436           0           0
0.200362           0           0
0.213289           0           0
0.226216           0           0
0.239142           0           0
0.252069           0           0
0.264995           0           0
0.277922           0           0
0.290849           0           0
0.303775           0           0
0.316702           0           0
0.329629           0           0
0.342555           0           0
0.355482           0           0
0.368408           0           0
0.381335           0           0
0.394262           0           0
0.407188           0           0
0.420115           0           0
0.433041           0           0
0.445968           0           0
0.458895           0           0
0.471821           0           0
0.484748           0           0
0.497674           0           0
0.510601           0           0
0.523528           0           0
0.536454           0           0
0.549381           0           0
0.562307           0           0
0.575234           0           0
0.588161           0           0
0.601087           0           0
0.614014           0           0
0.62694           0           0
0.639867           0           0
0.652794           0           0
0.66572           0           0
0.678647           0           0
0.691574           0           0
0.7045           0           0
0.717427           0           0
0.730353           0           0
0.74328           0           0
0.756207           0           0
0.769133           0           0
0.78206           0           0
0.794986           0           0
0.807913           0           0
0.82084           0           0
0.833766           0           0
0.846693           0           0
0.859619           0           0
0.872546           0           0
0.885473           0           0
0.898399           0           0
0.911326 0.000713774 0.000288377
0.924252  0.00298931 0.000450911
0.937179   0.0144333   0.0011751
0.950106   0.0413719  0.00171673
0.963032   0.0958778  0.00242541
0.975959    0.194178  0.00376552
0.988886    0.326416  0.00487765
1.00181     0.52923  0.00621854
1.01474    0.758913  0.00799282
1.02767    0.995469    0.009411
1.04059     1.23978   0.0117988
1.05352     1.49348   0.0127733
1.06645     1.67356   0.0138392
1.07937     1.84645    0.016647
1.0923     1.97778   0.0141578
1.10522     2.07726   0.0169064
1.11815     2.12314   0.0162403
1.13108     2.16396   0.0153542
1.144     2.18018   0.0156198
1.15693     2.19206   0.0174277
1.16986     2.16731   0.0150259
1.18278     2.15266   0.0164592
1.19571      2.0946   0.0136853
1.20864     2.04442   0.0157374
1.22156     2.01302    0.013584
1.23449     1.96032   0.0137228
1.24742     1.92922   0.0125011
1.26034     1.85879   0.0120885
1.27327     1.80186     0.01381
1.2862     1.74934   0.0131292
1.29912     1.70867   0.0117822
1.31205     1.66034   0.0108204
1.32498     1.62246   0.0119982
1.3379      1.5879  0.00978866
1.35083     1.54853  0.00939981
1.36376     1.52731  0.00905814
1.37668     1.49539  0.00986784
1.38961     1.46607  0.00928579
1.40254     1.41852  0.00859875
1.41546     1.39869  0.00876605
1.42839     1.37172  0.00852713
1.44132     1.35757  0.00716451
1.45424     1.33604  0.00792402
1.46717     1.31828  0.00922984
1.4801      1.3037  0.00675324
1.49302     1.27828  0.00732284
1.50595     1.26333  0.00751215
1.51888     1.23241  0.00737215
1.5318     1.22326  0.00759501
1.54473     1.22192   0.0069236
1.55766     1.19941  0.00698445
1.57058     1.20672  0.00749472
1.58351     1.16443  0.00782456
1.59644      1.1613  0.00656713
1.60936     1.14937  0.00669736
1.62229     1.14044  0.00722014
1.63522     1.12578  0.00729166
1.64814     1.12656  0.00684858
1.66107     1.12336  0.00557231
1.674     1.11068  0.00608763
1.68692     1.10747  0.00697522
1.69985     1.09218  0.00628965
1.71278     1.09021  0.00617402
1.7257     1.08737  0.00588902
1.73863     1.07776   0.0058189
1.75156     1.06977  0.00541319
1.76448     1.06072  0.00600082
1.77741     1.05528  0.00528306
1.79034      1.0658  0.00549086
1.80326     1.05373   0.0052259
1.81619      1.0554  0.00565738
1.82912     1.06039  0.00505696
1.84204      1.0478  0.00553405
1.85497     1.04858  0.00519634
1.86789     1.05103  0.00501901
1.88082     1.04033  0.00622429
1.89375     1.05492  0.00525861
1.90667     1.03166  0.00516391
1.9196     1.03823  0.00498706
1.93253     1.04234  0.00505599
1.94545     1.04214  0.00519353
1.95838     1.05295  0.00497451
1.97131     1.03735   0.0041908
1.98423      1.0384  0.00554407
1.99716     1.03562  0.00497168
2.01009     1.03375  0.00494065
2.02301     1.03334  0.00420722
2.03594     1.03674  0.00507112
2.04887     1.03221  0.00502678
2.06179      1.0365  0.00493178
2.07472     1.03582  0.00445334
2.08765     1.02818  0.00491546
2.10057     1.03124  0.00432873
2.1135     1.02038  0.00473318
2.12643     1.03057  0.00463224
2.13935     1.03666  0.00403474
2.15228      1.0351  0.00463675
2.16521     1.03105  0.00485999
2.17813      1.0251  0.00501492
2.19106     1.02607  0.00410073
2.20399     1.01829  0.00413722
2.21691     1.02206   0.0053129
2.22984     1.03163  0.00473062
2.24277     1.02988  0.00489569
2.25569     1.01963  0.00379501
2.26862     1.02444    0.004373
2.28155     1.02625  0.00372609
2.29447     1.02136  0.00446638
2.3074     1.01092  0.00416537
2.32033     1.02218  0.00469684
2.33325     1.01912  0.00417208
2.34618      1.0201  0.00425348
2.35911     1.01703   0.0038666
2.37203     1.01306  0.00411428
2.38496     1.01573  0.00339362
2.39789     1.01019  0.00412378
2.41081     1.00944  0.00426707
2.42374      1.0101  0.00362973
2.43667     1.01186  0.00367362
2.44959     1.00615  0.00410475
2.46252     1.00932  0.00348582
2.47545     1.00841  0.00397686
2.48837       1.004  0.00353464
2.5013     1.01112  0.00417904
2.51423     1.00007  0.00343394
2.52715     1.00218  0.00369283
2.54008     1.00407  0.00354236
2.55301     1.00595  0.00383595
2.56593    0.998718  0.00326628
2.57886    0.999133  0.00372023
2.59178    0.999971  0.00355521
2.60471    0.995932  0.00370006
2.61764      1.0005  0.00390137
2.63056    0.994686   0.0037836
2.64349    0.999155   0.0031073
2.65642     1.00221  0.00347062
2.66934    0.996188   0.0037557
2.68227    0.994114  0.00357853
2.6952    0.993377  0.00365959
2.70812    0.996663  0.00341245
2.72105    0.996768  0.00389352
2.73398    0.989799  0.00334716
2.7469    0.992332  0.00317224
2.75983    0.988692  0.00341838
2.77276    0.991962  0.00368145
2.78568    0.996217  0.00316705
2.79861    0.990592   0.0033346
2.81154     0.98905  0.00314903
2.82446    0.991736  0.00321558
2.83739    0.985365  0.00368584
2.85032    0.989369  0.00330312
2.86324    0.986079  0.00333122
2.87617     0.98498  0.00325814
2.8891    0.983326  0.00314808
2.90202    0.987629  0.00341724
2.91495    0.986317  0.00322221
2.92788    0.985356  0.00356814
2.9408    0.984996  0.00334474
2.95373    0.983502  0.00347945
2.96666    0.991587  0.00296443
2.97958    0.985437  0.00310769
2.99251    0.987217  0.00304926
3.00544    0.986579  0.00325454
3.01836    0.984904  0.00312467
3.03129    0.988839  0.00341189
3.04422    0.985345  0.00296052
3.05714    0.978581   0.0029686
3.07007    0.983068  0.00274831
3.083    0.984355  0.00277681
3.09592    0.983417  0.00298471
3.10885    0.980767  0.00291949
3.12178    0.981879  0.00284849
3.1347    0.986388  0.00304314
3.14763    0.989239  0.00263863
3.16056    0.984144  0.00290145
3.17348    0.981418  0.00338278
3.18641     0.97953  0.00268857
3.19934    0.987843  0.00319918
3.21226    0.984641  0.00283392
3.22519    0.979316  0.00308764
3.23812    0.983015  0.00285787
3.25104    0.979416  0.00293308
3.26397    0.982006  0.00271974
3.2769    0.986445  0.00276865
3.28982    0.980208  0.00289245
3.30275    0.984302  0.00260815
3.31567     0.98115  0.00277629
3.3286    0.979051  0.00278617
3.34153    0.980386  0.00270542
3.35445    0.973611  0.00255279
3.36738    0.978448  0.00201829
3.38031    0.975001   0.0028092
3.39323    0.983219   0.0022989
3.40616    0.980915  0.00277268
3.41909    0.985671  0.00251476
3.43201    0.976367  0.00264369
3.44494    0.976876   0.0027637
3.45787    0.978236  0.00269261
3.47079    0.976645  0.00244437
3.48372    0.982907  0.00262461
3.49665    0.978838  0.00281447
3.50957    0.981078  0.00257022
3.5225    0.981472  0.00273109
3.53543    0.977136  0.00289533
3.54835    0.975186  0.00288217
3.56128    0.977673  0.00233048
3.57421    0.975301  0.00272278
3.58713    0.977307  0.00258303
3.60006     0.97604  0.00247889
3.61299     0.98316  0.00256158
3.62591    0.976589   0.0023986
3.63884    0.979726  0.00219612
3.65177    0.978482  0.00232186
3.66469    0.979652  0.00232969
3.67762    0.979673  0.00250359
3.69055    0.977398  0.00248274
3.70347    0.979823  0.00266667
3.7164    0.976938  0.00258395
3.72933     0.97821  0.00253669
3.74225    0.974717  0.00199301
3.75518    0.977486  0.00266701
3.76811    0.979068  0.00241872
3.78103    0.977657  0.00253387
3.79396    0.979319  0.00230115
3.80689    0.975263  0.00270657
3.81981    0.979478  0.00242104
3.83274    0.979121  0.00206063
3.84567     0.97567  0.00234851
3.85859    0.975643  0.00223711
3.87152    0.979979  0.00232858
3.88445    0.977206  0.00230897
3.89737    0.977345  0.00227396
3.9103     0.97809  0.00221633
3.92323    0.978031  0.00253917
3.93615     0.97935  0.00215861
3.94908    0.981344  0.00238946
3.96201    0.976484  0.00267909
3.97493    0.978216  0.00244308
3.98786    0.983102  0.00228224
4.00079    0.981944  0.00227313
4.01371     0.97957  0.00216753
4.02664      0.9772  0.00201557
4.03957    0.973354  0.00225471
4.05249    0.977178  0.00251047
4.06542    0.977675  0.00199986
4.07834    0.973637  0.00206857
4.09127    0.977762  0.00223393
4.1042    0.978264  0.00204317
4.11712    0.976376  0.00239424
4.13005    0.974615  0.00200368
4.14298      0.9751  0.00230315
4.1559    0.978128  0.00228626
4.16883    0.974066  0.00202962
4.18176    0.977514  0.00196577
4.19468     0.98067  0.00195201
4.20761    0.975877  0.00214154
4.22054    0.975353  0.00200543
4.23346    0.970757  0.00211329
4.24639    0.976266  0.00226381
4.25932    0.977368  0.00231114
4.27224    0.976107  0.00213547
4.28517     0.97679   0.0020873
4.2981    0.975361  0.00241743
4.31102    0.974072  0.00230681
4.32395    0.975511  0.00225936
4.33688    0.978013  0.00210092
4.3498    0.974985  0.00187838
4.36273    0.977239  0.00203395
4.37566     0.97568  0.00178886
4.38858    0.976386  0.00204796
4.40151    0.975075   0.0020706
4.41444    0.977392  0.00220831
4.42736    0.979496  0.00182052
4.44029    0.978727  0.00211011
4.45322    0.975695  0.00209741
4.46614    0.977609  0.00215063
4.47907     0.97808  0.00207268
4.492    0.975871  0.00182591
4.50492     0.97617  0.00194947
4.51785    0.975223  0.00211515
4.53078    0.975378  0.00212123
4.5437     0.97695  0.00189351
4.55663    0.977181  0.00183692
4.56956    0.979825  0.00199224
4.58248    0.976227  0.00180477
4.59541    0.976044  0.00203221
4.60834    0.973352  0.00192505
4.62126    0.978646  0.00208051
4.63419    0.980101  0.00199109
4.64712    0.973573  0.00212222
4.66004    0.973034  0.00184589
4.67297    0.977041  0.00202739
4.6859     0.97887  0.00212611
4.69882     0.97923  0.00200356
4.71175    0.977594   0.0021308
4.72468     0.97808  0.00195501
4.7376    0.978979  0.00193133
4.75053    0.974833  0.00202284
4.76346    0.976203  0.00178905
4.77638    0.976989  0.00184749
4.78931    0.976237  0.00188367
4.80223    0.973705  0.00187736
4.81516    0.976438  0.00154862
4.82809    0.972466   0.0017952
4.84101    0.974032  0.00207341
4.85394    0.977632  0.00166739
4.86687    0.975289  0.00191164
4.87979    0.975062  0.00209128
4.89272     0.97533  0.00190662
4.90565    0.974936   0.0021006
4.91857    0.980669  0.00207947
4.9315     0.97772  0.00185524
4.94443    0.976811  0.00195281
4.95735    0.979194  0.00200669
4.97028    0.972276  0.00189654
4.98321    0.978414  0.00184191
4.99613     0.97696   0.0018281
5.00906    0.975894  0.00188848
5.02199    0.976226   0.0018534
5.03491    0.976298  0.00207149
5.04784    0.977196  0.00170981
5.06077    0.975468    0.001897
5.07369    0.976435  0.00196482
5.08662    0.978073  0.00156756
5.09955    0.975106  0.00173543
5.11247    0.975902  0.00168821
5.1254    0.978738  0.00177356
5.13833    0.974509  0.00198209
5.15125    0.977381  0.00201694
5.16418    0.973886  0.00171662
5.17711    0.974892   0.0019167
5.19003    0.979045  0.00169132
5.20296    0.976633   0.0018035
5.21589    0.979445  0.00170832
5.22881    0.976977  0.00176345
5.24174    0.977183  0.00172128
5.25467    0.976092  0.00155134
5.26759     0.97999  0.00153756
5.28052    0.974813  0.00193858
5.29345    0.976052  0.00175166
5.30637    0.977906   0.0018318
5.3193    0.977496  0.00147062
5.33223    0.976944  0.00166163
5.34515     0.97816  0.00169717
5.35808    0.978732  0.00173632
5.37101    0.977665  0.00172901
5.38393    0.976939  0.00186146
5.39686    0.975792  0.00156863
5.40979    0.975807  0.00164493
5.42271    0.977379  0.00168316
5.43564    0.978894  0.00179657
5.44857    0.975247  0.00188106
5.46149    0.974895  0.00187845
5.47442    0.978553  0.00185213
5.48735    0.976175  0.00169263
5.50027     0.97613  0.00174672
5.5132    0.978151  0.00156598
5.52612    0.979156  0.00146846
5.53905     0.97828  0.00177813
5.55198    0.975772  0.00163342
5.5649    0.976356  0.00176211
5.57783    0.979362  0.00147063
5.59076    0.977023  0.00175858
5.60368    0.974873  0.00163201
5.61661    0.976658  0.00156297
5.62954    0.978179  0.00164985
5.64246    0.978845  0.00167799
5.65539    0.978147  0.00158959
5.66832    0.977094  0.00163202
5.68124    0.977066  0.00159439
5.69417    0.977307  0.00157501
5.7071    0.974236  0.00168638
5.72002    0.977309   0.0013646
5.73295    0.976568  0.00157927
5.74588    0.977417  0.00161723
5.7588    0.976289  0.00157224
5.77173    0.975879  0.00151205
5.78466    0.977648  0.00145855
5.79758    0.977073  0.00168416
5.81051    0.978467  0.00156699
5.82344      0.9748  0.00165589
5.83636    0.976799  0.00159793
5.84929     0.97649  0.00176209
5.86222    0.977432  0.00167872
5.87514    0.978489  0.00147066
5.88807    0.980045  0.00155871
5.901    0.978264  0.00145136
5.91392    0.979147  0.00158589
5.92685    0.976139  0.00161776
5.93978    0.977229   0.0015389
5.9527    0.977847  0.00160295
5.96563    0.976299  0.00164033
5.97856    0.978783  0.00144428
5.99148    0.976015  0.00158331
6.00441    0.977794  0.00144176
6.01734    0.976658  0.00146594
6.03026    0.978761  0.00153829
6.04319     0.97738  0.00164877
6.05612    0.974403  0.00149243
6.06904    0.976951  0.00156046
6.08197      0.9795  0.00157472
6.0949    0.978078  0.00156137
6.10782    0.975934  0.00138514
6.12075    0.976113  0.00150539
6.13368    0.976503  0.00146851
6.1466    0.980113  0.00159938
6.15953    0.977614  0.00165685
6.17246    0.977605  0.00142931
6.18538    0.978005  0.00140106
6.19831    0.974467  0.00144993
6.21124    0.977989  0.00141092
6.22416    0.978161   0.0013095
6.23709    0.978818  0.00151545
6.25002    0.978128   0.0016207
6.26294    0.977872  0.00158937
6.27587    0.977386  0.00139617
6.28879    0.979314  0.00147095
6.30172    0.976729  0.00131873
6.31465    0.978427  0.00154242
6.32757    0.979553  0.00139108
6.3405    0.977431  0.00141158
6.35343    0.978416  0.00156428
6.36635    0.976697  0.00132887
6.37928     0.97683  0.00142104
6.39221    0.979509  0.00146645
6.40513    0.975791  0.00140074
6.41806    0.974212  0.00134744
6.43099    0.978403  0.00155433
6.44391    0.978799  0.00139877
6.45684    0.975795  0.00152927
6.46977    0.976738  0.00130148
6.48269    0.979414  0.00149164
