           1    -5.44538    -5.44538           0
           2    -5.36123     -5.4033   0.0420743
           3    -5.46659     -5.4244   0.0321726
           4    -5.36588    -5.40977   0.0270477
           5    -5.45616    -5.41905   0.0229133
           6     -5.5301    -5.43755   0.0263168
           7    -5.50899    -5.44776   0.0244712
           8    -5.46178    -5.44951    0.021265
           9    -5.48256    -5.45318   0.0191102
          10    -5.49307    -5.45717   0.0175519
          11    -5.37455    -5.44966   0.0175632
          12    -5.36718    -5.44279   0.0174441
          13      -5.374     -5.4375   0.0168961
          14    -5.48525    -5.44091   0.0160102
          15    -5.44776    -5.44136   0.0149117
          16    -5.44567    -5.44163   0.0139512
          17    -5.37123    -5.43749   0.0137438
          18    -5.39214    -5.43497   0.0132004
          19    -5.44834    -5.43568   0.0125061
          20    -5.42544    -5.43516   0.0118754
          21    -5.41837    -5.43437    0.011324
          22    -5.42347    -5.43387   0.0108084
          23    -5.42447    -5.43346   0.0103358
          24    -5.38985    -5.43164   0.0100613
          25    -5.40995    -5.43078  0.00968935
          26    -5.42445    -5.43053   0.0093124
          27    -5.44734    -5.43116  0.00898246
          28    -5.33834    -5.42784  0.00926879
          29    -5.47568    -5.42949  0.00909431
          30    -5.41587    -5.42904  0.00879766
          31    -5.42133    -5.42879  0.00851277
          32    -5.42826    -5.42877  0.00824247
          33    -5.41743    -5.42843  0.00799618
          34    -5.39895    -5.42756  0.00780574
          35    -5.39151    -5.42653   0.0076491
          36    -5.49013     -5.4283  0.00764062
          37    -5.42847     -5.4283  0.00743125
          38    -5.38565    -5.42718  0.00731963
          39    -5.47915    -5.42851  0.00725294
          40    -5.47793    -5.42975  0.00717641
          41    -5.37043     -5.4283  0.00714716
          42    -5.42644    -5.42826  0.00697505
          43    -5.41463    -5.42794  0.00681828
          44     -5.3868      -5.427   0.0067268
          45    -5.48826    -5.42837  0.00671506
          46    -5.48393    -5.42957  0.00667762
          47    -5.37836    -5.42848  0.00662424
          48     -5.3363    -5.42656  0.00676318
          49    -5.42954    -5.42662    0.006624
          50    -5.47646    -5.42762  0.00656624
          51    -5.48139    -5.42868  0.00652197
          52    -5.46788    -5.42943  0.00643961
          53    -5.39637    -5.42881  0.00634766
          54    -5.38421    -5.42798  0.00628351
          55    -5.40209    -5.42751  0.00618613
          56    -5.38338    -5.42672  0.00612556
          57    -5.43072    -5.42679  0.00601754
          58    -5.34683    -5.42541  0.00607147
          59    -5.44187    -5.42569   0.0059742
          60    -5.38324    -5.42498  0.00591625
          61    -5.45989    -5.42556  0.00584652
          62    -5.40314    -5.42519   0.0057628
          63    -5.38921    -5.42462  0.00569928
          64    -5.37694    -5.42388  0.00565879
          65    -5.42076    -5.42383  0.00557126
          66    -5.48464    -5.42475  0.00556303
          67    -5.41762    -5.42465   0.0054804
          68    -5.40772     -5.4244  0.00540494
          69    -5.44705    -5.42472  0.00533614
          70    -5.45091     -5.4251  0.00527264
          71    -5.36706    -5.42428  0.00526174
          72    -5.37083    -5.42354  0.00524099
          73    -5.38472    -5.42301  0.00519598
          74    -5.35656    -5.42211  0.00520336
          75    -5.46838    -5.42273  0.00517045
          76     -5.4357     -5.4229  0.00510482
          77    -5.37816    -5.42232  0.00507147
          78    -5.41245    -5.42219  0.00500763
          79    -5.44234    -5.42244  0.00495041
          80    -5.43189    -5.42256  0.00488956
          81    -5.47081    -5.42316  0.00486542
          82    -5.49587    -5.42405  0.00488684
          83    -5.47269    -5.42463  0.00486305
          84    -5.42853    -5.42468  0.00480503
          85    -5.40402    -5.42443  0.00475437
          86    -5.50203    -5.42534  0.00478462
          87    -5.43508    -5.42545  0.00473063
          88    -5.30568    -5.42409  0.00487057
          89    -5.40945    -5.42392  0.00481834
          90    -5.45699    -5.42429  0.00477865
          91    -5.40971    -5.42413  0.00472856
          92    -5.44908     -5.4244  0.00468474
          93     -5.3167    -5.42324  0.00477661
          94    -5.40056      -5.423  0.00473168
          95    -5.32373    -5.42196  0.00479682
          96     -5.4475    -5.42222  0.00475404
          97      -5.447    -5.42248   0.0047117
          98    -5.41992    -5.42245  0.00466345
          99    -5.44166    -5.42265  0.00462018
         100    -5.42685    -5.42269  0.00457394
