           1   0.0493703   0.0493703           0
           2   0.0474676   0.0484189 0.000951319
           3   0.0484648   0.0484342 0.000549457
           4   0.0485481   0.0484627 0.000389567
           5   0.0497888   0.0487279 0.000401749
           6   0.0487304   0.0487284 0.000328027
           7   0.0484541   0.0486892 0.000279989
           8   0.0483147   0.0486424 0.000246954
           9    0.049559   0.0487442 0.000240429
          10   0.0491438   0.0487842 0.000218728
          11   0.0488394   0.0487892 0.000197911
          12   0.0476777   0.0486966 0.000203027
          13   0.0488952   0.0487118 0.000187381
          14   0.0490813   0.0487382 0.000175477
          15   0.0491396    0.048765 0.000165537
          16   0.0489257    0.048775 0.000155171
          17   0.0484088   0.0487535 0.000147341
          18   0.0486606   0.0487483 0.000139011
          19   0.0486807   0.0487448 0.000131539
          20   0.0487171   0.0487434 0.000124796
          21    0.049525   0.0487806 0.000124404
          22   0.0492994   0.0488042 0.000120936
          23   0.0495414   0.0488362 0.000119921
          24   0.0484511   0.0488202 0.000115932
          25    0.049047   0.0488293 0.000111568
          26   0.0485948   0.0488202  0.00010757
          27   0.0484065   0.0488049 0.000104637
          28   0.0480206   0.0487769 0.000104649
          29   0.0488931   0.0487809 0.000101056
          30   0.0483727   0.0487673 9.85728e-05
          31   0.0486418   0.0487633 9.54259e-05
          32   0.0488117   0.0487648 9.24082e-05
          33   0.0496285   0.0487909 9.33098e-05
          34   0.0490306    0.048798 9.07978e-05
          35   0.0484124    0.048787  8.8851e-05
          36   0.0493248   0.0488019 8.76304e-05
          37   0.0490902   0.0488097 8.55845e-05
          38   0.0489173   0.0488125   8.335e-05
          39   0.0492048   0.0488226 8.18055e-05
          40   0.0479594    0.048801 8.26029e-05
          41   0.0487621   0.0488001 8.05686e-05
          42   0.0489463   0.0488036 7.87039e-05
          43   0.0484207   0.0487947 7.73658e-05
          44   0.0485383   0.0487888 7.58114e-05
          45   0.0488364   0.0487899 7.41151e-05
          46   0.0495392   0.0488062 7.42939e-05
          47   0.0484759   0.0487991 7.30347e-05
          48   0.0489881   0.0488031 7.16052e-05
          49   0.0488894   0.0488048 7.01508e-05
          50   0.0493882   0.0488165 6.97167e-05
          51   0.0487776   0.0488157 6.83403e-05
          52   0.0482369   0.0488046 6.79314e-05
          53   0.0477156   0.0487841 6.97331e-05
          54   0.0493529   0.0487946 6.92356e-05
          55   0.0481561    0.048783 6.89496e-05
          56   0.0487467   0.0487823 6.77103e-05
          57   0.0497213   0.0487988 6.85215e-05
          58   0.0489276    0.048801 6.73663e-05
          59   0.0484778   0.0487956  6.6441e-05
          60   0.0486604   0.0487933 6.53631e-05
          61   0.0494017   0.0488033 6.50518e-05
          62   0.0499153   0.0488212   6.646e-05
          63   0.0491168   0.0488259 6.55647e-05
          64   0.0493575   0.0488342 6.50645e-05
          65   0.0493642   0.0488424 6.45725e-05
          66   0.0491416   0.0488469 6.37481e-05
          67   0.0485491   0.0488425 6.29465e-05
          68   0.0485629   0.0488383   6.215e-05
          69   0.0494247   0.0488468 6.18294e-05
          70   0.0487206    0.048845 6.09664e-05
          71   0.0484003   0.0488388 6.04271e-05
          72   0.0493108   0.0488453 5.99415e-05
          73   0.0488085   0.0488448 5.91168e-05
          74   0.0485704   0.0488411 5.84302e-05
          75   0.0487495   0.0488399 5.76589e-05
          76   0.0483405   0.0488333 5.72734e-05
          77   0.0489542   0.0488349 5.65465e-05
          78   0.0482451   0.0488273 5.63266e-05
          79   0.0482483     0.04882 5.60899e-05
          80   0.0501072   0.0488361 5.76741e-05
          81   0.0481702   0.0488279 5.75479e-05
          82   0.0492703   0.0488333 5.70973e-05
          83   0.0486237   0.0488307 5.64616e-05
          84   0.0486224   0.0488283 5.58405e-05
          85   0.0492792   0.0488336 5.54341e-05
          86   0.0492259   0.0488381 5.49753e-05
          87   0.0492154   0.0488425 5.45125e-05
          88   0.0481376   0.0488345 5.44814e-05
          89   0.0479393   0.0488244 5.47967e-05
          90   0.0484477   0.0488202 5.43459e-05
          91   0.0481028   0.0488123 5.43204e-05
          92   0.0484912   0.0488088   5.384e-05
          93   0.0492963   0.0488141 5.35152e-05
          94   0.0487531   0.0488134 5.29468e-05
          95   0.0495434   0.0488211  5.2947e-05
          96   0.0483333    0.048816 5.26385e-05
          97   0.0481321    0.048809  5.2568e-05
          98   0.0497225   0.0488183 5.28572e-05
          99   0.0480358   0.0488104 5.29141e-05
         100   0.0486124   0.0488084 5.24197e-05
