           1     7.47886     7.47886           0
           2     7.59637     7.53762   0.0587507
           3     7.52821     7.53448   0.0340642
           4     7.70527     7.57718   0.0490231
           5     7.48671     7.55908    0.042064
           6     7.60276     7.56636   0.0351079
           7     7.49614     7.55633   0.0313215
           8     7.62705     7.56517   0.0285293
           9     7.47826     7.55551   0.0269498
          10      7.5366     7.55362   0.0241788
          11     7.61645     7.55933    0.022604
          12     7.63637     7.56575     0.02161
          13     7.54617     7.56425   0.0199354
          14     7.55309     7.56345   0.0184738
          15     7.59504     7.56556   0.0173266
          16     7.73417     7.57609   0.0193322
          17     7.44058     7.56812    0.019832
          18     7.55602     7.56745   0.0187099
          19     7.55595     7.56685   0.0177081
          20     7.69716     7.57336   0.0180187
          21     7.54263      7.5719   0.0172015
          22     7.59119     7.57277   0.0164244
          23     7.55923     7.57219   0.0157051
          24     7.60784     7.57367   0.0151097
          25     7.56425     7.57329   0.0144976
          26     7.51892      7.5712    0.014085
          27     7.58016     7.57153   0.0135573
          28     7.72585     7.57705   0.0141792
          29     7.53477     7.57559    0.013759
          30     7.71438     7.58021   0.0140745
          31     7.46112     7.57637   0.0141446
          32     7.56761      7.5761   0.0136982
          33     7.58954     7.57651   0.0132829
          34     7.62485     7.57793   0.0129645
          35     7.50645     7.57589   0.0127532
          36     7.58658     7.57618   0.0123974
          37     7.55707     7.57567   0.0120688
          38     7.62222     7.57689   0.0118106
          39     7.64795     7.57871   0.0116472
          40     7.57314     7.57857   0.0113531
          41     7.48967     7.57641   0.0112831
          42     7.53912     7.57552   0.0110469
          43     7.61528     7.57644   0.0108265
          44      7.5847     7.57663   0.0105792
          45     7.57252     7.57654   0.0103419
          46     7.56012     7.57618   0.0101208
          47     7.57948     7.57625  0.00990342
          48     7.50645      7.5748  0.00980336
          49     7.49989     7.57327  0.00972215
          50     7.67993      7.5754  0.00976165
          51     7.52803     7.57447  0.00961332
          52     7.76254     7.57809   0.0100966
          53     7.42627     7.57523   0.0103102
          54     7.49274      7.5737   0.0102322
          55      7.7786     7.57742   0.0107131
          56     7.43329     7.57485   0.0108303
          57     7.58722     7.57507   0.0106408
          58     7.57431     7.57505   0.0104557
          59     7.55802     7.57476    0.010281
          60     7.51615     7.57379   0.0101553
          61     7.55989     7.57356  0.00999007
          62     7.63928     7.57462  0.00988461
          63     7.48476     7.57319  0.00983048
          64     7.53109     7.57254    0.009698
          65     7.56701     7.57245  0.00954801
          66      7.6346     7.57339  0.00944927
          67     7.67704     7.57494  0.00943485
          68     7.46456     7.57332  0.00943573
          69     7.62574     7.57408  0.00932897
          70      7.5481      7.5737  0.00920222
          71     7.47229     7.57228  0.00918346
          72     7.60534     7.57274  0.00906665
          73     7.66127     7.57395  0.00902346
          74     7.52852     7.57333  0.00892183
          75     7.50365     7.57241  0.00885098
          76     7.68454     7.57388  0.00885749
          77      7.4096     7.57175  0.00899828
          78     7.55225      7.5715  0.00888569
          79     7.70008     7.57312   0.0089222
          80      7.4799     7.57196   0.0088867
          81     7.49281     7.57098  0.00883054
          82     7.65532     7.57201  0.00878261
          83     7.53136     7.57152  0.00868997
          84     7.52983     7.57102  0.00860022
          85     7.56113     7.57091  0.00849924
          86     7.67445     7.57211  0.00848568
          87     7.54022     7.57175  0.00839558
          88     7.50366     7.57097  0.00833561
          89     7.49782     7.57015  0.00828231
          90     7.66203     7.57117  0.00825315
          91     7.54863     7.57092  0.00816571
          92     7.55542     7.57075  0.00807822
          93     7.65206     7.57163  0.00803857
          94     7.50077     7.57088  0.00798825
          95     7.54359     7.57059  0.00790893
          96     7.60298     7.57093  0.00783338
          97     7.63679      7.5716  0.00778188
          98     7.55965     7.57148  0.00770303
          99     7.51856     7.57095  0.00764354
         100     7.61954     7.57143   0.0075823
