           1     1.18148     1.18148           0
           2     1.21299     1.19723   0.0157528
           3     1.18977     1.19475  0.00942921
           4     1.47491     1.26479   0.0703576
           5     1.37907     1.28764   0.0590979
           6      1.3073     1.29092   0.0483643
           7     1.39743     1.30614   0.0436156
           8     1.35067      1.3117   0.0381801
           9     1.36468     1.31759   0.0341824
          10     1.35476     1.32131   0.0307987
          11     1.57969     1.34479   0.0364397
          12     1.50975     1.35854   0.0359933
          13     1.36422     1.35898   0.0331119
          14     1.29857     1.35466   0.0309578
          15     1.31187     1.35181    0.028961
          16     1.21217     1.34308   0.0284617
          17     1.35512     1.34379   0.0267445
          18     1.52137     1.35366   0.0270762
          19     1.31768     1.35176   0.0256814
          20     1.60981     1.36467    0.027569
          21      1.2737     1.36033   0.0265787
          22     1.28151     1.35675   0.0255939
          23     1.42455      1.3597   0.0246328
          24     1.52662     1.36665   0.0245883
          25     1.57352     1.37493   0.0249937
          26     1.40952     1.37626     0.02405
          27     1.34591     1.37513   0.0231694
          28      1.3313     1.37357   0.0223814
          29     1.10662     1.36436   0.0234759
          30     1.36487     1.36438   0.0226798
          31     1.51384      1.3692   0.0224596
          32     1.40242     1.37024   0.0217712
          33     1.40423     1.37127   0.0211263
          34     1.38314     1.37162   0.0204985
          35     1.41351     1.37282   0.0199401
          36     1.46421     1.37535   0.0195439
          37     1.34197     1.37445   0.0190298
          38     1.16771     1.36901   0.0193047
          39     1.18999     1.36442   0.0193554
          40     1.52347      1.3684   0.0192798
          41     1.28007     1.36624   0.0189267
          42     1.38254     1.36663   0.0184746
          43     1.15098     1.36162    0.018724
          44     1.18244     1.35754   0.0187413
          45     1.51519     1.36105    0.018652
          46      1.2727     1.35913   0.0183428
          47       1.342     1.35876    0.017952
          48     1.15068     1.35443   0.0181008
          49     1.25053     1.35231   0.0178539
          50     1.23527     1.34997   0.0176491
          51     1.40991     1.35114   0.0173395
          52     1.40307     1.35214    0.017032
          53     1.28183     1.35081   0.0167602
          54     1.43271     1.35233   0.0165166
          55     1.41183     1.35341   0.0162496
          56     1.48647     1.35579   0.0161327
          57     1.54768     1.35915   0.0162008
          58     1.20607     1.35651   0.0161364
          59     1.32476     1.35598   0.0158697
          60     1.20626     1.35348   0.0158012
          61     1.64858     1.35832   0.0162756
          62      1.3502     1.35819   0.0160115
          63     1.39981     1.35885   0.0157691
          64     1.36335     1.35892   0.0155209
          65     1.34508     1.35871   0.0152817
          66     1.18631     1.35609   0.0152734
          67     1.54973     1.35898   0.0153188
          68     1.40357     1.35964   0.0151061
          69     1.10046     1.35588   0.0153522
          70     1.39005     1.35637   0.0151391
          71     1.62556     1.36016   0.0153984
          72     1.27355     1.35896   0.0152306
          73     1.33193     1.35859   0.0150251
          74     1.34572     1.35842   0.0148217
          75     1.30659     1.35772   0.0146391
          76     1.16345     1.35517   0.0146696
          77     1.33381     1.35489   0.0144805
          78     1.44753     1.35608   0.0143429
          79     1.48405      1.3577   0.0142525
          80     1.40189     1.35825   0.0140841
          81     1.34733     1.35812   0.0139098
          82      1.1492     1.35557   0.0139733
          83     1.21553     1.35388   0.0139067
          84     1.04297     1.35018   0.0142299
          85     1.40388     1.35081   0.0140757
          86     1.37072     1.35104    0.013913
          87     1.12563     1.34845   0.0139941
          88     1.14905     1.34619   0.0140185
          89     1.43388     1.34717    0.013895
          90     1.22205     1.34578   0.0138099
          91     1.39396     1.34631   0.0136676
          92     1.47851     1.34775   0.0135944
          93     1.45122     1.34886   0.0134933
          94     1.40546     1.34946   0.0133626
          95     1.53784     1.35145   0.0133691
          96     1.33133     1.35124   0.0132307
          97     1.42926     1.35204   0.0131183
          98     1.31383     1.35165   0.0129896
          99     1.37873     1.35192   0.0128606
         100       1.434     1.35274   0.0127578
