           1     7.49136     7.49136           0
           2     7.23731     7.36433    0.127029
           3     7.48475     7.40447   0.0836049
           4     7.52462     7.43451   0.0663105
           5     7.33824     7.41525   0.0548539
           6     7.49476      7.4285   0.0467071
           7     7.36395     7.41928   0.0405377
           8     7.43956     7.42182    0.035198
           9     7.58963     7.44046   0.0362114
          10     7.26666     7.42308   0.0367572
          11      7.3208     7.41378   0.0345239
          12     7.32215     7.40615   0.0324278
          13     7.34832      7.4017   0.0301591
          14     7.36948      7.3994   0.0280166
          15     7.48511     7.40511   0.0267006
          16     7.42296     7.40623    0.025001
          17     7.42854     7.40754    0.023521
          18     7.37815     7.40591   0.0222358
          19     7.39954     7.40557   0.0210356
          20     7.31912     7.40125   0.0204189
          21     7.27556     7.39526   0.0203236
          22     7.44358     7.39746   0.0195018
          23     7.43134     7.39893   0.0186928
          24     7.41118     7.39944   0.0179042
          25     7.68317     7.41079   0.0205843
          26     7.42204     7.41123   0.0197815
          27     7.42307     7.41166   0.0190398
          28     7.38623     7.41076   0.0183697
          29     7.28999     7.40659   0.0182076
          30     7.44097     7.40774   0.0176275
          31     7.44183     7.40884   0.0170848
          32     7.34435     7.40682   0.0166646
          33     7.34371     7.40491   0.0162645
          34     7.35677     7.40349   0.0158423
          35     7.44373     7.40464   0.0154259
          36     7.38023     7.40396   0.0150066
          37     7.47415     7.40586   0.0147182
          38     7.43315     7.40658   0.0143436
          39     7.35022     7.40513   0.0140455
          40      7.5345     7.40837   0.0140667
          41     7.34342     7.40678   0.0138105
          42     7.27681     7.40369   0.0138284
          43     7.53768     7.40681   0.0138578
          44     7.26526     7.40359   0.0139161
          45     7.36406     7.40271   0.0136317
          46     7.44634     7.40366   0.0133658
          47     7.38589     7.40328   0.0130838
          48      7.4276     7.40379   0.0128183
          49     7.49056     7.40556   0.0126783
          50     7.48775      7.4072   0.0125304
          51     7.42139     7.40748   0.0122854
          52     7.47626      7.4088   0.0121192
          53     7.47841     7.41012   0.0119607
          54     7.38702     7.40969   0.0117449
          55     7.30629     7.40781   0.0116816
          56     7.38507      7.4074   0.0114783
          57     7.30016     7.40552   0.0114311
          58     7.43315       7.406   0.0112423
          59     7.30291     7.40425   0.0111874
          60     7.50201     7.40588   0.0111194
          61     7.45768     7.40673   0.0109685
          62       7.339     7.40564   0.0108453
          63     7.53121     7.40763   0.0108563
          64     7.24106     7.40503   0.0109978
          65     7.45329     7.40577   0.0108527
          66     7.31699     7.40442   0.0107713
          67     7.30498     7.40294   0.0107126
          68     7.50117     7.40439   0.0106523
          69     7.41632     7.40456   0.0104982
          70     7.37735     7.40417   0.0103545
          71     7.46321       7.405   0.0102414
          72     7.56492     7.40722   0.0103395
          73     7.45672      7.4079   0.0102194
          74     7.29694      7.4064   0.0101913
          75     7.44554     7.40692    0.010068
          76     7.47517     7.40782  0.00997518
          77     7.45128     7.40839  0.00986095
          78     7.24458     7.40629  0.00995768
          79     7.35827     7.40568   0.0098496
          80     7.56047     7.40761  0.00991631
          81     7.22607     7.40537   0.0100463
          82     7.49656     7.40648  0.00998517
          83     7.34536     7.40575  0.00989158
          84     7.52323     7.40715  0.00987268
          85     7.26896     7.40552  0.00989036
          86     7.64169     7.40827   0.0101531
          87     7.28998     7.40691   0.0101274
          88     7.49696     7.40793   0.0100638
          89      7.4825     7.40877  0.00998532
          90      7.3147     7.40772  0.00992891
          91      7.3068     7.40661  0.00988163
          92     7.50319     7.40766  0.00982985
          93     7.37463     7.40731  0.00973007
          94     7.32353     7.40642  0.00966717
          95     7.34633     7.40578  0.00958576
          96     7.43161     7.40605   0.0094892
          97     7.40211     7.40601  0.00939095
          98     7.46944     7.40666  0.00931713
          99      7.4471     7.40707  0.00923158
         100     7.49212     7.40792   0.0091783
