0.0282146           0           0
0.0333445           0           0
0.0384745           0           0
0.0436044           0           0
0.0487343           0           0
0.0538642           0           0
0.0589942           0           0
0.0641241           0           0
0.069254           0           0
0.074384           0           0
0.0795139           0           0
0.0846438           0           0
0.0897737           0           0
0.0949037           0           0
0.100034           0           0
0.105164           0           0
0.110293           0           0
0.115423           0           0
0.120553           0           0
0.125683           0           0
0.130813           0           0
0.135943           0           0
0.141073           0           0
0.146203           0           0
0.151333           0           0
0.156463           0           0
0.161593           0           0
0.166723           0           0
0.171853           0           0
0.176983           0           0
0.182112           0           0
0.187242           0           0
0.192372           0           0
0.197502           0           0
0.202632           0           0
0.207762           0           0
0.212892           0           0
0.218022           0           0
0.223152           0           0
0.228282           0           0
0.233412           0           0
0.238542           0           0
0.243672           0           0
0.248802           0           0
0.253931           0           0
0.259061           0           0
0.264191           0           0
0.269321           0           0
0.274451           0           0
0.279581           0           0
0.284711           0           0
0.289841           0           0
0.294971           0           0
0.300101           0           0
0.305231           0           0
0.310361           0           0
0.315491           0           0
0.32062           0           0
0.32575           0           0
0.33088           0           0
0.33601           0           0
0.34114           0           0
0.34627           0           0
0.3514           0           0
0.35653           0           0
0.36166           0           0
0.36679           0           0
0.37192           0           0
0.37705           0           0
0.38218           0           0
0.38731           0           0
0.392439           0           0
0.397569           0           0
0.402699           0           0
0.407829           0           0
0.412959           0           0
0.418089           0           0
0.423219           0           0
0.428349           0           0
0.433479           0           0
0.438609           0           0
0.443739           0           0
0.448869           0           0
0.453999           0           0
0.459129           0           0
0.464258           0           0
0.469388           0           0
0.474518           0           0
0.479648           0           0
0.484778           0           0
0.489908           0           0
0.495038           0           0
0.500168           0           0
0.505298           0           0
0.510428           0           0
0.515558           0           0
0.520688           0           0
0.525818           0           0
0.530948           0           0
0.536077           0           0
0.541207           0           0
0.546337           0           0
0.551467           0           0
0.556597           0           0
0.561727           0           0
0.566857           0           0
0.571987           0           0
0.577117           0           0
0.582247           0           0
0.587377           0           0
0.592507           0           0
0.597637           0           0
0.602767           0           0
0.607896           0           0
0.613026           0           0
0.618156           0           0
0.623286           0           0
0.628416           0           0
0.633546           0           0
0.638676           0           0
0.643806           0           0
0.648936           0           0
0.654066           0           0
0.659196           0           0
0.664326           0           0
0.669456           0           0
0.674586           0           0
0.679715           0           0
0.684845           0           0
0.689975           0           0
0.695105           0           0
0.700235           0           0
0.705365           0           0
0.710495           0           0
0.715625           0           0
0.720755           0           0
0.725885           0           0
0.731015           0           0
0.736145           0           0
0.741275           0           0
0.746405           0           0
0.751534           0           0
0.756664           0           0
0.761794           0           0
0.766924           0           0
0.772054           0           0
0.777184           0           0
0.782314           0           0
0.787444           0           0
0.792574           0           0
0.797704           0           0
0.802834           0           0
0.807964           0           0
0.813094           0           0
0.818223           0           0
0.823353           0           0
0.828483           0           0
0.833613           0           0
0.838743           0           0
0.843873           0           0
0.849003           0           0
0.854133           0           0
0.859263           0           0
0.864393           0           0
0.869523           0           0
0.874653           0           0
0.879783 0.000185568 0.000185568
0.884913           0           0
0.890042           0           0
0.895172 0.000179242 0.000179242
0.900302           0           0
0.905432 0.000350406 0.000212765
0.910562 0.000952791 0.000298912
0.915692  0.00282643 0.000621395
0.920822  0.00372671 0.000617608
0.925952  0.00711977 0.000932696
0.931082   0.0140002  0.00137665
0.936212   0.0229421  0.00187423
0.941342   0.0354169  0.00229132
0.946472   0.0547557  0.00280056
0.951602   0.0827176  0.00355614
0.956732    0.117689  0.00417557
0.961861    0.162235  0.00466987
0.966991    0.214358  0.00576408
0.972121    0.279432  0.00645908
0.977251    0.355841  0.00669696
0.982381    0.463684  0.00875381
0.987511     0.56559  0.00735477
0.992641    0.682279  0.00996174
0.997771    0.806356   0.0107779
1.0029    0.932577   0.0118168
1.00803     1.04057    0.012073
1.01316     1.16509   0.0134633
1.01829     1.30825   0.0134929
1.02342     1.44334   0.0140779
1.02855     1.55511    0.013835
1.03368     1.70115   0.0150439
1.03881      1.7962    0.016184
1.04394     1.90544   0.0167593
1.04907     1.99968   0.0150476
1.0542     2.08243   0.0168421
1.05933     2.17706   0.0170634
1.06446     2.25405   0.0180547
1.06959     2.31252   0.0196258
1.07472     2.36722   0.0192486
1.07985     2.37669    0.017426
1.08498     2.40759   0.0182825
1.09011      2.4213   0.0158679
1.09524     2.43837   0.0170655
1.10037      2.4505   0.0182273
1.1055     2.47347   0.0169087
1.11063     2.44747   0.0177943
1.11576     2.42167    0.017946
1.12089     2.39275   0.0157686
1.12602     2.39315   0.0158025
1.13115     2.33355   0.0157406
1.13628     2.28944   0.0145677
1.14141     2.26957   0.0163767
1.14654     2.24603   0.0161674
1.15167     2.20446   0.0139756
1.1568     2.19193   0.0151259
1.16193     2.11565    0.014082
1.16706     2.10073   0.0154735
1.17219     2.03487   0.0157013
1.17732     1.98945   0.0163006
1.18245     1.94989   0.0151894
1.18758     1.89916   0.0137283
1.19271     1.86756   0.0139689
1.19784     1.81642   0.0155379
1.20297     1.76934   0.0162643
1.2081     1.73226   0.0152407
1.21323     1.69266   0.0148735
1.21836     1.65289   0.0161825
1.22349     1.60466   0.0150462
1.22862     1.58914   0.0155485
1.23375     1.55925   0.0154811
1.23888     1.51942   0.0138001
1.24401     1.47754   0.0134818
1.24914     1.45935   0.0128071
1.25427     1.40736   0.0134689
1.2594     1.36413   0.0123033
1.26453     1.34055   0.0118445
1.26966     1.30608   0.0121748
1.27479     1.28857   0.0112009
1.27992     1.25174   0.0110897
1.28505     1.21567   0.0110519
1.29018     1.21072   0.0108255
1.29531      1.1759   0.0108732
1.30044     1.15823   0.0119918
1.30557     1.14194   0.0103263
1.3107      1.1099   0.0106593
1.31583     1.09521   0.0106046
1.32096     1.05573  0.00906246
1.32609     1.04598  0.00917273
1.33122     1.03899   0.0115664
1.33635     1.01559   0.0109773
1.34148    0.986523   0.0107768
1.34661    0.976565   0.0103348
1.35174    0.947746   0.0100332
1.35687    0.944026  0.00938342
1.362    0.924501  0.00994805
1.36713    0.924723  0.00937253
1.37226    0.912216  0.00863208
1.37739    0.885409  0.00817681
1.38252    0.881894  0.00934958
1.38765    0.875012  0.00861127
1.39278    0.861951  0.00877154
1.39791    0.849536   0.0091482
1.40304    0.842277  0.00953607
1.40817    0.826228  0.00893862
1.4133    0.811755  0.00828642
1.41843    0.807286   0.0085375
1.42355    0.790032  0.00843565
1.42868     0.79415  0.00832187
1.43381     0.77398  0.00832633
1.43894    0.780403  0.00857397
1.44407      0.7717  0.00848789
1.4492    0.747678  0.00808818
1.45433    0.735724  0.00814003
1.45946    0.729752  0.00798363
1.46459    0.729905   0.0072278
1.46972     0.72698  0.00802592
1.47485    0.715823  0.00798529
1.47998    0.719853  0.00878493
1.48511    0.710721  0.00804502
1.49024    0.696846  0.00799642
1.49537    0.700841  0.00743567
1.5005    0.682342  0.00811126
1.50563    0.683561    0.007088
1.51076    0.673105   0.0080273
1.51589    0.677527  0.00708927
1.52102    0.671598  0.00772358
1.52615    0.667214  0.00748643
1.53128     0.65632  0.00732032
1.53641    0.662684  0.00777616
1.54154      0.6568  0.00822872
1.54667     0.65305   0.0072252
1.5518    0.639733  0.00700393
1.55693    0.646398  0.00805203
1.56206    0.650371  0.00675278
1.56719    0.644687  0.00615981
1.57232    0.649609  0.00694212
1.57745    0.657397  0.00706002
1.58258    0.660913  0.00705905
1.58771    0.665138  0.00661801
1.59284    0.647217  0.00705232
1.59797    0.660337  0.00710123
1.6031    0.657068  0.00672341
1.60823    0.648301  0.00653525
1.61336    0.641454  0.00599222
1.61849    0.650115  0.00618461
1.62362    0.658109  0.00729325
1.62875    0.659845  0.00664541
1.63388    0.663375  0.00660689
1.63901    0.664335  0.00681438
1.64414    0.666731  0.00665472
1.64927      0.6722  0.00676362
1.6544    0.683362   0.0070006
1.65953    0.689939  0.00678949
1.66466    0.689866  0.00638883
1.66979    0.691403  0.00611814
1.67492     0.69808   0.0065827
1.68005    0.701558  0.00735864
1.68518    0.705487  0.00633684
1.69031    0.704756  0.00617671
1.69544    0.709217  0.00619774
1.70057    0.708545  0.00617296
1.7057    0.725839  0.00687464
1.71083    0.725639  0.00714856
1.71596     0.72399  0.00648266
1.72109    0.717498  0.00649283
1.72622    0.728592  0.00738272
1.73135    0.734895  0.00675418
1.73648    0.737966  0.00661432
1.74161    0.738053  0.00507544
1.74674    0.737184  0.00640211
1.75187    0.753746   0.0067215
1.757    0.757819  0.00649684
1.76213    0.770043  0.00690695
1.76726    0.770247    0.006288
1.77239    0.772173  0.00684322
1.77752    0.788997  0.00640467
1.78265    0.791378  0.00601791
1.78778    0.797157  0.00704628
1.79291    0.812999  0.00646503
1.79804    0.821228  0.00648556
1.80317    0.823719  0.00686702
1.8083     0.83335  0.00733213
1.81343    0.837879  0.00711723
1.81856    0.849337  0.00761644
1.82369    0.860609  0.00691335
1.82882    0.863368  0.00662634
1.83395    0.872594    0.006627
1.83908    0.874061  0.00660908
1.84421    0.883732  0.00670532
1.84934     0.88669  0.00711622
1.85447    0.893632  0.00725447
1.8596    0.910327   0.0079045
1.86473    0.912967  0.00756361
1.86986     0.92072  0.00805729
1.87499    0.934013  0.00746061
1.88012    0.944689  0.00700682
1.88525    0.949193  0.00733646
1.89038     0.96097  0.00772739
1.89551     0.96419  0.00794691
1.90064    0.973287  0.00716873
1.90577    0.982152  0.00716948
1.9109    0.987821  0.00738682
1.91603     1.00351  0.00715587
1.92116     1.01065  0.00774884
1.92629     1.02095  0.00689044
1.93142     1.02599  0.00691857
1.93655      1.0405  0.00752752
1.94168     1.05369   0.0068092
1.94681     1.05756  0.00698592
1.95194     1.06768  0.00688527
1.95707     1.07412  0.00761488
1.9622     1.07488  0.00691851
1.96733     1.08729    0.007196
1.97246     1.08316  0.00756197
1.97759     1.09474  0.00721754
1.98272      1.0977  0.00781231
1.98785     1.10398  0.00675919
1.99298     1.11843  0.00702207
1.99811     1.12338  0.00696452
2.00324     1.12356  0.00661733
2.00837     1.13958  0.00684602
2.0135     1.14849  0.00748744
2.01863     1.15332  0.00705609
2.02376     1.14487  0.00649306
2.02889     1.14144  0.00761913
2.03402     1.15176  0.00691792
2.03915     1.16919  0.00629445
2.04428     1.16634  0.00642847
2.04941     1.18337  0.00810349
2.05454     1.18037   0.0078884
2.05967     1.17584  0.00668175
2.0648     1.16795  0.00671398
2.06993     1.17581  0.00674841
2.07506     1.17596  0.00741171
2.08019     1.18241  0.00680642
2.08532     1.18218  0.00680977
2.09045     1.17532   0.0067582
2.09558     1.17294  0.00710753
2.10071     1.18312  0.00654293
2.10584     1.18347  0.00701658
2.11097     1.17801  0.00696422
2.1161     1.17444  0.00678928
2.12123     1.17986  0.00694851
2.12636     1.17092  0.00752053
2.13149     1.16382  0.00696125
2.13661     1.16779  0.00642044
2.14174     1.15559  0.00612398
2.14687     1.16341  0.00714135
2.152     1.16983  0.00745341
2.15713     1.16148  0.00710104
2.16226     1.16092  0.00749876
2.16739     1.15678  0.00701902
2.17252      1.1591  0.00744032
2.17765     1.15128   0.0065746
2.18278     1.15435  0.00705312
2.18791     1.15033  0.00647977
2.19304     1.14099   0.0069969
2.19817     1.12954   0.0071183
2.2033     1.11732  0.00676341
2.20843     1.12022  0.00631668
2.21356      1.1129  0.00691777
2.21869     1.12118  0.00772535
2.22382     1.11335  0.00663979
2.22895     1.11201  0.00635958
2.23408     1.09629  0.00626507
2.23921     1.09949  0.00580271
2.24434     1.08509  0.00720195
2.24947     1.08173  0.00607151
2.2546     1.07697  0.00584678
2.25973     1.06631  0.00598053
2.26486      1.0615  0.00525714
2.26999     1.05775  0.00619777
2.27512     1.05673  0.00658773
2.28025     1.04481  0.00651138
2.28538     1.04699  0.00677033
2.29051     1.04325  0.00671011
2.29564     1.03761  0.00656268
2.30077     1.02743  0.00613741
2.3059     1.01315  0.00501621
2.31103     1.01374  0.00537724
2.31616     1.00733  0.00493077
2.32129     1.00872  0.00609303
2.32642     1.00329   0.0053692
2.33155      1.0002  0.00639256
2.33668    0.991409  0.00592803
2.34181    0.991038  0.00628631
2.34694    0.978445  0.00554687
2.35207    0.980451  0.00565984
2.3572    0.969829  0.00516721
2.36233    0.967153   0.0053092
2.36746    0.960314  0.00493918
2.37259    0.955936  0.00532447
2.37772    0.961902  0.00604223
2.38285     0.94862  0.00498118
2.38798    0.947156  0.00615061
2.39311    0.935713  0.00509131
2.39824    0.939893  0.00627001
2.40337    0.930551  0.00522166
2.4085    0.930714  0.00493015
2.41363    0.932618  0.00539556
2.41876    0.930323  0.00539309
2.42389    0.928088  0.00506333
2.42902    0.922481  0.00543817
2.43415     0.92016  0.00545555
2.43928    0.911949  0.00482493
2.44441    0.910541  0.00478909
2.44954    0.912739  0.00577536
2.45467    0.902885  0.00504501
2.4598    0.918874  0.00567275
2.46493    0.906011  0.00542747
2.47006    0.902311  0.00496097
2.47519    0.907073   0.0047521
2.48032    0.896846  0.00518673
2.48545    0.891683  0.00459519
2.49058    0.888303  0.00452173
2.49571    0.886557  0.00507716
2.50084      0.8925  0.00532845
2.50597    0.893996  0.00539799
2.5111    0.884277   0.0046078
2.51623    0.890418  0.00525744
2.52136    0.880857  0.00454366
2.52649    0.874819  0.00446151
2.53162    0.871502  0.00476009
2.53675     0.87577  0.00497557
2.54188    0.871605  0.00487757
2.54701    0.871574   0.0048904
2.55214    0.882198  0.00466266
2.55727    0.877278  0.00486367
2.5624    0.872085  0.00489567
2.56753    0.869312  0.00455294
2.57266    0.870471  0.00514148
2.57779    0.870263  0.00576881
2.58292    0.865539  0.00480957
2.58805    0.874677  0.00541367
