           1   -0.417855   -0.417855           0
           2   -0.425594   -0.421725  0.00386965
           3    -0.42256   -0.422003  0.00225142
           4   -0.426276   -0.423071  0.00191722
           5   -0.408677   -0.420192  0.00323943
           6    -0.42052   -0.420247  0.00264555
           7   -0.416996   -0.419783  0.00228361
           8   -0.419629   -0.419763  0.00197776
           9   -0.413911   -0.419113   0.0018615
          10   -0.420742   -0.419276  0.00167292
          11    -0.41623   -0.418999  0.00153835
          12   -0.421626   -0.419218  0.00142128
          13   -0.416311   -0.418994  0.00132637
          14   -0.411181   -0.418436  0.00134887
          15   -0.412919   -0.418068  0.00130848
          16   -0.415937   -0.417935   0.0012312
          17   -0.420209   -0.418069  0.00116422
          18   -0.417057   -0.418013  0.00109908
          19   -0.416524   -0.417934  0.00104257
          20   -0.410866   -0.417581  0.00105031
          21   -0.417404   -0.417573  0.00099908
          22   -0.416422    -0.41752 0.000954021
          23   -0.423995   -0.417802  0.00095408
          24   -0.421925   -0.417974 0.000929477
          25   -0.414003   -0.417815 0.000905561
          26   -0.416925   -0.417781 0.000870707
          27   -0.417688   -0.417777 0.000837845
          28   -0.420077   -0.417859 0.000811534
          29   -0.411016   -0.417623 0.000817832
          30    -0.41851   -0.417653 0.000790653
          31   -0.422459   -0.417808 0.000780278
          32   -0.412328   -0.417637 0.000774664
          33   -0.408505    -0.41736 0.000800195
          34   -0.410771   -0.417166 0.000800127
          35   -0.421751   -0.417297 0.000787895
          36   -0.415452   -0.417246 0.000767409
          37   -0.417953   -0.417265 0.000746625
          38   -0.413818   -0.417174  0.00073235
          39   -0.418851   -0.417217  0.00071462
          40    -0.42175   -0.417331 0.000705684
          41   -0.417262   -0.417329 0.000688259
          42   -0.409936   -0.417153 0.000694352
          43   -0.421967   -0.417265 0.000687193
          44   -0.421522   -0.417362 0.000678329
          45   -0.418791   -0.417393 0.000663844
          46   -0.414887   -0.417339 0.000651535
          47     -0.4229   -0.417457 0.000648408
          48   -0.417444   -0.417457 0.000634756
          49   -0.430182   -0.417717  0.00067373
          50   -0.411818   -0.417599 0.000670576
          51   -0.417964   -0.417606 0.000657335
          52   -0.412034   -0.417499 0.000653416
          53   -0.416195   -0.417474 0.000641441
          54   -0.411141   -0.417357 0.000640284
          55   -0.417777   -0.417364 0.000628581
          56   -0.421405   -0.417437 0.000621457
          57   -0.406636   -0.417247 0.000639187
          58   -0.415272   -0.417213 0.000628993
          59   -0.423157   -0.417314 0.000626395
          60   -0.421816   -0.417389 0.000620422
          61    -0.41831   -0.417404 0.000610353
          62   -0.415264   -0.417369 0.000601419
          63   -0.411971   -0.417284 0.000597966
          64   -0.420219    -0.41733 0.000590333
          65   -0.413976   -0.417278 0.000583465
          66   -0.422982   -0.417364  0.00058102
          67   -0.411544   -0.417278 0.000578838
          68   -0.415452   -0.417251 0.000570894
          69   -0.417438   -0.417253 0.000562566
          70   -0.419174   -0.417281 0.000555149
          71   -0.415525   -0.417256 0.000547833
          72   -0.406373   -0.417105 0.000560919
          73   -0.408499   -0.416987 0.000565605
          74   -0.414262    -0.41695 0.000559123
          75   -0.415355   -0.416929 0.000552028
          76    -0.41284   -0.416875 0.000547366
          77   -0.418418   -0.416895 0.000540582
          78   -0.420424    -0.41694 0.000535521
          79   -0.410874   -0.416864 0.000534247
          80   -0.413622   -0.416823 0.000529082
          81   -0.413447   -0.416781 0.000524168
          82   -0.420127   -0.416822 0.000519341
          83   -0.408981   -0.416728 0.000521673
          84   -0.410493   -0.416654 0.000520742
          85   -0.411498   -0.416593 0.000518141
          86   -0.409172   -0.416507   0.0005193
          87   -0.419153   -0.416537 0.000514197
          88   -0.422216   -0.416602   0.0005124
          89   -0.408431    -0.41651 0.000514861
          90   -0.412597   -0.416466 0.000510961
          91   -0.413088   -0.416429 0.000506677
          92   -0.417807   -0.416444 0.000501363
          93   -0.414778   -0.416426 0.000496266
          94    -0.42134   -0.416478 0.000493734
          95   -0.418194   -0.416497 0.000488843
          96    -0.41735   -0.416505 0.000483805
          97   -0.420983   -0.416552 0.000481012
          98   -0.415469   -0.416541 0.000476206
          99   -0.419904   -0.416575 0.000472594
         100   -0.415156    -0.41656 0.000468059
