0.0710963           0           0
0.084023           0           0
0.0969496           0           0
0.109876           0           0
0.122803           0           0
0.135729           0           0
0.148656           0           0
0.161583           0           0
0.174509           0           0
0.187436           0           0
0.200362           0           0
0.213289           0           0
0.226216           0           0
0.239142           0           0
0.252069           0           0
0.264995           0           0
0.277922           0           0
0.290849           0           0
0.303775           0           0
0.316702           0           0
0.329629           0           0
0.342555           0           0
0.355482           0           0
0.368408           0           0
0.381335           0           0
0.394262           0           0
0.407188           0           0
0.420115           0           0
0.433041           0           0
0.445968           0           0
0.458895           0           0
0.471821           0           0
0.484748           0           0
0.497674           0           0
0.510601           0           0
0.523528           0           0
0.536454           0           0
0.549381           0           0
0.562307           0           0
0.575234           0           0
0.588161           0           0
0.601087           0           0
0.614014           0           0
0.62694           0           0
0.639867           0           0
0.652794           0           0
0.66572           0           0
0.678647           0           0
0.691574           0           0
0.7045           0           0
0.717427           0           0
0.730353           0           0
0.74328           0           0
0.756207           0           0
0.769133           0           0
0.78206           0           0
0.794986           0           0
0.807913           0           0
0.82084           0           0
0.833766           0           0
0.846693           0           0
0.859619           0           0
0.872546           0           0
0.885473           0           0
0.898399           0           0
0.911326           0           0
0.924252           0           0
0.937179           0           0
0.950106           0           0
0.963032  0.00540849  0.00230672
0.975959    0.014841  0.00439381
0.988886   0.0251807  0.00510902
1.00181   0.0954141   0.0131636
1.01474    0.195297   0.0174787
1.02767    0.287997   0.0214363
1.04059    0.486393   0.0249703
1.05352    0.649552    0.033427
1.06645     0.85322    0.040766
1.07937     1.15581   0.0432049
1.0923     1.32354   0.0448702
1.10522     1.47307   0.0469941
1.11815     1.61063   0.0552421
1.13108     1.74083   0.0552321
1.144      1.9721   0.0581049
1.15693     2.05944   0.0561503
1.16986     2.02517   0.0565069
1.18278     2.11348   0.0655384
1.19571     2.14777    0.067645
1.20864     2.09396   0.0632955
1.22156     2.09694   0.0642677
1.23449     2.06702   0.0698191
1.24742     1.94381   0.0601213
1.26034     1.87802   0.0570888
1.27327      1.7917   0.0496093
1.2862     1.81155   0.0499157
1.29912     1.73785    0.047514
1.31205     1.72206   0.0532657
1.32498     1.53589   0.0372619
1.3379     1.54507   0.0432396
1.35083     1.51565   0.0429392
1.36376     1.48729   0.0454901
1.37668     1.40512    0.040349
1.38961     1.38595   0.0370362
1.40254      1.3334   0.0358391
1.41546     1.33806   0.0353593
1.42839     1.32512   0.0391418
1.44132     1.29378   0.0374599
1.45424     1.28425   0.0346915
1.46717     1.28375   0.0395962
1.4801     1.26101   0.0378749
1.49302      1.2184   0.0373886
1.50595      1.2014   0.0330842
1.51888     1.15198   0.0326973
1.5318     1.12815   0.0296247
1.54473     1.12215   0.0280362
1.55766     1.13536   0.0262551
1.57058     1.09863   0.0254167
1.58351     1.12296   0.0316638
1.59644     1.07336   0.0239707
1.60936     1.08277   0.0272711
1.62229     1.09903   0.0286893
1.63522     1.10832   0.0274978
1.64814     1.08076   0.0254253
1.66107     1.09343   0.0296192
1.674     1.07221   0.0272706
1.68692     1.06145   0.0272162
1.69985     1.05294   0.0243921
1.71278     1.07348    0.031115
1.7257     1.07231   0.0318649
1.73863     1.02128    0.026922
1.75156      1.0452   0.0303142
1.76448     1.04635   0.0300312
1.77741     1.06496   0.0304913
1.79034     1.02844   0.0266702
1.80326     1.04109   0.0315939
1.81619      1.0396   0.0257082
1.82912     1.05099   0.0290141
1.84204    0.990733   0.0247982
1.85497      0.9779   0.0235252
1.86789     0.96585    0.022143
1.88082      0.9454   0.0224294
1.89375    0.937624   0.0234288
1.90667    0.955434   0.0260711
1.9196    0.955233   0.0236603
1.93253     0.95434   0.0222808
1.94545    0.981339   0.0248524
1.95838     1.00315   0.0253631
1.97131    0.953538   0.0229672
1.98423    0.992811   0.0262743
1.99716    0.980915    0.020533
2.01009    0.958408    0.020891
2.02301    0.986979   0.0237142
2.03594    0.973936    0.023341
2.04887    0.957666   0.0210308
2.06179    0.939689   0.0213884
2.07472    0.925685   0.0199183
2.08765    0.965839   0.0218255
2.10057    0.964323   0.0208629
2.1135    0.975124   0.0217592
2.12643    0.996887   0.0221019
2.13935     1.00162   0.0219026
2.15228    0.993262   0.0223212
2.16521    0.991943   0.0238117
2.17813    0.968478   0.0252938
2.19106    0.936947   0.0209195
2.20399    0.973771   0.0240682
2.21691     1.00114   0.0219006
2.22984    0.957008   0.0183466
2.24277    0.961692    0.020705
2.25569    0.965578   0.0220627
2.26862    0.977909   0.0196186
2.28155       1.004   0.0206167
2.29447     1.00095   0.0234914
2.3074    0.992507   0.0209611
2.32033    0.991643   0.0207727
2.33325    0.989481   0.0197754
2.34618    0.994182   0.0208156
2.35911    0.990035   0.0192845
2.37203    0.977005   0.0183376
2.38496    0.973016   0.0188034
2.39789    0.957478   0.0183485
2.41081    0.965127   0.0173754
2.42374    0.940188   0.0176313
2.43667     0.96073   0.0188679
2.44959    0.943474    0.019895
2.46252    0.957658   0.0173659
2.47545    0.953636   0.0171391
2.48837    0.961576   0.0168021
2.5013    0.953631   0.0192819
2.51423    0.957628   0.0164264
2.52715    0.977203   0.0181055
2.54008    0.974632   0.0180618
2.55301    0.983118   0.0198776
2.56593    0.962433   0.0189491
2.57886    0.953837   0.0168118
2.59178    0.994513   0.0190546
2.60471    0.995152   0.0180249
2.61764    0.972503   0.0166804
2.63056    0.988933   0.0170574
2.64349    0.985549    0.016122
2.65642     0.96926   0.0167837
2.66934    0.969431   0.0174792
2.68227    0.963659    0.018125
2.6952    0.954626   0.0188549
2.70812    0.957161   0.0183567
2.72105    0.949013   0.0172114
2.73398    0.944879   0.0171019
2.7469    0.970395   0.0178422
2.75983    0.981921   0.0184549
2.77276     0.97593   0.0190577
2.78568    0.962134   0.0184808
2.79861    0.959787   0.0168685
2.81154    0.968173   0.0177798
2.82446    0.990255   0.0216185
2.83739    0.989636    0.019596
2.85032    0.998417    0.017813
2.86324    0.978854    0.016867
2.87617    0.967484   0.0174922
2.8891    0.974306   0.0167725
2.90202    0.977071   0.0179237
2.91495    0.956188     0.01847
2.92788    0.965211   0.0171391
2.9408    0.964338   0.0153454
2.95373    0.965114   0.0178431
2.96666    0.970038   0.0165141
2.97958    0.964413   0.0169555
2.99251    0.980134   0.0174538
3.00544    0.992521   0.0195394
3.01836    0.974778   0.0162284
3.03129    0.958641   0.0166845
3.04422    0.945252   0.0156047
3.05714    0.952351   0.0154362
3.07007    0.972797   0.0154512
3.083    0.973004   0.0149958
3.09592    0.972032   0.0165266
3.10885    0.954529   0.0174247
3.12178    0.973218   0.0156584
3.1347    0.964651    0.015753
3.14763    0.965351   0.0155079
3.16056    0.955188    0.016304
3.17348    0.952856   0.0146206
3.18641    0.950081   0.0144182
3.19934    0.956631    0.017448
3.21226    0.948196   0.0150667
3.22519    0.954726   0.0158918
3.23812    0.940117   0.0158871
3.25104    0.958845   0.0142863
3.26397    0.961409   0.0145471
3.2769    0.956854   0.0144639
3.28982    0.950782   0.0116963
3.30275    0.951966   0.0143248
3.31567    0.950987    0.014439
3.3286    0.940199   0.0123073
3.34153    0.952542   0.0131015
3.35445    0.975244   0.0131855
3.36738    0.970546    0.013548
3.38031    0.990394   0.0148327
3.39323    0.979417   0.0137889
3.40616     0.97636   0.0147746
3.41909    0.954012   0.0118724
3.43201    0.962519    0.012902
3.44494    0.957998   0.0145931
3.45787    0.968774   0.0136706
3.47079    0.982202   0.0155525
3.48372    0.962978   0.0140134
3.49665    0.964673    0.013586
3.50957    0.963466    0.013631
3.5225    0.959348   0.0123882
3.53543    0.958146   0.0114296
3.54835    0.978377   0.0135217
3.56128    0.958056   0.0132134
3.57421    0.965738   0.0133278
3.58713    0.953794   0.0132529
3.60006    0.949877    0.013693
3.61299    0.950148   0.0125301
3.62591    0.958161   0.0118316
3.63884    0.961388   0.0128084
3.65177    0.949122   0.0126666
3.66469    0.957888   0.0122369
3.67762    0.981476    0.013596
3.69055    0.967281   0.0140109
3.70347    0.976665   0.0128181
3.7164    0.968067   0.0129513
3.72933    0.967203    0.011945
3.74225    0.950406   0.0114781
3.75518    0.939832   0.0126735
3.76811    0.943255   0.0132349
3.78103    0.941409   0.0120076
3.79396    0.941373   0.0117308
3.80689    0.952926   0.0117705
3.81981    0.961145   0.0129073
3.83274    0.971591   0.0137219
3.84567     0.95582    0.013169
3.85859    0.944587    0.012983
3.87152    0.970174   0.0132076
3.88445    0.967263   0.0117061
3.89737     0.96494   0.0118087
3.9103    0.974049   0.0115864
3.92323    0.948443    0.010018
3.93615    0.948081  0.00975954
3.94908    0.951007   0.0102549
3.96201    0.965321   0.0110364
3.97493    0.951664   0.0120257
3.98786    0.965519   0.0128526
4.00079    0.965472   0.0118343
4.01371    0.949441   0.0124712
4.02664    0.957164   0.0118349
4.03957    0.929502     0.01178
4.05249    0.935022   0.0123594
4.06542    0.946192   0.0114991
4.07834    0.935625   0.0112704
4.09127     0.94683    0.010713
4.1042    0.932456   0.0107851
4.11712     0.93503   0.0105553
4.13005    0.950172   0.0103831
4.14298    0.948344   0.0113248
4.1559    0.958612   0.0113269
4.16883    0.960626   0.0112107
4.18176    0.950655   0.0100909
4.19468    0.960639    0.011269
4.20761    0.955802   0.0122638
4.22054    0.955716   0.0106757
4.23346    0.956885  0.00985639
4.24639    0.964472      0.0113
4.25932    0.982455    0.011477
4.27224    0.969448   0.0116233
4.28517    0.955885  0.00962456
4.2981    0.946861   0.0112072
4.31102     0.94102   0.0113865
4.32395    0.956474   0.0116745
4.33688    0.955969   0.0120565
4.3498    0.954827   0.0100661
4.36273    0.959599   0.0101023
4.37566    0.957963  0.00947287
4.38858    0.966889   0.0119121
4.40151    0.959617     0.01005
4.41444    0.952882   0.0114614
4.42736    0.954957   0.0119477
4.44029    0.940223  0.00979623
4.45322    0.951489   0.0108856
4.46614    0.949464   0.0111623
4.47907     0.95647  0.00955417
4.492    0.957098  0.00959359
4.50492    0.949905  0.00854286
4.51785     0.96559   0.0106757
4.53078    0.958666   0.0105916
4.5437    0.957924   0.0106583
4.55663    0.977402   0.0103654
4.56956    0.972863   0.0109997
4.58248    0.964472  0.00977439
4.59541    0.973932   0.0099446
4.60834      0.9767    0.010275
4.62126    0.972674  0.00922549
4.63419    0.970334    0.011076
4.64712    0.958946   0.0106004
4.66004    0.960773   0.0103446
4.67297     0.96789  0.00880142
4.6859    0.973024  0.00981148
4.69882    0.982177   0.0111138
4.71175    0.965847   0.0112606
4.72468    0.967004  0.00911232
4.7376    0.958484  0.00899423
4.75053    0.958124  0.00986006
4.76346    0.962035   0.0109353
4.77638    0.943942   0.0102392
4.78931    0.948038   0.0108227
4.80223    0.959274   0.0103692
4.81516    0.958084  0.00964481
4.82809    0.947053  0.00975598
4.84101    0.953404  0.00954572
4.85394    0.958204  0.00963858
4.86687     0.95443  0.00937331
4.87979    0.946048  0.00881034
4.89272    0.949608  0.00964627
4.90565    0.949234  0.00913731
4.91857    0.950961  0.00877777
4.9315    0.955264  0.00875123
4.94443    0.956244  0.00904794
4.95735    0.975831  0.00992006
4.97028    0.970762  0.00949722
4.98321    0.962868  0.00848865
4.99613    0.959262  0.00800664
5.00906    0.961169   0.0100697
5.02199    0.966732  0.00916013
5.03491    0.961577  0.00955055
5.04784    0.967664  0.00907058
5.06077     0.96992  0.00922473
5.07369    0.971202  0.00955289
5.08662    0.970132  0.00981424
5.09955    0.967534  0.00987573
5.11247    0.969644   0.0103927
5.1254    0.967311  0.00991787
5.13833    0.965628  0.00932925
5.15125    0.975086    0.010736
5.16418    0.968158  0.00913296
5.17711    0.961118  0.00913548
5.19003    0.968677  0.00893595
5.20296    0.967963  0.00976098
5.21589    0.965418  0.00887143
5.22881    0.965137  0.00920533
5.24174     0.97112    0.010063
5.25467    0.972442   0.0101692
5.26759     0.96687  0.00838283
5.28052    0.977825  0.00847726
5.29345    0.963535  0.00899786
5.30637    0.965146  0.00895288
5.3193    0.970856  0.00913703
5.33223    0.959274  0.00810241
5.34515    0.973394  0.00830834
5.35808    0.969577  0.00795993
5.37101    0.962734   0.0089551
5.38393    0.968798  0.00897649
5.39686     0.97639  0.00921267
5.40979    0.960262  0.00883934
5.42271    0.960388  0.00782801
5.43564    0.958526   0.0094157
5.44857    0.969083  0.00862383
5.46149    0.966121  0.00785242
5.47442    0.967605  0.00785378
5.48735    0.952678  0.00848869
5.50027    0.955274   0.0072864
5.5132    0.957026   0.0068297
5.52612    0.975998  0.00842195
5.53905    0.960464  0.00757709
5.55198    0.959695  0.00788579
5.5649    0.954447  0.00834325
5.57783    0.948328  0.00848301
5.59076    0.957253  0.00754684
5.60368    0.951927  0.00730182
5.61661     0.96744   0.0083054
5.62954    0.962485  0.00755109
5.64246    0.961646  0.00870099
5.65539    0.960178  0.00910345
5.66832    0.956939  0.00943569
5.68124    0.969614  0.00756149
5.69417    0.971151  0.00729768
5.7071    0.959197  0.00808359
5.72002    0.964037  0.00832836
5.73295    0.964967   0.0080143
5.74588    0.971845  0.00842009
5.7588    0.964998  0.00873263
5.77173    0.967525  0.00798083
5.78466    0.972963   0.0083647
5.79758    0.975643  0.00826605
5.81051    0.962379  0.00767137
5.82344     0.97059  0.00760085
5.83636    0.956938  0.00746521
5.84929    0.962629  0.00801719
5.86222    0.960233  0.00840044
5.87514    0.963767  0.00795855
5.88807    0.959645  0.00803259
5.901     0.96951  0.00743173
5.91392    0.970543  0.00767981
5.92685    0.964912  0.00775273
5.93978    0.957706  0.00752369
5.9527    0.961427   0.0081952
5.96563    0.973371  0.00844208
5.97856    0.965619  0.00809813
5.99148    0.969168  0.00796782
6.00441    0.966492   0.0079325
6.01734    0.961765  0.00716305
6.03026    0.964982   0.0080706
6.04319    0.959372  0.00758044
6.05612    0.957258  0.00719122
6.06904    0.968759  0.00777095
6.08197    0.967271  0.00746571
6.0949    0.980395  0.00878424
6.10782     0.97103  0.00836527
6.12075    0.957134  0.00776938
6.13368    0.954195  0.00838174
6.1466    0.972081   0.0070144
6.15953    0.983846  0.00838884
6.17246    0.974344  0.00829154
6.18538    0.977248  0.00899215
6.19831     0.96755  0.00770919
6.21124    0.966045  0.00766366
6.22416    0.972783  0.00697704
6.23709    0.970759  0.00738807
6.25002    0.974955    0.007714
6.26294    0.976607  0.00746606
6.27587    0.980519   0.0080015
6.28879     0.97738  0.00730064
6.30172    0.981769  0.00699037
6.31465    0.984729  0.00737922
6.32757     0.98194   0.0076624
6.3405    0.972189    0.007752
6.35343    0.967153  0.00693833
6.36635     0.97304    0.007348
6.37928     0.97774   0.0075071
6.39221    0.983979  0.00775105
6.40513    0.968807   0.0064713
6.41806    0.967975  0.00696056
6.43099    0.989613  0.00701168
6.44391    0.982769  0.00682549
6.45684    0.977197  0.00744937
6.46977    0.978057  0.00738898
6.48269    0.984187  0.00753664
6.49562    0.975215  0.00718359
6.50855    0.972637  0.00695907
6.52147    0.971991  0.00661253
