           1    -7.56573    -7.56573           0
           2    -7.54447     -7.5551   0.0106291
           3      -7.558    -7.55607   0.0062123
           4    -7.52761    -7.54895  0.00836057
           5    -7.56664    -7.55249  0.00737951
           6    -7.54772     -7.5517   0.0060777
           7    -7.56772    -7.55399  0.00562382
           8    -7.54379    -7.55271  0.00503448
           9    -7.56678    -7.55427  0.00470727
          10    -7.55618    -7.55446  0.00421462
          11    -7.54395    -7.55351  0.00393033
          12    -7.54077    -7.55245  0.00374152
          13    -7.55958      -7.553  0.00348521
          14    -7.55199    -7.55292  0.00322749
          15    -7.54324    -7.55228  0.00307314
          16    -7.51756    -7.55011  0.00360163
          17    -7.57152    -7.55137  0.00360988
          18    -7.55486    -7.55156  0.00340895
          19     -7.5542     -7.5517  0.00322753
          20    -7.53034    -7.55063  0.00324291
          21    -7.55544    -7.55086   0.0030931
          22     -7.5435    -7.55053  0.00296809
          23    -7.55261    -7.55062  0.00283756
          24    -7.54537     -7.5504  0.00272555
          25    -7.55279    -7.55049  0.00261601
          26     -7.5593    -7.55083  0.00253611
          27    -7.54945    -7.55078  0.00244091
          28    -7.51915    -7.54965  0.00260936
          29    -7.55518    -7.54984  0.00252497
          30     -7.5318    -7.54924  0.00251244
          31     -7.5708    -7.54994   0.0025276
          32    -7.55727    -7.55017  0.00245805
          33    -7.54524    -7.55002  0.00238707
          34     -7.5435    -7.54983   0.0023237
          35    -7.56265    -7.55019  0.00228588
          36    -7.55784     -7.5504  0.00223162
          37    -7.55592    -7.55055  0.00217559
          38     -7.5435    -7.55037  0.00212568
          39    -7.53969    -7.55009  0.00208848
          40    -7.54898    -7.55007  0.00203579
          41    -7.56405    -7.55041  0.00201461
          42    -7.55611    -7.55054  0.00197074
          43    -7.54268    -7.55036  0.00193304
          44    -7.54754     -7.5503  0.00188969
          45    -7.54558    -7.55019  0.00185019
          46    -7.54967    -7.55018  0.00180956
          47    -7.54637     -7.5501  0.00177249
          48    -7.55771    -7.55026  0.00174239
          49    -7.56204     -7.5505  0.00172333
          50    -7.53172    -7.55012  0.00172977
          51    -7.55622    -7.55024  0.00169972
          52    -7.51829    -7.54963  0.00177638
          53    -7.57602    -7.55013  0.00181229
          54    -7.56673    -7.55043   0.0018048
          55    -7.51013     -7.5497  0.00191728
          56    -7.56938    -7.55005  0.00191526
          57    -7.54843    -7.55002  0.00188158
          58    -7.54415    -7.54992  0.00185162
          59     -7.5528    -7.54997  0.00182062
          60    -7.56049    -7.55015  0.00179859
          61      -7.549    -7.55013  0.00176896
          62    -7.53566    -7.54989  0.00175578
          63    -7.56422    -7.55012  0.00174259
          64    -7.55694    -7.55023  0.00171845
          65    -7.55334    -7.55028  0.00169249
          66    -7.54446    -7.55019  0.00166897
          67    -7.53433    -7.54995  0.00166082
          68    -7.56802    -7.55022  0.00165765
          69    -7.54196     -7.5501  0.00163783
          70     -7.5518    -7.55012  0.00161445
          71     -7.5674    -7.55036  0.00161005
          72    -7.54602     -7.5503  0.00158867
          73    -7.53707    -7.55012  0.00157721
          74    -7.56085    -7.55027   0.0015625
          75    -7.55788    -7.55037  0.00154486
          76     -7.5269    -7.55006  0.00155536
          77    -7.57158    -7.55034  0.00156027
          78    -7.55074    -7.55035  0.00154014
          79    -7.52213    -7.54999   0.0015619
          80      -7.561    -7.55013  0.00154838
          81    -7.56028    -7.55025  0.00153427
          82     -7.5385    -7.55011  0.00152221
          83    -7.55622    -7.55018  0.00150556
          84     -7.5585    -7.55028  0.00149082
          85    -7.55242    -7.55031  0.00147339
          86    -7.53007    -7.55007  0.00147505
          87    -7.55203    -7.55009  0.00145817
          88    -7.55823    -7.55019  0.00144447
          89    -7.56222    -7.55032  0.00143454
          90    -7.52977    -7.55009  0.00143678
          91    -7.55042     -7.5501   0.0014209
          92    -7.54861    -7.55008  0.00140547
          93    -7.53214    -7.54989   0.0014036
          94    -7.55751    -7.54997  0.00139095
          95    -7.55354    -7.55001  0.00137674
          96    -7.53971     -7.5499  0.00136654
          97    -7.53885    -7.54978  0.00135717
          98    -7.55107     -7.5498  0.00134332
          99    -7.56067    -7.54991  0.00133421
         100    -7.54176    -7.54983  0.00132331
