           1   0.0444763   0.0444763           0
           2   0.0460615   0.0452689 0.000792602
           3   0.0484624   0.0463334  0.00115869
           4   0.0570472   0.0490119  0.00280095
           5   0.0456159   0.0483327  0.00227343
           6   0.0527397   0.0490672  0.00199628
           7   0.0478662   0.0488956  0.00169587
           8   0.0403945    0.047833  0.00181278
           9   0.0515691   0.0482481  0.00165174
          10   0.0431809   0.0477414  0.00156185
          11   0.0578999   0.0486649  0.00168781
          12   0.0434562   0.0482308  0.00160073
          13   0.0557443   0.0488088  0.00158182
          14   0.0558405   0.0493111  0.00154822
          15   0.0477563   0.0492074  0.00144503
          16   0.0516214   0.0493583   0.0013601
          17   0.0558694   0.0497413  0.00133376
          18    0.057197   0.0501555  0.00132395
          19    0.050226   0.0501592  0.00125233
          20   0.0496311   0.0501328  0.00118836
          21   0.0544526   0.0503385  0.00114892
          22    0.053813   0.0504964  0.00110678
          23   0.0503661   0.0504908  0.00105758
          24   0.0479937   0.0503867  0.00101789
          25   0.0536002   0.0505153 0.000984749
          26   0.0542201   0.0506578 0.000956786
          27   0.0498646   0.0506284 0.000921136
          28   0.0457059   0.0504526 0.000904871
          29   0.0477139   0.0503581 0.000878204
          30   0.0494236    0.050327 0.000848997
          31   0.0476267   0.0502399  0.00082576
          32   0.0430058   0.0500138 0.000830884
          33   0.0437396   0.0498237 0.000827451
          34   0.0455367   0.0496976 0.000812588
          35   0.0495318   0.0496929 0.000789044
          36    0.043486   0.0495205 0.000785957
          37   0.0446076   0.0493877 0.000775866
          38   0.0473638   0.0493344 0.000757048
          39   0.0490375   0.0493268  0.00073742
          40   0.0496549    0.049335 0.000718795
          41   0.0470161   0.0492784 0.000703322
          42   0.0512977   0.0493265 0.000688054
          43   0.0442129   0.0492076 0.000682306
          44   0.0509671   0.0492476 0.000667817
          45   0.0473539   0.0492055 0.000654163
          46   0.0474556   0.0491675 0.000640914
          47    0.050773   0.0492016 0.000628059
          48   0.0567108   0.0493581 0.000634426
          49    0.047511   0.0493204 0.000622486
          50   0.0452636   0.0492392 0.000615282
          51   0.0507647   0.0492691 0.000603838
          52   0.0566113   0.0494103 0.000608714
          53     0.05174   0.0494543 0.000598734
          54   0.0452104   0.0493757 0.000592775
          55   0.0563975   0.0495034 0.000595738
          56    0.054777   0.0495975 0.000592534
          57   0.0531427   0.0496597  0.00058536
          58   0.0483516   0.0496372 0.000575621
          59   0.0428084   0.0495214 0.000577498
          60   0.0446564   0.0494404 0.000573552
          61   0.0457123   0.0493792 0.000567372
          62    0.047857   0.0493547 0.000558686
          63   0.0461939   0.0493045 0.000552031
          64   0.0512696   0.0493352 0.000544204
          65   0.0491638   0.0493326 0.000535773
          66   0.0496507   0.0493374 0.000527614
          67   0.0436442   0.0492524 0.000526581
          68   0.0503497   0.0492686  0.00051903
          69     0.05186   0.0493061  0.00051283
          70   0.0427591   0.0492126 0.000514031
          71   0.0540795   0.0492812 0.000511355
          72   0.0453302   0.0492263  0.00050718
          73   0.0482564    0.049213 0.000500361
          74   0.0524093   0.0492562 0.000495439
          75   0.0472234   0.0492291 0.000489539
          76   0.0474329   0.0492054 0.000483633
          77   0.0499093   0.0492146 0.000477398
          78   0.0445854   0.0491552 0.000474961
          79   0.0482581   0.0491439 0.000469047
          80   0.0484561   0.0491353 0.000463227
          81   0.0563951   0.0492249  0.00046617
          82   0.0457244   0.0491822 0.000462424
          83    0.045559   0.0491386   0.0004589
          84   0.0524167   0.0491776  0.00045508
          85   0.0475736   0.0491587  0.00045009
          86   0.0478653   0.0491437  0.00044508
          87   0.0473562   0.0491231 0.000440414
          88   0.0443844   0.0490693 0.000438698
          89   0.0467854   0.0490436 0.000434499
          90   0.0547063   0.0491065 0.000434227
          91   0.0456875    0.049069 0.000431069
          92   0.0507945   0.0490877  0.00042677
          93   0.0454906   0.0490491 0.000423924
          94   0.0441736   0.0489972 0.000422585
          95   0.0505086   0.0490131 0.000418416
          96   0.0485612   0.0490084 0.000414061
          97   0.0456901   0.0489742 0.000411196
          98   0.0490351   0.0489748 0.000406979
          99   0.0478822   0.0489638 0.000402998
         100   0.0564586   0.0490387 0.000405927
