           1     1.45241     1.45241           0
           2     1.83501     1.64371    0.191299
           3     1.33939     1.54227    0.149962
           4     1.99879      1.6564    0.155788
           5     1.40281     1.60568    0.130897
           6     1.06469     1.51552     0.13983
           7     1.25395     1.47815    0.123945
           8     1.32127     1.45854    0.109116
           9     1.20185     1.43002    0.100369
          10     1.23113     1.41013   0.0919493
          11     1.87943     1.45279   0.0934754
          12     1.80433     1.48209   0.0902194
          13     1.79399     1.50608   0.0863883
          14     1.36712     1.49615   0.0805936
          15     1.48521     1.49542   0.0750321
          16      1.4028     1.48963   0.0704245
          17     2.02234     1.52097   0.0731986
          18     1.74544     1.53344     0.07013
          19     1.48615     1.53095    0.066383
          20      1.6701     1.53791   0.0633596
          21     1.67921     1.54464   0.0606415
          22     1.64108     1.54902   0.0579853
          23     1.71434     1.55621   0.0558712
          24     1.75876     1.56465   0.0541542
          25     1.46069     1.56049   0.0521091
          26     1.59446      1.5618   0.0500819
          27     1.39653     1.55568   0.0485785
          28     1.90304     1.56808   0.0484273
          29     1.33968     1.56021   0.0473867
          30      1.5903     1.56121   0.0457909
          31     1.60818     1.56272    0.044315
          32     1.53243     1.56178   0.0429183
          33     1.45598     1.55857   0.0417208
          34     1.60774     1.56002   0.0405009
          35     1.67024     1.56317   0.0394526
          36     1.41013     1.55892    0.038576
          37     1.53432     1.55825   0.0375248
          38     1.88945     1.56697   0.0375495
          39     1.48195     1.56479   0.0366389
          40     1.23931     1.55665   0.0366265
          41     1.76761      1.5618   0.0360907
          42     1.46839     1.55957    0.035291
          43     1.53586     1.55902    0.034465
          44     1.67655     1.56169   0.0337783
          45     1.25741     1.55493   0.0337044
          46     1.27706     1.54889   0.0335125
          47     1.78377     1.55389   0.0331703
          48     2.01435     1.56348   0.0338593
          49     1.70879     1.56644   0.0332934
          50     1.27839     1.56068   0.0331256
          51     1.27654     1.55511   0.0329441
          52      1.3247     1.55068   0.0326068
          53     1.71646     1.55381   0.0321382
          54     1.82138     1.55876   0.0319243
          55     1.66948     1.56078   0.0314031
          56     1.77819     1.56466   0.0310807
          57     1.75377     1.56798   0.0307103
          58     1.89683     1.57365   0.0307042
          59     1.44904     1.57153   0.0302531
          60     1.80752     1.57547   0.0300035
          61     1.38633     1.57237     0.02967
          62     1.67344       1.574    0.029233
          63     1.73284     1.57652   0.0288755
          64     1.87571     1.58119   0.0288027
          65     1.62165     1.58182   0.0283629
          66     1.17655     1.57568   0.0285969
          67     1.52562     1.57493   0.0281767
          68     1.63748     1.57585   0.0277745
          69      1.3718     1.57289   0.0275283
          70     1.58295     1.57303   0.0271326
          71     1.87774     1.57733   0.0270898
          72     1.90768     1.58191   0.0271021
          73     1.90646     1.58636   0.0270955
          74     1.98524     1.59175    0.027265
          75     1.42657     1.58955    0.026989
          76     1.54378     1.58895   0.0266383
          77     1.67521     1.59007    0.026314
          78     1.64228     1.59074    0.025983
          79     1.46082     1.58909   0.0257047
          80     1.49011     1.58785   0.0254115
          81     1.28285     1.58409   0.0253767
          82     1.26951     1.58025   0.0253572
          83     1.39268     1.57799   0.0251516
          84      1.5055     1.57713   0.0248653
          85     1.51849     1.57644   0.0245807
          86     1.04599     1.57027    0.025064
          87     1.52989     1.56981   0.0247786
          88     2.07495     1.57555    0.025159
          89       1.641     1.57628   0.0248856
          90     1.33458      1.5736   0.0247537
          91      1.5282      1.5731   0.0244852
          92     1.35715     1.57075   0.0243311
          93     1.92717     1.57458   0.0243713
          94     1.61714     1.57504   0.0241149
          95     2.06837     1.58023   0.0244182
          96     1.45976     1.57897   0.0241951
          97     1.52738     1.57844   0.0239503
          98     1.66371     1.57931   0.0237206
          99     1.63159     1.57984   0.0234857
         100      1.4844     1.57889   0.0232692
