0.0128248           0           0
0.0179547           0           0
0.0230847           0           0
0.0282146           0           0
0.0333445           0           0
0.0384745           0           0
0.0436044           0           0
0.0487343           0           0
0.0538642           0           0
0.0589942           0           0
0.0641241           0           0
0.069254           0           0
0.074384           0           0
0.0795139           0           0
0.0846438           0           0
0.0897737           0           0
0.0949037           0           0
0.100034           0           0
0.105164           0           0
0.110293           0           0
0.115423           0           0
0.120553           0           0
0.125683           0           0
0.130813           0           0
0.135943           0           0
0.141073           0           0
0.146203           0           0
0.151333           0           0
0.156463           0           0
0.161593           0           0
0.166723           0           0
0.171853           0           0
0.176983           0           0
0.182112           0           0
0.187242           0           0
0.192372           0           0
0.197502           0           0
0.202632           0           0
0.207762           0           0
0.212892           0           0
0.218022           0           0
0.223152           0           0
0.228282           0           0
0.233412           0           0
0.238542           0           0
0.243672           0           0
0.248802           0           0
0.253931           0           0
0.259061           0           0
0.264191           0           0
0.269321           0           0
0.274451           0           0
0.279581           0           0
0.284711           0           0
0.289841           0           0
0.294971           0           0
0.300101           0           0
0.305231           0           0
0.310361           0           0
0.315491           0           0
0.32062           0           0
0.32575           0           0
0.33088           0           0
0.33601           0           0
0.34114           0           0
0.34627           0           0
0.3514           0           0
0.35653           0           0
0.36166           0           0
0.36679           0           0
0.37192           0           0
0.37705           0           0
0.38218           0           0
0.38731           0           0
0.392439           0           0
0.397569           0           0
0.402699           0           0
0.407829           0           0
0.412959           0           0
0.418089           0           0
0.423219           0           0
0.428349           0           0
0.433479           0           0
0.438609           0           0
0.443739           0           0
0.448869           0           0
0.453999           0           0
0.459129           0           0
0.464258           0           0
0.469388           0           0
0.474518           0           0
0.479648           0           0
0.484778           0           0
0.489908           0           0
0.495038           0           0
0.500168           0           0
0.505298           0           0
0.510428           0           0
0.515558           0           0
0.520688           0           0
0.525818           0           0
0.530948           0           0
0.536077           0           0
0.541207           0           0
0.546337           0           0
0.551467           0           0
0.556597           0           0
0.561727           0           0
0.566857           0           0
0.571987           0           0
0.577117           0           0
0.582247           0           0
0.587377           0           0
0.592507           0           0
0.597637           0           0
0.602767           0           0
0.607896           0           0
0.613026           0           0
0.618156           0           0
0.623286           0           0
0.628416           0           0
0.633546           0           0
0.638676           0           0
0.643806           0           0
0.648936           0           0
0.654066           0           0
0.659196           0           0
0.664326           0           0
0.669456           0           0
0.674586           0           0
0.679715           0           0
0.684845           0           0
0.689975           0           0
0.695105           0           0
0.700235           0           0
0.705365           0           0
0.710495           0           0
0.715625           0           0
0.720755           0           0
0.725885           0           0
0.731015           0           0
0.736145           0           0
0.741275           0           0
0.746405           0           0
0.751534           0           0
0.756664           0           0
0.761794           0           0
0.766924           0           0
0.772054           0           0
0.777184           0           0
0.782314           0           0
0.787444           0           0
0.792574           0           0
0.797704           0           0
0.802834           0           0
0.807964           0           0
0.813094           0           0
0.818223           0           0
0.823353           0           0
0.828483           0           0
0.833613           0           0
0.838743           0           0
0.843873           0           0
0.849003           0           0
0.854133           0           0
0.859263           0           0
0.864393           0           0
0.869523           0           0
0.874653 4.69378e-05 3.36892e-05
0.879783 2.78352e-05 1.59075e-05
0.884913 0.000192594 6.81024e-05
0.890042 0.000262906 6.85417e-05
0.895172 0.000833477 0.000110503
0.900302  0.00177205 0.000170826
0.905432  0.00353034 0.000270925
0.910562  0.00576005 0.000347643
0.915692   0.0117939 0.000426228
0.920822   0.0203783 0.000600936
0.925952   0.0324494  0.00090125
0.931082   0.0483878  0.00103991
0.936212   0.0742997   0.0011149
0.941342    0.106445  0.00161883
0.946472    0.152482    0.001894
0.951602    0.201956  0.00216649
0.956732    0.268362  0.00230314
0.961861     0.34456  0.00310734
0.966991    0.439414  0.00366159
0.972121    0.539327  0.00387936
0.977251    0.651742  0.00401779
0.982381    0.777457  0.00410754
0.987511    0.911019   0.0050554
0.992641     1.03632  0.00549698
0.997771     1.17574  0.00533849
1.0029     1.30052  0.00576805
1.00803     1.44154  0.00655885
1.01316     1.58485   0.0067298
1.01829     1.71119   0.0055801
1.02342     1.82291  0.00573249
1.02855     1.94502  0.00610577
1.03368     2.05381  0.00618686
1.03881     2.14161  0.00727606
1.04394     2.22851  0.00620045
1.04907     2.29217  0.00611685
1.0542     2.35825  0.00642958
1.05933      2.4161  0.00601806
1.06446     2.46867  0.00642536
1.06959     2.48901  0.00608025
1.07472     2.51497  0.00580811
1.07985       2.523  0.00479581
1.08498     2.53801  0.00638204
1.09011     2.52599  0.00641441
1.09524     2.53256   0.0064938
1.10037     2.51154  0.00603952
1.1055     2.48405    0.006366
1.11063     2.46554  0.00602375
1.11576      2.4422  0.00595479
1.12089      2.3946  0.00514828
1.12602     2.36622   0.0050474
1.13115     2.33648  0.00623593
1.13628     2.28294  0.00569456
1.14141     2.23254  0.00541369
1.14654     2.20792  0.00535708
1.15167     2.15878  0.00503841
1.1568      2.1097  0.00519453
1.16193     2.07122  0.00526924
1.16706     2.02371  0.00490263
1.17219     1.97548  0.00572537
1.17732     1.93763  0.00526854
1.18245     1.89848  0.00515618
1.18758     1.85058  0.00482161
1.19271     1.80706  0.00491311
1.19784     1.76836  0.00512059
1.20297     1.72443  0.00451129
1.2081     1.69413  0.00471482
1.21323     1.64057  0.00453792
1.21836     1.60642  0.00462679
1.22349     1.56328  0.00440606
1.22862     1.52648  0.00517803
1.23375     1.49552  0.00464152
1.23888     1.45775  0.00418078
1.24401     1.42909  0.00418033
1.24914     1.39604  0.00393855
1.25427     1.37062  0.00411741
1.2594     1.32986  0.00355244
1.26453     1.30455  0.00411856
1.26966     1.27395  0.00371586
1.27479     1.24838  0.00372738
1.27992     1.23032  0.00399017
1.28505     1.19807  0.00305755
1.29018     1.17729  0.00348886
1.29531     1.14719  0.00345007
1.30044     1.12943  0.00351359
1.30557     1.10543  0.00327476
1.3107     1.08555  0.00368896
1.31583      1.0682  0.00357248
1.32096     1.04137  0.00334649
1.32609     1.03106  0.00335571
1.33122      1.0081  0.00335645
1.33635    0.985795  0.00287171
1.34148    0.969965  0.00316382
1.34661    0.956363  0.00315356
1.35174    0.948902  0.00306577
1.35687    0.923844  0.00283059
1.362    0.915229  0.00324532
1.36713    0.900316  0.00312366
1.37226    0.886915  0.00293977
1.37739    0.875707  0.00274973
1.38252    0.860882  0.00291769
1.38765    0.850699  0.00299751
1.39278    0.839042  0.00286374
1.39791    0.831172  0.00289756
1.40304     0.81621  0.00279736
1.40817    0.808503  0.00282507
1.4133    0.797859  0.00280726
1.41843    0.788728  0.00263533
1.42355     0.78208  0.00252498
1.42868    0.773208  0.00233981
1.43381    0.765855  0.00283287
1.43894    0.756981  0.00251825
1.44407    0.745578  0.00258555
1.4492    0.743175  0.00270553
1.45433    0.738644  0.00246265
1.45946    0.732284  0.00245761
1.46459     0.72043  0.00258018
1.46972    0.722292  0.00240882
1.47485    0.715592  0.00240887
1.47998    0.708761  0.00224488
1.48511     0.70388  0.00227453
1.49024    0.698696  0.00227745
1.49537    0.694694  0.00260869
1.5005    0.687231  0.00260902
1.50563    0.688785  0.00237336
1.51076    0.681343  0.00218718
1.51589     0.68083  0.00249059
1.52102    0.675261  0.00226864
1.52615    0.674969  0.00240971
1.53128    0.674941  0.00210673
1.53641     0.67265  0.00269526
1.54154    0.672479  0.00237144
1.54667    0.665758  0.00248109
1.5518    0.667937  0.00255081
1.55693    0.666322  0.00227594
1.56206     0.66642  0.00248966
1.56719    0.663971  0.00223146
1.57232    0.664227  0.00234485
1.57745    0.665541  0.00248909
1.58258    0.660953   0.0026028
1.58771    0.662087  0.00226173
1.59284    0.664297  0.00229031
1.59797    0.661974  0.00260766
1.6031    0.665518  0.00247501
1.60823    0.666933  0.00207497
1.61336    0.668614  0.00234082
1.61849    0.667433  0.00216288
1.62362    0.671771  0.00235584
1.62875     0.67716  0.00231984
1.63388    0.672556  0.00230836
1.63901     0.67737  0.00242235
1.64414    0.679842  0.00217754
1.64927    0.682252  0.00222776
1.6544     0.67951  0.00233051
1.65953    0.686127  0.00236751
1.66466    0.691807  0.00210065
1.66979    0.696434    0.002072
1.67492    0.701794  0.00244865
1.68005    0.702772   0.0022097
1.68518    0.705664  0.00238997
1.69031    0.708468  0.00225275
1.69544    0.717991  0.00206303
1.70057    0.722685  0.00233249
1.7057    0.726646  0.00218798
1.71083    0.726785  0.00220891
1.71596    0.739929  0.00200043
1.72109    0.744597  0.00241194
1.72622    0.748649  0.00212864
1.73135    0.752535   0.0022058
1.73648    0.761295  0.00254523
1.74161    0.768553  0.00195707
1.74674    0.777422   0.0022018
1.75187    0.780083  0.00219562
1.757    0.789463  0.00220808
1.76213    0.798454  0.00265315
1.76726    0.807265  0.00250863
1.77239    0.812427   0.0024281
1.77752     0.81693  0.00256673
1.78265    0.825783  0.00225872
1.78778    0.833948  0.00230154
1.79291    0.840452  0.00223908
1.79804    0.846559  0.00241687
1.80317     0.86051  0.00227436
1.8083    0.864853  0.00240632
1.81343    0.873439  0.00209146
1.81856    0.879339  0.00217395
1.82369    0.895923  0.00265939
1.82882    0.898037  0.00199403
1.83395    0.904273  0.00249097
1.83908    0.907998  0.00232746
1.84421    0.921156  0.00231317
1.84934    0.933336   0.0025068
1.85447    0.938291  0.00217464
1.8596    0.947738  0.00252033
1.86473    0.958589  0.00266775
1.86986    0.966441  0.00231283
1.87499     0.97397  0.00256648
1.88012    0.982437  0.00232658
1.88525     0.98911  0.00260946
1.89038     1.00191   0.0026255
1.89551     1.00476  0.00239421
1.90064     1.00964  0.00217799
1.90577     1.02076   0.0024916
1.9109     1.02612  0.00245092
1.91603     1.04091   0.0023059
1.92116     1.04891  0.00248786
1.92629     1.05301  0.00233741
1.93142     1.06175  0.00236549
1.93655     1.06774  0.00246425
1.94168     1.07543  0.00248602
1.94681     1.08205  0.00245002
1.95194     1.09344  0.00257254
1.95707     1.10011  0.00242704
1.9622     1.10178  0.00252157
1.96733     1.11148   0.0025274
1.97246      1.1196  0.00247854
1.97759     1.12371  0.00248078
1.98272     1.12975  0.00226704
1.98785      1.1394  0.00234015
1.99298     1.14405  0.00246793
1.99811     1.14719   0.0024443
2.00324     1.15772  0.00246047
2.00837     1.15877   0.0021583
2.0135     1.16443  0.00227193
2.01863     1.17189  0.00219773
2.02376     1.17392  0.00234743
2.02889     1.18024   0.0022995
2.03402     1.18417  0.00232226
2.03915     1.18801  0.00243083
2.04428     1.19277  0.00231385
2.04941     1.19339  0.00255855
2.05454     1.19147  0.00212363
2.05967     1.20041  0.00213306
2.0648     1.19745  0.00243471
2.06993      1.2006  0.00229252
2.07506     1.20497  0.00244819
2.08019     1.20543  0.00219465
2.08532     1.20567  0.00208729
2.09045     1.20502    0.002398
2.09558     1.20511  0.00232362
2.10071     1.20261  0.00240024
2.10584     1.20662  0.00227512
2.11097     1.20312  0.00201701
2.1161     1.20101  0.00214024
2.12123     1.19998  0.00231942
2.12636     1.20046  0.00200098
2.13149     1.19619  0.00195789
2.13661     1.19057  0.00254516
2.14174     1.19035  0.00237913
2.14687     1.18355  0.00236733
2.152     1.18357  0.00194388
2.15713     1.18232  0.00247281
2.16226     1.17779  0.00228653
2.16739     1.17525  0.00223953
2.17252     1.17076  0.00238275
2.17765     1.16569  0.00212942
2.18278     1.15937  0.00241131
2.18791     1.15635  0.00227604
2.19304     1.14974  0.00235059
2.19817     1.14651  0.00204836
2.2033     1.13753   0.0022095
2.20843     1.13213  0.00189127
2.21356     1.12986  0.00237093
2.21869     1.12737  0.00232492
2.22382     1.12054  0.00224493
2.22895     1.11434  0.00212409
2.23408     1.10985  0.00210322
2.23921      1.1024  0.00210881
2.24434     1.09918  0.00223968
2.24947     1.09181  0.00183808
2.2546     1.08521  0.00187376
2.25973     1.08004  0.00217025
2.26486     1.07912   0.0020303
2.26999     1.06834  0.00226898
2.27512     1.06575  0.00180346
2.28025      1.0592   0.0021179
2.28538     1.05507  0.00204773
2.29051     1.04655   0.0022441
2.29564     1.04127  0.00208476
2.30077      1.0333   0.0020756
2.3059     1.02916  0.00196251
2.31103     1.02595  0.00202284
2.31616     1.02191  0.00210855
2.32129     1.01602  0.00212482
2.32642     1.00975  0.00180309
2.33155     1.00402  0.00182794
2.33668     1.00074  0.00209564
2.34181    0.990026  0.00211483
2.34694    0.989907  0.00188981
2.35207    0.984095  0.00194363
2.3572    0.981135  0.00212891
2.36233    0.975051   0.0019609
2.36746    0.969827  0.00171843
2.37259    0.965931  0.00206327
2.37772    0.965442  0.00198029
2.38285    0.957857  0.00179582
2.38798    0.956084  0.00186688
2.39311    0.951653  0.00195982
2.39824    0.947821  0.00177284
2.40337    0.943252  0.00195054
2.4085    0.940681  0.00212242
2.41363    0.937401  0.00194889
2.41876    0.933644  0.00213058
2.42389    0.930129  0.00179529
2.42902    0.927213  0.00188978
2.43415    0.925715  0.00192185
2.43928    0.919338  0.00186646
2.44441    0.919808  0.00186495
2.44954    0.915014  0.00184023
2.45467     0.91586  0.00186453
2.4598    0.914155  0.00208834
2.46493    0.910948   0.0018163
2.47006    0.907697  0.00178329
2.47519    0.904867  0.00192456
2.48032    0.905929   0.0017648
2.48545    0.902407  0.00160895
2.49058    0.901148  0.00180693
2.49571    0.899839  0.00174235
2.50084    0.899828  0.00160727
2.50597     0.89669  0.00187228
2.5111    0.886448  0.00167974
2.51623    0.881951  0.00163691
2.52136    0.880792  0.00166235
2.52649    0.882489  0.00161315
2.53162    0.882652  0.00170347
2.53675    0.878703  0.00152537
2.54188    0.876822  0.00145416
2.54701    0.878461  0.00174331
2.55214    0.878894  0.00168221
2.55727    0.878825  0.00181228
2.5624    0.878472  0.00171472
2.56753    0.879442  0.00166893
2.57266    0.878401  0.00169292
