0.0115332           0           0
0.0161465           0           0
0.0207598           0           0
0.0253731           0           0
0.0299864           0           0
0.0345996           0           0
0.0392129           0           0
0.0438262           0           0
0.0484395           0           0
0.0530528           0           0
0.0576661           0           0
0.0622794           0           0
0.0668926           0           0
0.0715059           0           0
0.0761192           0           0
0.0807325           0           0
0.0853458           0           0
0.0899591           0           0
0.0945724           0           0
0.0991856           0           0
0.103799           0           0
0.108412           0           0
0.113026           0           0
0.117639           0           0
0.122252           0           0
0.126865           0           0
0.131479           0           0
0.136092           0           0
0.140705           0           0
0.145319           0           0
0.149932           0           0
0.154545           0           0
0.159158           0           0
0.163772           0           0
0.168385           0           0
0.172998           0           0
0.177612           0           0
0.182225           0           0
0.186838           0           0
0.191451           0           0
0.196065           0           0
0.200678           0           0
0.205291           0           0
0.209905           0           0
0.214518           0           0
0.219131           0           0
0.223744           0           0
0.228358           0           0
0.232971           0           0
0.237584           0           0
0.242198           0           0
0.246811           0           0
0.251424           0           0
0.256037           0           0
0.260651           0           0
0.265264           0           0
0.269877           0           0
0.274491           0           0
0.279104           0           0
0.283717           0           0
0.28833           0           0
0.292944           0           0
0.297557           0           0
0.30217           0           0
0.306784           0           0
0.311397           0           0
0.31601           0           0
0.320623           0           0
0.325237           0           0
0.32985           0           0
0.334463           0           0
0.339077           0           0
0.34369           0           0
0.348303           0           0
0.352916           0           0
0.35753           0           0
0.362143           0           0
0.366756           0           0
0.37137           0           0
0.375983           0           0
0.380596           0           0
0.385209           0           0
0.389823           0           0
0.394436           0           0
0.399049           0           0
0.403663           0           0
0.408276           0           0
0.412889           0           0
0.417502           0           0
0.422116           0           0
0.426729           0           0
0.431342           0           0
0.435956           0           0
0.440569           0           0
0.445182           0           0
0.449795           0           0
0.454409           0           0
0.459022           0           0
0.463635           0           0
0.468249           0           0
0.472862           0           0
0.477475           0           0
0.482088           0           0
0.486702           0           0
0.491315           0           0
0.495928           0           0
0.500542           0           0
0.505155           0           0
0.509768           0           0
0.514381           0           0
0.518995           0           0
0.523608           0           0
0.528221           0           0
0.532835           0           0
0.537448           0           0
0.542061           0           0
0.546674           0           0
0.551288           0           0
0.555901           0           0
0.560514           0           0
0.565128           0           0
0.569741           0           0
0.574354           0           0
0.578967           0           0
0.583581           0           0
0.588194           0           0
0.592807           0           0
0.597421           0           0
0.602034           0           0
0.606647           0           0
0.61126           0           0
0.615874           0           0
0.620487           0           0
0.6251           0           0
0.629714           0           0
0.634327           0           0
0.63894           0           0
0.643553           0           0
0.648167           0           0
0.65278           0           0
0.657393           0           0
0.662007           0           0
0.66662           0           0
0.671233           0           0
0.675846           0           0
0.68046           0           0
0.685073           0           0
0.689686           0           0
0.6943           0           0
0.698913           0           0
0.703526           0           0
0.708139           0           0
0.712753           0           0
0.717366           0           0
0.721979           0           0
0.726593           0           0
0.731206           0           0
0.735819           0           0
0.740432           0           0
0.745046           0           0
0.749659           0           0
0.754272           0           0
0.758886           0           0
0.763499           0           0
0.768112           0           0
0.772725           0           0
0.777339           0           0
0.781952           0           0
0.786565           0           0
0.791179           0           0
0.795792           0           0
0.800405           0           0
0.805018           0           0
0.809632           0           0
0.814245           0           0
0.818858           0           0
0.823472           0           0
0.828085           0           0
0.832698           0           0
0.837311           0           0
0.841925           0           0
0.846538           0           0
0.851151           0           0
0.855765           0           0
0.860378           0           0
0.864991           0           0
0.869604           0           0
0.874218           0           0
0.878831           0           0
0.883444           0           0
0.888058           0           0
0.892671           0           0
0.897284 7.21377e-06 7.21377e-06
0.901897 2.85607e-05 1.57875e-05
0.906511 0.000134286  4.7645e-05
0.911124 0.000391792 8.48575e-05
0.915737   0.0010389 0.000132622
0.920351    0.002201 0.000141059
0.924964  0.00426996 0.000267828
0.929577  0.00753455 0.000258854
0.93419   0.0145812 0.000443165
0.938804   0.0242176 0.000584251
0.943417   0.0382591 0.000695787
0.94803    0.061145 0.000973566
0.952644   0.0935257  0.00174747
0.957257    0.135105  0.00136474
0.96187    0.192614  0.00173439
0.966483    0.268545  0.00276127
0.971097    0.361751  0.00264708
0.97571    0.477326  0.00279116
0.980323    0.613983  0.00307793
0.984937    0.773503  0.00323404
0.98955    0.959388  0.00387651
0.994163     1.16805  0.00427838
0.998776     1.40188  0.00368372
1.00339     1.64214  0.00403586
1.008     1.90905  0.00523802
1.01262     2.18397  0.00570728
1.01723     2.47562  0.00599169
1.02184     2.75354  0.00377314
1.02646     3.03682  0.00657732
1.03107     3.30835   0.0061575
1.03568     3.56569  0.00725755
1.0403     3.80908  0.00473537
1.04491     4.05606  0.00637884
1.04952     4.23518  0.00506231
1.05414     4.41843  0.00602813
1.05875     4.56459  0.00854568
1.06336     4.67631  0.00473856
1.06798     4.77305  0.00832954
1.07259     4.81966  0.00720607
1.0772     4.84981  0.00764799
1.08182     4.83431  0.00861682
1.08643     4.80248  0.00846035
1.09104     4.76099   0.0049761
1.09566     4.67357  0.00461721
1.10027     4.56324  0.00815553
1.10488     4.43633   0.0107775
1.1095     4.29565  0.00857546
1.11411     4.13356  0.00836382
1.11872      3.9748  0.00532701
1.12334     3.79223  0.00535572
1.12795       3.608  0.00648275
1.13256     3.42008  0.00817224
1.13717     3.23204  0.00520879
1.14179     3.03092  0.00577009
1.1464     2.84057  0.00544082
1.15101     2.65892  0.00385787
1.15563     2.47684  0.00352225
1.16024     2.28661  0.00366124
1.16485     2.11449  0.00413521
1.16947     1.94337  0.00438485
1.17408     1.78027  0.00185411
1.17869     1.63284  0.00442369
1.18331     1.48871  0.00388609
1.18792     1.35265  0.00377925
1.19253      1.2258  0.00349539
1.19715     1.10419  0.00273511
1.20176    0.996042  0.00375821
1.20637    0.892683  0.00214488
1.21099    0.796373  0.00379777
1.2156    0.715941  0.00203839
1.22021    0.638904  0.00199674
1.22483    0.570337   0.0015937
1.22944    0.500986  0.00207176
1.23405    0.441143  0.00157077
1.23867    0.390833  0.00277012
1.24328    0.344544  0.00261629
1.24789    0.300919  0.00194317
1.25251    0.262206 0.000998277
1.25712    0.228757  0.00135517
1.26173    0.199659  0.00156611
1.26635    0.173108  0.00159794
1.27096    0.150439  0.00191778
1.27557    0.127247  0.00126527
1.28019     0.11223 0.000781587
1.2848   0.0958427  0.00104114
1.28941    0.086285  0.00073308
1.29403   0.0757962  0.00104519
1.29864   0.0648065  0.00135701
1.30325   0.0582447 0.000994213
1.30787   0.0519774  0.00118573
1.31248   0.0468587  0.00063742
1.31709   0.0441773 0.000581875
1.32171   0.0410734 0.000793131
1.32632   0.0386157  0.00048181
1.33093   0.0389255  0.00069374
1.33555   0.0403047  0.00075781
1.34016   0.0419809 0.000750747
1.34477   0.0439158 0.000831615
1.34939   0.0492714 0.000780447
1.354   0.0531401 0.000490017
1.35861   0.0587708 0.000673514
1.36323   0.0651275 0.000956028
1.36784   0.0726233  0.00064716
1.37245   0.0818979  0.00075828
1.37707   0.0924863  0.00085188
1.38168    0.103129  0.00094163
1.38629    0.116295   0.0010948
1.39091    0.129806 0.000577014
1.39552    0.145217  0.00171097
1.40013    0.161949  0.00151304
1.40475    0.183374  0.00104072
1.40936    0.199494  0.00124758
1.41397    0.222939  0.00127289
1.41859    0.245538   0.0015925
1.4232    0.269868  0.00153596
1.42781    0.296359   0.0013341
1.43243    0.321834  0.00114085
1.43704    0.350941  0.00154067
1.44165    0.382048  0.00187185
1.44627    0.412591  0.00208239
1.45088    0.447555  0.00173979
1.45549    0.484659  0.00138599
1.4601    0.516339  0.00185752
1.46472    0.553759  0.00130344
1.46933    0.588318  0.00150084
1.47394    0.619411  0.00201108
1.47856    0.655865  0.00229857
1.48317    0.694608  0.00235738
1.48778    0.723809  0.00201595
1.4924    0.756432  0.00313164
1.49701    0.785074  0.00120161
1.50162    0.820638  0.00193037
1.50624    0.845478  0.00188677
1.51085    0.866626  0.00237751
1.51546    0.893217  0.00248148
1.52008    0.910391     0.00226
1.52469    0.925804   0.0013485
1.5293    0.941015  0.00178122
1.53392    0.958571   0.0021872
1.53853    0.955489  0.00248905
1.54314    0.959072  0.00395957
1.54776    0.959851  0.00386536
1.55237    0.954092  0.00185765
1.55698    0.942773  0.00222631
1.5616    0.933972  0.00310999
1.56621    0.918901   0.0020906
1.57082    0.903159  0.00302014
1.57544    0.879567  0.00294871
1.58005     0.85777  0.00177973
1.58466    0.831442  0.00173876
1.58928    0.802448  0.00163642
1.59389     0.77068  0.00178865
1.5985    0.739437  0.00132855
1.60312    0.703786  0.00177457
1.60773    0.665215   0.0015246
1.61234     0.63256  0.00167834
1.61696    0.599635  0.00183344
1.62157    0.565343  0.00151447
1.62618    0.528258  0.00161241
1.6308    0.494702  0.00139415
1.63541    0.461641  0.00161097
1.64002    0.429329  0.00114582
1.64464    0.393424  0.00111354
1.64925    0.366397  0.00186672
1.65386    0.335939  0.00172137
1.65848    0.312788 0.000948845
1.66309    0.289675  0.00122505
1.6677    0.265711  0.00131784
1.67232    0.247791  0.00154959
1.67693    0.227424  0.00116146
1.68154    0.214994  0.00167334
1.68616    0.201472  0.00105716
1.69077     0.19397 0.000778633
1.69538    0.186478  0.00131362
1.7    0.185669  0.00120367
1.70461    0.185628  0.00135661
1.70922    0.191037   0.0015789
1.71384    0.197261  0.00103567
1.71845    0.210212  0.00154992
1.72306       0.227  0.00170575
1.72768    0.247136  0.00204602
1.73229    0.270958   0.0016706
1.7369    0.303355  0.00182547
1.74152    0.338271  0.00224086
1.74613     0.37806  0.00158022
1.75074    0.421796  0.00156635
1.75536    0.474135   0.0022387
1.75997    0.532852  0.00214567
1.76458    0.593912  0.00211678
1.7692    0.663658  0.00116781
1.77381    0.737968   0.0010705
1.77842    0.813658  0.00184928
1.78303    0.901319  0.00181909
1.78765    0.987685   0.0013707
1.79226     1.08134  0.00321017
1.79687     1.17868  0.00246858
1.80149     1.28295  0.00155911
1.8061     1.39291   0.0015473
1.81071     1.49305  0.00217636
1.81533     1.60044  0.00206441
1.81994     1.70749  0.00242722
1.82455      1.8177  0.00372443
1.82917     1.91934  0.00319225
1.83378     2.02183  0.00330654
1.83839     2.12058  0.00274294
1.84301      2.2196  0.00381651
1.84762     2.30234  0.00277236
1.85223      2.3886  0.00194461
1.85685     2.46345  0.00343638
1.86146     2.52279  0.00290641
1.86607     2.58153  0.00276205
1.87069     2.62773  0.00287167
1.8753     2.66079  0.00368102
1.87991     2.68427  0.00341502
1.88453     2.69739  0.00516079
1.88914     2.70309  0.00250906
1.89375     2.69527  0.00261438
1.89837      2.6702  0.00286442
1.90298     2.63413  0.00393018
1.90759     2.59358  0.00414633
1.91221     2.54089  0.00389067
1.91682     2.48077  0.00328414
1.92143     2.41461  0.00367178
1.92605     2.34314  0.00330557
1.93066     2.25306  0.00257046
1.93527     2.16914   0.0034827
1.93989     2.07345  0.00246592
1.9445     1.97561  0.00300239
1.94911     1.87686   0.0029259
1.95373     1.77724  0.00206736
1.95834     1.67462  0.00350045
1.96295     1.57389  0.00307153
1.96757     1.47468  0.00159819
1.97218     1.37664  0.00312259
1.97679     1.28031  0.00181002
1.98141     1.18747  0.00223077
1.98602     1.10107  0.00144982
1.99063     1.01428  0.00240488
1.99525    0.933143  0.00115303
1.99986    0.858529  0.00148842
2.00447    0.787955   0.0020431
2.00909     0.72483  0.00244227
2.0137    0.669059  0.00241186
2.01831    0.615068  0.00147753
2.02293    0.568625  0.00135029
2.02754    0.530527  0.00235073
2.03215    0.498232  0.00154094
2.03677    0.469918  0.00164847
2.04138    0.448986  0.00189001
2.04599    0.434617  0.00242035
2.05061    0.423937  0.00194914
2.05522    0.417292  0.00171092
2.05983    0.419919  0.00155603
2.06445    0.426771    0.001414
2.06906     0.43762  0.00164151
2.07367    0.452835   0.0021963
2.07829    0.470408  0.00111087
2.0829    0.493523  0.00113542
2.08751    0.520907  0.00188567
2.09213    0.547507  0.00133189
2.09674    0.576346  0.00132789
2.10135    0.613022  0.00207849
2.10596     0.64572  0.00142591
2.11058    0.681371  0.00161839
2.11519    0.717065  0.00134016
2.1198     0.75254 0.000756691
2.12442    0.785297  0.00122665
2.12903    0.821822  0.00172622
2.13364    0.853942  0.00128546
2.13826    0.883155  0.00197968
2.14287    0.913287  0.00144916
2.14748    0.939958  0.00133869
2.1521    0.960131   0.0018035
2.15671    0.979195  0.00158766
2.16132    0.999242  0.00130061
2.16594     1.00778  0.00152093
2.17055     1.01902  0.00213121
2.17516     1.02271  0.00101333
2.17978     1.02506  0.00183146
2.18439     1.02565  0.00190544
2.189     1.01695  0.00195447
2.19362     1.00601   0.0011845
2.19823    0.993169  0.00176362
2.20284    0.981706  0.00183922
2.20746     0.95517  0.00165873
2.21207     0.89856  0.00224731
2.21668    0.877582  0.00119884
2.2213    0.852666  0.00136326
2.22591     0.82677  0.00133189
2.23052    0.799061  0.00226571
2.23514    0.775658  0.00128764
2.23975    0.747771  0.00171687
2.24436    0.721592  0.00130398
2.24898    0.695921  0.00117824
2.25359    0.669643   0.0015068
2.2582    0.647599  0.00176989
2.26282    0.627577  0.00111839
2.26743    0.605942  0.00112576
2.27204    0.591475  0.00122089
2.27666     0.57541  0.00186665
2.28127    0.564688  0.00239023
2.28588    0.557786  0.00110921
2.2905     0.55416  0.00219627
2.29511      0.5536  0.00204475
2.29972    0.558117  0.00121953
2.30434    0.566264  0.00157619
2.30895    0.579254  0.00183504
2.31356    0.592571 0.000773528
