           1   -0.390967   -0.390967           0
           2   -0.351871   -0.371419   0.0195482
           3   -0.366827   -0.369888   0.0113895
           4   -0.405124   -0.378697   0.0119355
           5   -0.399312    -0.38282   0.0101229
           6   -0.353496   -0.377933  0.00960219
           7   -0.360705   -0.375472   0.0084803
           8   -0.374774   -0.375385  0.00734467
           9   -0.394285   -0.377485  0.00680931
          10   -0.413769   -0.381113  0.00708935
          11    -0.41394   -0.384097  0.00707298
          12   -0.446594   -0.389305  0.00829534
          13   -0.432769   -0.392649   0.0083309
          14   -0.371739   -0.391155  0.00785619
          15   -0.341459   -0.387842  0.00802912
          16   -0.338486   -0.384757  0.00811938
          17   -0.362732   -0.383462  0.00773609
          18   -0.369539   -0.382688  0.00733456
          19   -0.356246   -0.381297    0.007076
          20   -0.375159    -0.38099  0.00671989
          21   -0.376453   -0.380774  0.00639554
          22   -0.383797   -0.380911  0.00609946
          23   -0.395955   -0.381565  0.00586482
          24   -0.428877   -0.383536  0.00595114
          25   -0.442773   -0.385906  0.00618038
          26   -0.435696   -0.387821  0.00623907
          27   -0.452413   -0.390213  0.00646264
          28   -0.453997   -0.392491  0.00663112
          29    -0.45137   -0.394522  0.00671278
          30   -0.452658   -0.396459   0.0067685
          31    -0.44712   -0.398094  0.00674742
          32   -0.440926   -0.399432  0.00666887
          33   -0.436541   -0.400557  0.00656071
          34   -0.435389   -0.401581  0.00644674
          35    -0.42888   -0.402361  0.00630825
          36   -0.430453   -0.403141  0.00617998
          37   -0.426037    -0.40376   0.0060424
          38    -0.43868   -0.404679   0.0059526
          39   -0.461854   -0.406145  0.00598044
          40   -0.466234   -0.407647  0.00601947
          41   -0.463948   -0.409021  0.00602927
          42   -0.429649   -0.409512  0.00590443
          43   -0.408508   -0.409488  0.00576553
          44   -0.389749    -0.40904  0.00565081
          45   -0.393229   -0.408688  0.00553497
          46   -0.389881    -0.40828  0.00542873
          47   -0.397938    -0.40806  0.00531652
          48    -0.38729   -0.407627  0.00522254
          49   -0.373238   -0.406925  0.00516277
          50    -0.37417    -0.40627  0.00510071
          51   -0.391977    -0.40599  0.00500754
          52    -0.41902    -0.40624  0.00491669
          53   -0.404652    -0.40621  0.00482312
          54   -0.424176   -0.406543  0.00474464
          55    -0.46856   -0.407671  0.00479212
          56   -0.518325   -0.409647   0.0051038
          57   -0.502283   -0.411272   0.0052703
          58   -0.466065   -0.412216   0.0052641
          59   -0.445809   -0.412786  0.00520534
          60   -0.448147   -0.413375  0.00515167
          61   -0.489063   -0.414616  0.00521624
          62   -0.488921   -0.415814  0.00526951
          63   -0.426292   -0.415981  0.00518786
          64   -0.404518   -0.415802   0.0051093
          65    -0.41784   -0.415833  0.00503018
          66   -0.401258   -0.415612  0.00495829
          67   -0.373702   -0.414987  0.00492363
          68   -0.387645   -0.414585  0.00486732
          69   -0.434733   -0.414877  0.00480514
          70   -0.427787   -0.415061  0.00473958
          71   -0.416503   -0.415081   0.0046724
          72   -0.387704   -0.414701  0.00462271
          73   -0.346316   -0.413764   0.0046542
          74   -0.336243   -0.412717  0.00470888
          75   -0.324504   -0.411541  0.00479224
          76   -0.319119   -0.410324  0.00488263
          77   -0.337465   -0.409378  0.00491082
          78    -0.37628   -0.408954  0.00486599
          79   -0.394603   -0.408772  0.00480744
          80   -0.412575    -0.40882   0.0047472
          81   -0.378031    -0.40844  0.00470361
          82   -0.380011   -0.408093  0.00465881
          83   -0.437716    -0.40845  0.00461616
          84   -0.441648   -0.408845  0.00457797
          85   -0.405303   -0.408803  0.00452398
          86   -0.413841   -0.408862  0.00447145
          87   -0.426512   -0.409065  0.00442441
          88   -0.413378   -0.409114  0.00437412
          89   -0.420604   -0.409243  0.00432662
          90    -0.41391   -0.409295  0.00427859
          91   -0.411331   -0.409317  0.00423137
          92   -0.391289   -0.409121  0.00418971
          93   -0.395279   -0.408972  0.00414708
          94   -0.420366   -0.409094  0.00410452
          95   -0.437358   -0.409391  0.00407197
          96   -0.419633   -0.409498  0.00403074
          97   -0.365786   -0.409047  0.00401434
          98   -0.384166   -0.408793  0.00398127
          99   -0.431163   -0.409019  0.00394732
         100   -0.428959   -0.409219  0.00391274
