           1    -7.61181    -7.61181           0
           2    -7.65778    -7.63479   0.0229851
           3    -7.61283    -7.62747   0.0151561
           4    -7.60568    -7.62202    0.012023
           5    -7.64009    -7.62564  0.00998926
           6    -7.61186    -7.62334  0.00847327
           7    -7.63489    -7.62499  0.00734869
           8    -7.62173    -7.62458   0.0063772
           9    -7.59479    -7.62127  0.00652628
          10    -7.65214    -7.62436   0.0066034
          11    -7.64304    -7.62606  0.00620967
          12    -7.64305    -7.62747  0.00584275
          13    -7.63862    -7.62833  0.00544256
          14    -7.63462    -7.62878  0.00505885
          15    -7.61317    -7.62774  0.00482315
          16    -7.62445    -7.62753  0.00451633
          17    -7.62388    -7.62732  0.00424779
          18    -7.63232     -7.6276  0.00401449
          19    -7.62766     -7.6276  0.00379733
          20    -7.64337    -7.62839  0.00368771
          21    -7.64973     -7.6294  0.00365194
          22     -7.6212    -7.62903  0.00350191
          23    -7.62254    -7.62875  0.00335806
          24    -7.62728    -7.62869  0.00321568
          25    -7.57839    -7.62668   0.0036825
          26    -7.62385    -7.62657  0.00353969
          27    -7.62495    -7.62651   0.0034066
          28    -7.63099    -7.62667  0.00328658
          29    -7.64907    -7.62744  0.00326396
          30    -7.62087    -7.62722  0.00316087
          31    -7.62112    -7.62702  0.00306355
          32    -7.63759    -7.62735  0.00298458
          33    -7.63957    -7.62772  0.00291632
          34    -7.63684    -7.62799   0.0028419
          35    -7.62054    -7.62778  0.00276772
          36    -7.63241    -7.62791  0.00269282
          37    -7.61521    -7.62757  0.00264144
          38    -7.62216    -7.62742  0.00257492
          39    -7.63716    -7.62767  0.00252042
          40    -7.60391    -7.62708   0.0025274
          41    -7.63953    -7.62738  0.00248363
          42    -7.65146    -7.62796  0.00249065
          43    -7.60322    -7.62738  0.00249916
          44    -7.65297    -7.62796  0.00250999
          45    -7.63458    -7.62811  0.00245798
          46    -7.62022    -7.62794  0.00241006
          47      -7.631      -7.628  0.00235913
          48    -7.62313     -7.6279  0.00231168
          49    -7.61263    -7.62759  0.00228537
          50    -7.61346    -7.62731  0.00225694
          51    -7.62528    -7.62727   0.0022126
          52    -7.61474    -7.62703  0.00218298
          53    -7.61523     -7.6268  0.00215292
          54    -7.62992    -7.62686  0.00211347
          55    -7.64544     -7.6272    0.002102
          56    -7.63193    -7.62728  0.00206585
          57    -7.64664    -7.62762  0.00205751
          58    -7.62261    -7.62754  0.00202357
          59    -7.64503    -7.62783  0.00201096
          60    -7.61031    -7.62754  0.00199861
          61    -7.61839    -7.62739  0.00197129
          62    -7.63843    -7.62757   0.0019474
          63    -7.60358    -7.62719  0.00195372
          64    -7.65698    -7.62765  0.00197849
          65    -7.61865    -7.62752  0.00195274
          66     -7.6426    -7.62774  0.00193645
          67    -7.64545    -7.62801  0.00192556
          68     -7.6102    -7.62775  0.00191503
          69    -7.62545    -7.62771  0.00188736
          70    -7.63313    -7.62779  0.00186182
          71     -7.6169    -7.62764   0.0018418
          72    -7.59952    -7.62725  0.00185756
          73    -7.61809    -7.62712  0.00183623
          74    -7.64598    -7.62738  0.00182908
          75     -7.6197    -7.62727  0.00180742
          76    -7.61544    -7.62712  0.00179026
          77    -7.61921    -7.62702  0.00176984
          78    -7.65576    -7.62738  0.00178546
          79    -7.63592    -7.62749  0.00176602
          80     -7.5993    -7.62714  0.00177905
          81    -7.65943    -7.62754  0.00180161
          82    -7.61121    -7.62734  0.00179061
          83    -7.63793    -7.62747  0.00177351
          84     -7.6073    -7.62723  0.00176863
          85     -7.6525    -7.62752   0.0017728
          86    -7.58579    -7.62704  0.00181802
          87    -7.64756    -7.62727  0.00181242
          88    -7.61227     -7.6271   0.0017998
          89    -7.61304    -7.62695  0.00178646
          90    -7.64313    -7.62713  0.00177563
          91    -7.64516    -7.62732  0.00176715
          92    -7.60999    -7.62714  0.00175796
          93    -7.63324     -7.6272  0.00174019
          94    -7.64142    -7.62735  0.00172821
          95    -7.63821    -7.62747  0.00171373
          96    -7.62312    -7.62742  0.00169639
          97    -7.62758    -7.62742  0.00167881
          98    -7.61617    -7.62731  0.00166556
          99    -7.62018    -7.62724  0.00165022
         100    -7.61307    -7.62709  0.00163977
