0.0253731           0           0
0.0299864           0           0
0.0345996           0           0
0.0392129           0           0
0.0438262           0           0
0.0484395           0           0
0.0530528           0           0
0.0576661           0           0
0.0622794           0           0
0.0668926           0           0
0.0715059           0           0
0.0761192           0           0
0.0807325           0           0
0.0853458           0           0
0.0899591           0           0
0.0945724           0           0
0.0991856           0           0
0.103799           0           0
0.108412           0           0
0.113026           0           0
0.117639           0           0
0.122252           0           0
0.126865           0           0
0.131479           0           0
0.136092           0           0
0.140705           0           0
0.145319           0           0
0.149932           0           0
0.154545           0           0
0.159158           0           0
0.163772           0           0
0.168385           0           0
0.172998           0           0
0.177612           0           0
0.182225           0           0
0.186838           0           0
0.191451           0           0
0.196065           0           0
0.200678           0           0
0.205291           0           0
0.209905           0           0
0.214518           0           0
0.219131           0           0
0.223744           0           0
0.228358           0           0
0.232971           0           0
0.237584           0           0
0.242198           0           0
0.246811           0           0
0.251424           0           0
0.256037           0           0
0.260651           0           0
0.265264           0           0
0.269877           0           0
0.274491           0           0
0.279104           0           0
0.283717           0           0
0.28833           0           0
0.292944           0           0
0.297557           0           0
0.30217           0           0
0.306784           0           0
0.311397           0           0
0.31601           0           0
0.320623           0           0
0.325237           0           0
0.32985           0           0
0.334463           0           0
0.339077           0           0
0.34369           0           0
0.348303           0           0
0.352916           0           0
0.35753           0           0
0.362143           0           0
0.366756           0           0
0.37137           0           0
0.375983           0           0
0.380596           0           0
0.385209           0           0
0.389823           0           0
0.394436           0           0
0.399049           0           0
0.403663           0           0
0.408276           0           0
0.412889           0           0
0.417502           0           0
0.422116           0           0
0.426729           0           0
0.431342           0           0
0.435956           0           0
0.440569           0           0
0.445182           0           0
0.449795           0           0
0.454409           0           0
0.459022           0           0
0.463635           0           0
0.468249           0           0
0.472862           0           0
0.477475           0           0
0.482088           0           0
0.486702           0           0
0.491315           0           0
0.495928           0           0
0.500542           0           0
0.505155           0           0
0.509768           0           0
0.514381           0           0
0.518995           0           0
0.523608           0           0
0.528221           0           0
0.532835           0           0
0.537448           0           0
0.542061           0           0
0.546674           0           0
0.551288           0           0
0.555901           0           0
0.560514           0           0
0.565128           0           0
0.569741           0           0
0.574354           0           0
0.578967           0           0
0.583581           0           0
0.588194           0           0
0.592807           0           0
0.597421           0           0
0.602034           0           0
0.606647           0           0
0.61126           0           0
0.615874           0           0
0.620487           0           0
0.6251           0           0
0.629714           0           0
0.634327           0           0
0.63894           0           0
0.643553           0           0
0.648167           0           0
0.65278           0           0
0.657393           0           0
0.662007           0           0
0.66662           0           0
0.671233           0           0
0.675846           0           0
0.68046           0           0
0.685073           0           0
0.689686           0           0
0.6943           0           0
0.698913           0           0
0.703526           0           0
0.708139           0           0
0.712753           0           0
0.717366           0           0
0.721979           0           0
0.726593           0           0
0.731206           0           0
0.735819           0           0
0.740432           0           0
0.745046           0           0
0.749659           0           0
0.754272           0           0
0.758886           0           0
0.763499           0           0
0.768112           0           0
0.772725           0           0
0.777339           0           0
0.781952           0           0
0.786565           0           0
0.791179           0           0
0.795792           0           0
0.800405           0           0
0.805018           0           0
0.809632           0           0
0.814245           0           0
0.818858           0           0
0.823472           0           0
0.828085           0           0
0.832698           0           0
0.837311           0           0
0.841925           0           0
0.846538           0           0
0.851151           0           0
0.855765           0           0
0.860378           0           0
0.864991           0           0
0.869604           0           0
0.874218           0           0
0.878831           0           0
0.883444           0           0
0.888058           0           0
0.892671           0           0
0.897284           0           0
0.901897           0           0
0.906511           0           0
0.911124 6.99628e-05 6.99628e-05
0.915737 0.000138519 0.000138519
0.920351           0           0
0.924964 0.000271539 0.000181026
0.929577 0.000873766 0.000333063
0.93419  0.00119791  0.00034079
0.938804  0.00303131 0.000660444
0.943417  0.00528567 0.000792969
0.94803   0.0108564 0.000751145
0.952644   0.0206071  0.00185187
0.957257   0.0331488  0.00169559
0.96187   0.0539241  0.00202109
0.966483   0.0879191  0.00277479
0.971097    0.123731  0.00495899
0.97571    0.178873  0.00374288
0.980323    0.250017  0.00487491
0.984937    0.340718  0.00640443
0.98955    0.449353    0.006703
0.994163    0.579055   0.0103576
0.998776    0.742853   0.0092071
1.00339    0.934426   0.0145335
1.008     1.13567   0.0119537
1.01262     1.37967  0.00851245
1.01723     1.62582   0.0125013
1.02184     1.86993   0.0137803
1.02646     2.15778   0.0146377
1.03107     2.41763  0.00901641
1.03568     2.69719   0.0136091
1.0403     2.95749   0.0160858
1.04491     3.23629   0.0154124
1.04952     3.48773   0.0197629
1.05414      3.7382   0.0126308
1.05875      3.9602   0.0172783
1.06336     4.13728   0.0185229
1.06798     4.34099   0.0151751
1.07259     4.47891   0.0270572
1.0772     4.55846   0.0167935
1.08182     4.64343   0.0165315
1.08643     4.71647   0.0221421
1.09104     4.69769   0.0157916
1.09566     4.69615   0.0192758
1.10027     4.62902    0.013546
1.10488     4.59002   0.0154602
1.1095     4.55344   0.0204126
1.11411       4.424   0.0133368
1.11872     4.30021   0.0246977
1.12334     4.19753   0.0181812
1.12795     4.01568    0.026835
1.13256     3.88075   0.0139011
1.13717     3.67452   0.0151245
1.14179     3.50255   0.0154128
1.1464     3.31886   0.0188572
1.15101      3.1462   0.0185282
1.15563     2.95895   0.0180447
1.16024     2.77812   0.0147996
1.16485     2.57502   0.0117344
1.16947     2.43231   0.0150179
1.17408     2.24129   0.0154227
1.17869     2.06688   0.0183253
1.18331     1.92018   0.0162562
1.18792     1.75495   0.0115892
1.19253     1.60026   0.0123617
1.19715     1.46289   0.0106237
1.20176     1.33706   0.0114858
1.20637     1.21835  0.00821182
1.21099     1.08999  0.00919088
1.2156    0.989055   0.0124881
1.22021     0.88493   0.0086865
1.22483    0.790046  0.00385768
1.22944      0.7009  0.00848543
1.23405    0.627594  0.00277658
1.23867    0.547939  0.00761701
1.24328    0.486129  0.00412468
1.24789    0.425888  0.00485696
1.25251    0.377553  0.00482515
1.25712    0.337815  0.00654512
1.26173    0.295839  0.00599188
1.26635    0.257614  0.00355269
1.27096    0.216089   0.0037767
1.27557     0.19072  0.00364025
1.28019    0.163124  0.00372547
1.2848    0.147423  0.00472778
1.28941    0.123524  0.00361134
1.29403    0.110019  0.00256801
1.29864   0.0946372  0.00385951
1.30325   0.0840176  0.00355442
1.30787   0.0770425  0.00303337
1.31248   0.0658139  0.00366244
1.31709   0.0566153  0.00271512
1.32171   0.0505355  0.00250422
1.32632   0.0475763  0.00253671
1.33093   0.0434764  0.00237604
1.33555   0.0435348  0.00197412
1.34016   0.0423625  0.00226877
1.34477   0.0395672  0.00151987
1.34939   0.0387868  0.00206727
1.354   0.0404554  0.00204606
1.35861   0.0437997  0.00241088
1.36323   0.0455977  0.00240619
1.36784   0.0503194  0.00241981
1.37245   0.0556243  0.00220304
1.37707   0.0630623  0.00199665
1.38168   0.0700956   0.0029567
1.38629   0.0787567   0.0027918
1.39091   0.0948669   0.0039737
1.39552    0.103784  0.00240975
1.40013    0.116019  0.00315469
1.40475    0.126972  0.00233209
1.40936    0.143394  0.00119627
1.41397    0.160383  0.00167352
1.41859    0.175879  0.00309865
1.4232    0.194497  0.00325313
1.42781    0.214382  0.00356014
1.43243    0.237431  0.00400059
1.43704    0.266987  0.00485633
1.44165    0.291717  0.00387494
1.44627    0.319125  0.00367346
1.45088    0.340661  0.00487868
1.45549     0.38651  0.00496521
1.4601    0.406002  0.00535194
1.46472    0.441512   0.0066698
1.46933    0.474738  0.00587055
1.47394    0.504279  0.00565961
1.47856    0.527306  0.00572588
1.48317    0.560968   0.0047789
1.48778    0.604593   0.0068981
1.4924     0.63729  0.00717376
1.49701    0.673176  0.00586409
1.50162    0.706394  0.00566221
1.50624    0.751327  0.00565909
1.51085    0.777813   0.0061519
1.51546    0.806946  0.00663436
1.52008     0.82317  0.00857128
1.52469    0.864091  0.00762098
1.5293    0.876865   0.0063712
1.53392    0.896727  0.00713832
1.53853    0.915379  0.00528758
1.54314    0.938084  0.00791784
1.54776    0.943168  0.00990649
1.55237    0.952369  0.00674921
1.55698     0.93715  0.00925298
1.5616    0.935599  0.00789103
1.56621    0.928177  0.00911601
1.57082    0.930878  0.00866259
1.57544     0.91811  0.00918593
1.58005    0.894424  0.00724631
1.58466    0.888692    0.008437
1.58928    0.867398  0.00997706
1.59389    0.837945  0.00502817
1.5985    0.819637  0.00937137
1.60312    0.792282  0.00573214
1.60773    0.759385  0.00398392
1.61234    0.731118  0.00610473
1.61696    0.705605  0.00364595
1.62157     0.66599  0.00373637
1.62618    0.626506  0.00607052
1.6308    0.588876  0.00490774
1.63541    0.551118  0.00346367
1.64002    0.515178  0.00585833
1.64464    0.485086  0.00374994
1.64925    0.444176  0.00571904
1.65386    0.422379  0.00450275
1.65848    0.384791  0.00404629
1.66309    0.357334  0.00256991
1.6677    0.324851  0.00315708
1.67232    0.305201  0.00417862
1.67693    0.278719  0.00297315
1.68154    0.257884   0.0021252
1.68616    0.239295  0.00181165
1.69077    0.226268  0.00473138
1.69538    0.204327  0.00299221
1.7    0.196446  0.00352599
1.70461    0.189128  0.00340136
1.70922    0.184928  0.00351643
1.71384    0.182767  0.00345092
1.71845    0.178994  0.00384739
1.72306    0.186175  0.00257072
1.72768    0.194327  0.00304028
1.73229    0.208642  0.00271684
1.7369    0.226864   0.0035859
1.74152    0.245924  0.00391323
1.74613    0.267599  0.00529149
1.75074    0.300033  0.00401209
1.75536    0.338192  0.00420504
1.75997    0.381986  0.00531256
1.76458    0.424944   0.0051861
1.7692    0.473591  0.00622068
1.77381    0.541737  0.00644911
1.77842    0.595397  0.00575726
1.78303    0.666673  0.00587036
1.78765     0.73737  0.00720452
1.79226    0.828395  0.00618064
1.79687    0.899086  0.00704351
1.80149     0.98352  0.00485336
1.8061     1.07075  0.00312201
1.81071     1.16923  0.00760207
1.81533     1.26772  0.00612128
1.81994     1.38185  0.00577064
1.82455     1.48194   0.0063217
1.82917     1.57603  0.00945999
1.83378     1.68612   0.0091275
1.83839     1.78417   0.0100312
1.84301     1.89434   0.0106389
1.84762     2.00882  0.00697866
1.85223     2.08811  0.00562193
1.85685     2.17735  0.00826945
1.86146     2.25469  0.00908779
1.86607     2.34147   0.0112236
1.87069     2.40612  0.00845251
1.8753     2.47495   0.0104798
1.87991     2.53465  0.00710338
1.88453     2.56532  0.00599352
1.88914      2.6077   0.0100796
1.89375     2.64333  0.00904949
1.89837     2.64804   0.0119618
1.90298       2.653   0.0102506
1.90759     2.64216   0.0079017
1.91221     2.61234   0.0128653
1.91682     2.57714   0.0137571
1.92143     2.54502   0.0126558
1.92605     2.47799   0.0108834
1.93066     2.43697    0.010539
1.93527     2.36401   0.0101051
1.93989     2.29938  0.00987522
1.9445     2.21068   0.0107249
1.94911     2.12753  0.00923456
1.95373     2.03119  0.00993282
1.95834     1.94284  0.00826524
1.96295     1.83912  0.00718247
1.96757     1.75594  0.00817496
1.97218      1.6444   0.0061766
1.97679     1.56388  0.00773378
1.98141     1.46401  0.00757616
1.98602     1.36511  0.00846424
1.99063     1.26654  0.00682775
1.99525     1.16494  0.00483095
1.99986     1.08454  0.00401838
2.00447     1.00436  0.00438814
2.00909    0.917232  0.00328335
2.0137    0.846618  0.00425379
2.01831    0.784268   0.0069453
2.02293    0.729956   0.0051434
2.02754    0.662849  0.00591754
2.03215    0.613769  0.00511946
2.03677    0.564973  0.00645091
2.04138     0.53052  0.00521993
2.04599    0.499091  0.00551714
2.05061    0.471448  0.00426995
2.05522    0.449643  0.00587311
2.05983    0.438761  0.00561363
2.06445     0.42744  0.00496253
2.06906    0.428847  0.00719646
2.07367    0.423686  0.00582099
2.07829    0.436813  0.00609145
2.0829     0.44049  0.00352918
2.08751    0.452819  0.00649017
2.09213    0.472533  0.00553349
2.09674    0.496508  0.00531925
2.10135     0.52378   0.0056792
2.10596    0.552445  0.00414847
2.11058    0.578274  0.00284168
2.11519    0.611427  0.00328784
2.1198    0.642865  0.00611447
2.12442    0.676907  0.00411623
2.12903    0.710661   0.0022799
2.13364    0.738376  0.00340562
2.13826    0.765833  0.00471401
2.14287    0.796246  0.00464842
2.14748    0.840925  0.00400013
2.1521    0.880249  0.00475307
2.15671    0.895454  0.00529992
2.16132    0.919361  0.00369922
2.16594    0.936087  0.00603501
2.17055    0.955609  0.00652206
2.17516    0.970906  0.00626818
2.17978     0.98219  0.00590908
2.18439    0.988623  0.00719581
2.189    0.992569  0.00684813
2.19362    0.992092   0.0076531
2.19823    0.991815  0.00465525
2.20284    0.984757  0.00473557
2.20746    0.974244  0.00721619
2.21207    0.955372  0.00325413
2.21668    0.936128  0.00479085
2.2213    0.919837  0.00499139
2.22591    0.906651  0.00449493
2.23052    0.889771  0.00265877
2.23514    0.860468  0.00605544
2.23975    0.837476  0.00579212
2.24436    0.805292  0.00488674
2.24898    0.783527  0.00649718
2.25359    0.746301  0.00542551
2.2582    0.722093  0.00391848
2.26282    0.701808  0.00409749
2.26743    0.672645  0.00251395
2.27204    0.648202  0.00342415
2.27666    0.629386  0.00441755
2.28127    0.616955  0.00577025
2.28588    0.592148  0.00402608
2.2905      0.5774  0.00395283
2.29511    0.562423  0.00451255
2.29972    0.560586  0.00347517
2.30434    0.553608  0.00540568
2.30895    0.555919  0.00330395
2.31356    0.556916  0.00535442
2.31818    0.562591  0.00411117
2.32279    0.570854  0.00602778
2.3274    0.593587  0.00449674
