0.0446448   0.396963   -0.143663
0.172238   0.309394   -0.0613768
-0.0909992   0.471501   -0.00564831
0.344886   0.439488   0.179432
0.469302   -0.374949   0.0401598
-0.108841   0.17113   -0.179814
-0.224191   -0.398023   -0.459278
0.0819357   -0.222694   -0.338321
0.22498   -0.435165   0.489798
-0.350057   -0.345788   -0.0860265
0.486829   0.37596   -0.463565
0.300255   0.172971   -0.200343
-0.467147   0.0881336   0.28754
0.170206   0.184421   -0.219567
-0.0403865   -0.0999452   0.24396
-0.474857   0.0510438   0.474095
0.286766   -0.100106   -0.210653
0.00514281   -0.085728   0.167308
0.0642099   -0.499827   -0.271573
0.3465   -0.404173   -0.301049
-0.378757   -0.46014   0.0782089
-0.0196005   0.421564   0.452888
0.161172   -0.118966   -0.458537
0.0860048   0.382027   0.439173
0.245232   -0.372144   0.413265
-0.0620433   -0.13483   0.460867
0.0833631   0.415001   -0.350668
-0.323517   0.0473208   0.288053
-0.475836   0.457104   -0.440128
-0.260811   -0.0655378   0.460389
-0.0578915   -0.451685   0.0454863
-0.378978   0.10779   0.28513
-0.288271   0.0943862   -0.342901
0.215262   0.355786   0.159075
0.0150355   0.396003   0.0520589
-0.0230067   -0.276957   -0.237866
0.0031892   -0.0548631   0.477057
-0.302565   0.142789   0.484685
0.381547   0.150357   -0.495505
0.0802699   0.297445   0.0544104
-0.432196   0.0575874   -0.190718
-0.388473   -0.305065   -0.168031
-0.197734   -0.00335609   -0.0269083
-0.237064   -0.142981   0.131578
-0.155321   -0.315341   0.346381
0.466923   -0.124481   0.207622
-0.162194   -0.462876   -0.382043
-0.219159   0.0966401   -0.20129
-0.13419   -0.261196   0.100085
-0.0164707   -0.42353   -0.147186
0.0344193   -0.226444   0.461719
-0.0768941   -0.00679197   -0.130932
-0.198796   -0.0303874   -0.119106
0.410726   -0.475061   -0.314975
0.369007   0.255996   -0.175309
0.176899   0.269308   -0.360972
0.431397   -0.327356   -0.424127
0.413414   0.309649   -0.438082
-0.106191   -0.100817   -0.0382871
0.340753   0.35657   0.115669
-0.285378   -0.152944   0.0287001
0.0460185   -0.212672   0.384652
-0.246612   0.0902919   -0.11913
0.27942   0.414266   0.109458
-0.219473   0.175281   0.108105
0.138175   -0.490621   0.23654
-0.115644   0.457921   0.306176
-0.155541   -0.142589   0.318507
0.390588   0.353709   -0.305257
0.143048   0.0485233   -0.116102
0.100051   0.350802   -0.0334528
0.0540002   -0.205541   -0.00766842
0.444874   -0.261539   0.205963
-0.40133   -0.267492   0.405966
-0.291234   -0.0140484   0.0986474
-0.108033   -0.328872   -0.451849
0.258865   0.376436   0.490732
-0.00853923   0.452014   0.256802
0.0759304   0.268519   -0.263879
0.461859   0.332241   0.31338
0.00661273   -0.262049   0.0526331
0.464135   -0.436522   -0.0290066
0.217261   0.432865   0.206177
-0.197125   -0.231454   0.166719
0.159178   0.406955   -0.0216641
-0.404441   -0.486209   0.46236
-0.0843654   0.103993   -0.421898
0.369175   -0.0637174   -0.279482
0.198041   -0.321355   0.0407471
-0.307121   -0.251457   -0.194462
0.415265   0.117188   0.14917
0.194557   0.379267   -0.346454
0.284613   0.460829   0.440988
0.262355   -0.374185   -0.469267
-0.0152592   -0.394437   0.173787
-0.256209   0.0745448   -0.423838
0.259293   0.0720165   0.333519
-0.140062   -0.421601   0.39223
0.310924   -0.203323   0.410272
0.23562   0.228326   0.438039
0.194257   -0.388432   0.26698
-0.104404   0.185789   0.0179816
0.122758   -0.209246   -0.190564
-0.465547   0.420742   -0.0204885
0.0614935   -0.0502865   0.330294
0.319953   0.0204493   0.327654
0.465931   -0.127866   0.41263
0.484552   0.492691   -0.0650062
