0.0446242   0.396939   -0.143695
0.17227   0.309408   -0.0613536
-0.091053   0.471514   -0.00562698
0.34485   0.439528   0.179447
0.469328   -0.374903   0.0401657
-0.108835   0.171142   -0.179827
-0.224215   -0.398054   -0.459292
0.082014   -0.222677   -0.338306
0.225007   -0.435147   0.489768
-0.350053   -0.345898   -0.0860811
0.486837   0.375976   -0.463669
0.300206   0.172952   -0.200393
-0.467208   0.0881227   0.287569
0.170197   0.184407   -0.219643
-0.0403317   -0.0999893   0.243933
-0.474847   0.0510148   0.474108
0.286707   -0.100167   -0.210612
0.00516291   -0.0857553   0.167348
0.0641585   -0.499847   -0.271573
0.346415   -0.404195   -0.301025
-0.378831   -0.460148   0.0782109
-0.0195616   0.421569   0.452864
0.161081   -0.11893   -0.458504
0.085951   0.38207   0.439196
0.245215   -0.372125   0.41323
-0.0620875   -0.134836   0.460844
0.0833613   0.414972   -0.350709
-0.323582   0.047347   0.28803
-0.475824   0.457181   -0.440106
-0.260752   -0.0655286   0.460319
-0.0578688   -0.451659   0.0455177
-0.378996   0.107806   0.285128
-0.288316   0.0944477   -0.342888
0.215273   0.355731   0.159067
0.0149661   0.395969   0.0521123
-0.0230475   -0.27683   -0.237913
0.00319435   -0.0549292   0.477064
-0.302602   0.142806   0.484753
0.381412   0.150373   -0.495494
0.0803166   0.297418   0.054405
-0.432232   0.0575951   -0.19074
-0.388461   -0.305103   -0.168074
-0.197793   -0.0033151   -0.0269152
-0.23711   -0.142985   0.13154
-0.155288   -0.315349   0.346425
0.466892   -0.124514   0.207615
-0.162269   -0.462872   -0.382061
-0.21918   0.0966935   -0.201246
-0.134168   -0.261193   0.100113
-0.0164533   -0.423544   -0.147237
0.0344511   -0.226526   0.461797
-0.0768453   -0.00676218   -0.130911
-0.198723   -0.030394   -0.119083
0.410711   -0.475032   -0.314897
0.369048   0.255991   -0.175308
0.176915   0.269288   -0.360915
0.431418   -0.327253   -0.424126
0.413332   0.309663   -0.438063
-0.106089   -0.100817   -0.038261
0.340767   0.356583   0.115697
-0.285305   -0.152903   0.0286775
0.0460425   -0.212629   0.384665
-0.246576   0.0903488   -0.119155
0.279417   0.414152   0.109466
-0.219436   0.175303   0.108084
0.138169   -0.490618   0.236684
-0.11566   0.457912   0.306199
-0.155543   -0.142577   0.318533
0.390614   0.353714   -0.305293
0.143047   0.0485102   -0.116125
0.100144   0.350788   -0.0335106
0.0540461   -0.205611   -0.00759199
0.444835   -0.261449   0.205905
-0.401339   -0.267478   0.405965
-0.291186   -0.0140246   0.0986565
-0.10799   -0.328856   -0.451822
0.258887   0.376466   0.49075
-0.00855794   0.452   0.256832
0.0759167   0.26844   -0.263876
0.461858   0.332244   0.313405
0.00660908   -0.26207   0.0526797
0.464192   -0.436476   -0.0289619
0.217197   0.432856   0.20613
-0.197102   -0.231489   0.166784
0.159218   0.406919   -0.0216863
-0.404529   -0.48622   0.462362
-0.0843016   0.104028   -0.421971
0.369283   -0.0637179   -0.279495
0.198102   -0.321347   0.0408062
-0.307124   -0.251509   -0.194532
0.415278   0.117248   0.149144
0.194561   0.379294   -0.346518
0.284632   0.460828   0.44099
0.262339   -0.37421   -0.469228
-0.015256   -0.394466   0.173803
-0.256262   0.0744844   -0.423842
0.259218   0.0720031   0.333495
-0.140014   -0.421591   0.39226
0.310955   -0.203363   0.410273
0.235644   0.228379   0.438055
0.194335   -0.388413   0.26705
-0.104392   0.185775   0.0179783
0.122731   -0.209281   -0.190589
-0.465535   0.420725   -0.0205673
0.0614657   -0.0502911   0.330266
0.319926   0.0204955   0.327606
0.46595   -0.127864   0.412567
0.484582   0.492643   -0.0650329
