0
5.15235e-05
0.000172082
0.000137252
0.000224235
0.00019256
0.000165141
0.000165661
0.000150889
0.000137487
0.000125445
0.000116323
0.000107497
0.000102162
0.000119588
0.00012685
0.000120039
0.000132872
0.000126128
0.00013241
0.000127389
0.00012387
0.000118487
0.000114125
0.000115897
0.000140245
0.000136984
0.000132805
0.000129847
0.000129267
0.000125097
0.000121228
0.000117564
0.000114251
0.000111394
0.000111295
0.0001083
0.000105451
0.000104402
0.000102289
0.000101485
0.000100007
9.93593e-05
9.8663e-05
9.76615e-05
9.57323e-05
9.82346e-05
9.79316e-05
9.60883e-05
9.49121e-05
9.45375e-05
9.27433e-05
9.11222e-05
9.02066e-05
8.96796e-05
8.80842e-05
8.6559e-05
8.52504e-05
8.45411e-05
8.50593e-05
8.36985e-05
8.24731e-05
8.13995e-05
8.08172e-05
8.2298e-05
8.10906e-05
8.01651e-05
7.93159e-05
7.89054e-05
7.78382e-05
7.6999e-05
7.66253e-05
7.57834e-05
7.49257e-05
7.46065e-05
7.43929e-05
7.35244e-05
7.26502e-05
7.1736e-05
7.09575e-05
7.05818e-05
6.97626e-05
6.94597e-05
6.91215e-05
7.03901e-05
7.01468e-05
7.00402e-05
6.93071e-05
6.86146e-05
6.80052e-05
6.74116e-05
6.78579e-05
6.71642e-05
6.6451e-05
6.60354e-05
6.53849e-05
6.63783e-05
6.59062e-05
6.67069e-05
6.62311e-05
