0.00121425
0.0022394
0.000143239
0.000521687
0.00158312
0.00189182
0.00207757
0.00189573
0.00136663
0.00143761
0.00120434
0.00100181
0.00119756
0.00117818
0.000969557
0.000628634
0.00074851
0.000626576
0.000728416
0.000840856
0.000899324
0.00085626
0.000541668
0.000632187
0.000810814
0.000757785
0.00102984
0.00121068
0.0012159
0.00114927
0.00115563
0.00104425
0.000895219
0.000811098
0.000697701
0.000752947
0.000843589
0.000837548
0.000927067
0.000890247
0.000921302
0.000948755
0.000905455
0.000779402
0.000906427
0.000869839
0.000766905
0.000610291
0.000580154
0.000599533
0.000519316
0.000529541
0.000523971
0.00042748
0.000455775
0.000468364
0.000461443
0.00045429
0.000477798
0.000453841
0.000389707
0.000353427
0.000302973
0.000273399
0.000215875
0.000220816
0.000193375
0.000247045
0.00021809
0.000281377
0.000292327
0.000305733
0.000320422
0.000334989
0.000334408
0.000323595
0.00030772
0.000290556
0.000245765
0.000256449
0.000267861
0.000230042
0.000198254
0.000160666
0.000108836
7.06235e-05
0.000102384
0.000100932
0.000100153
5.88804e-05
0.000129317
0.000126361
9.79176e-05
0.000106628
0.000127046
0.00018357
0.000143861
0.000144251
0.000119269
0.00011437
