-0.000278799
-0.000351664
-0.000145149
-9.12204e-05
0.000127369
7.64365e-05
8.22881e-05
-4.32309e-06
-3.92413e-05
-1.66077e-05
-5.39118e-06
1.29386e-05
7.61011e-06
-1.49675e-05
5.97422e-05
-1.54441e-06
1.13311e-05
8.26375e-05
7.44989e-05
0.000132311
0.000113817
8.9652e-05
8.88334e-05
7.71467e-05
3.85679e-05
0.000125401
0.000102032
0.000116027
0.000136848
0.000105419
0.000105445
0.000108643
0.00011016
0.000115996
0.000125647
9.96362e-05
9.79463e-05
9.7483e-05
0.000116241
0.000126438
0.000107761
9.39211e-05
0.000112318
0.000130006
0.000114629
0.000108473
7.86374e-05
6.00459e-05
5.45271e-05
4.2534e-05
2.56692e-05
2.77894e-05
2.28999e-05
1.10144e-05
2.52302e-05
2.62682e-05
2.43814e-05
1.87386e-05
7.51475e-06
2.56707e-05
2.80645e-05
3.26326e-05
3.88699e-05
4.94872e-05
2.83247e-05
2.57727e-05
3.25749e-05
3.98531e-05
2.90001e-05
3.20777e-05
2.57451e-05
1.5371e-05
9.72375e-06
1.4749e-05
2.48652e-05
1.41323e-05
1.79459e-05
1.47736e-05
1.38845e-05
1.80037e-05
2.64451e-05
2.40217e-05
3.26992e-05
2.4445e-05
7.3516e-06
-1.66563e-06
8.267e-06
5.30043e-06
1.84278e-06
6.42774e-06
1.10027e-05
-1.66107e-06
5.4748e-07
1.241e-07
6.27242e-06
8.49361e-06
-6.36804e-06
-1.15922e-05
-2.5573e-05
-3.06283e-05
