           1    0.423113    0.423113           0
           2    0.418323    0.420718  0.00239486
           3     0.41922    0.420219  0.00147005
           4    0.417691    0.419587   0.0012165
           5    0.421364    0.419943  0.00100712
           6    0.415863    0.419263  0.00106704
           7    0.417069    0.418949 0.000954725
           8    0.420642    0.419161  0.00085345
           9      0.4184    0.419076   0.0007574
          10    0.421842    0.419353 0.000731735
          11    0.421056    0.419508 0.000679746
          12     0.42462    0.419934 0.000752691
          13    0.421083    0.420022 0.000697993
          14    0.415695    0.419713 0.000716322
          15    0.420464    0.419763 0.000668739
          16    0.418607    0.419691 0.000629705
          17    0.417738    0.419576 0.000602552
          18    0.417375    0.419454 0.000581099
          19    0.421847     0.41958 0.000563912
          20     0.42494    0.419848 0.000598364
           1    0.420119    0.420119           0
           2    0.416441     0.41828    0.001839
           3      0.4173    0.417953  0.00111083
           4    0.419867    0.418432 0.000919785
           5    0.418598    0.418465 0.000713242
           6    0.421413    0.418956 0.000761964
           7    0.421411    0.419307 0.000733297
           8    0.418636    0.419223 0.000640565
           9    0.415892    0.418853 0.000675369
          10    0.418737    0.418841 0.000604179
          11    0.420621    0.419003 0.000569935
          12    0.419494    0.419044 0.000521885
          13    0.424408    0.419457 0.000633002
          14    0.422117    0.419647 0.000616083
          15    0.423116    0.419878 0.000618421
          16    0.423875    0.420128 0.000630107
          17    0.418578    0.420037 0.000598866
          18    0.418764    0.419966 0.000569023
          19    0.419639    0.419949 0.000538516
          20    0.420506    0.419977 0.000511642
           1    0.418151    0.418151           0
           2    0.419501    0.418826 0.000675212
           3     0.41887    0.418841 0.000390114
           4    0.417237     0.41844 0.000486681
           5    0.424322    0.419616  0.00123546
           6    0.420257    0.419723  0.00101439
           7    0.421447    0.419969 0.000891983
           8    0.416534     0.41954 0.000883827
           9     0.41809    0.419379 0.000795932
          10    0.413979    0.418839 0.000893507
          11    0.416002    0.418581 0.000848347
          12    0.418517    0.418576  0.00077445
          13    0.417405    0.418486 0.000718055
          14    0.426055    0.419026 0.000856909
          15    0.425669    0.419469 0.000912413
          16    0.415373    0.419213 0.000891045
          17    0.418684    0.419182  0.00083757
          18    0.413208     0.41885 0.000856577
          19    0.426757    0.419266 0.000910859
          20    0.421925    0.419399 0.000874285
           1     0.42004     0.42004           0
           2    0.419845    0.419942 9.75593e-05
           3     0.42546    0.421782  0.00183997
           4    0.419438    0.421196  0.00142689
           5    0.418912    0.420739  0.00119589
           6    0.417101    0.420133  0.00114941
           7    0.424295    0.420727    0.001139
           8    0.420152    0.420655 0.000989016
           9    0.420442    0.420632 0.000872552
          10    0.419279    0.420496 0.000792071
          11    0.422079     0.42064 0.000730759
          12     0.41634    0.420282 0.000757264
          13    0.423216    0.420508 0.000732223
          14    0.412967    0.419969  0.00086584
          15    0.420739     0.42002 0.000807686
          16    0.413418    0.419608 0.000860868
          17    0.416755     0.41944 0.000825868
          18    0.419227    0.419428 0.000778725
          19    0.416967    0.419298 0.000747906
          20    0.420444    0.419356 0.000711834
           1    0.420324    0.420324           0
           2    0.419136     0.41973 0.000594213
           3    0.416263    0.418574  0.00120565
           4    0.421624    0.419337   0.0011438
           5    0.419002     0.41927 0.000888506
           6    0.420203    0.419425  0.00074195
           7    0.419153    0.419387 0.000628271
           8    0.417947    0.419207 0.000573098
           9    0.416793    0.418938 0.000572167
          10     0.41456      0.4185 0.000673503
          11    0.419256    0.418569  0.00061307
          12    0.419811    0.418673 0.000569137
          13    0.418322    0.418646 0.000524225
          14    0.420357    0.418768 0.000500498
          15    0.417226    0.418665 0.000477142
          16    0.419569    0.418722 0.000449886
          17    0.420382    0.418819  0.00043373
          18    0.417495    0.418746 0.000415494
          19    0.418267    0.418721 0.000393824
          20    0.420555    0.418812 0.000384705
