1 -0.44
2 -0.52
3 -0.6
4 -0.68
5 -0.76
6 -0.76
7 -0.76
8 -0.92
9 -0.92
10 -0.92
11 -0.92
12 -0.92
13 -0.92
14 -0.84
15 -0.92
16 -0.92
17 -0.92
18 -0.92
19 -0.92
20 -0.92
21 -0.92
22 -0.92
23 -0.92
24 -0.92
25 -0.92
26 -0.92
27 -0.92
28 -0.92
29 -0.92
30 -0.92
31 -0.92
32 -0.92
33 -0.92
34 -0.92
35 -0.92
36 -0.92
37 -0.92
38 -0.92
39 -0.92
40 -0.92
41 -0.92
42 -0.92
43 -0.92
44 -0.92
45 -0.92
46 -0.92
47 -0.92
48 -0.92
49 -0.92
50 -0.92
51 -0.92
52 -0.92
53 -0.92
54 -0.92
55 -0.92
56 -0.92
57 -0.92
58 -0.92
59 -0.92
60 -0.92
61 -0.92
62 -0.92
63 -0.92
64 -0.92
65 -0.92
66 -0.92
67 -0.92
68 -0.92
69 -0.92
70 -0.92
71 -0.92
72 -0.92
73 -0.92
74 -0.92
75 -0.84
76 -0.84
77 -0.84
78 -0.84
79 -0.84
80 -0.84
81 -0.84
82 -0.84
83 -0.84
84 -0.84
85 -0.84
86 -0.84
87 -0.84
88 -0.84
89 -0.84
90 -0.84
91 -0.84
92 -0.84
93 -0.84
94 -0.84
95 -0.84
96 -0.84
97 -0.84
98 -0.84
99 -0.84
100 -0.84
101 -0.84
102 -0.84
103 -0.84
104 -0.84
105 -0.84
106 -0.84
107 -0.84
108 -0.84
109 -0.84
110 -0.84
111 -0.84
112 -0.84
113 -0.84
114 -0.84
115 -0.84
116 -0.84
117 -0.92
118 -0.92
119 -0.92
120 -0.92
121 -0.92
122 -0.92
123 -0.92
124 -0.92
125 -0.92
126 -0.92
127 -0.92
128 -0.92
129 -0.92
130 -0.92
131 -0.92
132 -0.92
133 -0.92
134 -0.92
135 -0.92
136 -0.92
137 -0.92
138 -0.92
139 -0.92
140 -0.92
141 -0.92
142 -0.92
143 -0.92
144 -0.92
145 -0.92
146 -0.92
147 -0.92
148 -0.92
149 -0.92
150 -0.92
151 -0.92
152 -0.92
153 -0.92
154 -0.92
155 -0.92
156 -0.92
157 -0.92
158 -0.92
159 -0.92
160 -0.92
161 -0.92
162 -0.92
163 -0.92
164 -0.92
165 -0.92
166 -0.92
167 -0.92
168 -0.92
169 -0.92
170 -0.92
171 -0.92
172 -0.92
173 -0.92
174 -0.84
175 -0.92
176 -0.92
177 -0.92
178 -0.92
179 -0.92
180 -0.92
181 -0.92
182 -0.92
183 -0.92
184 -0.92
185 -0.92
186 -0.92
187 -0.92
188 -0.92
189 -0.92
190 -0.92
191 -0.92
192 -0.92
193 -0.92
194 -0.92
195 -0.92
196 -0.92
197 -0.92
198 -0.92
199 -1
200 -1
201 -1
202 -1
203 -1
204 -1
205 -1
206 -1
207 -1
208 -1
209 -1
210 -1
211 -1
212 -1
213 -1
214 -1
215 -1
216 -1
217 -1
218 -1
219 -1
220 -0.92
221 -0.92
222 -0.92
223 -0.92
224 -0.92
225 -0.92
226 -1
227 -1
228 -1
229 -1
230 -1
231 -1
232 -1
233 -1
234 -1
235 -1
236 -1
237 -1
238 -1
239 -1
240 -1
241 -1
242 -1
243 -1
244 -1
245 -1
246 -1
247 -1
248 -1
249 -1
250 -1
251 -1
252 -1
253 -1
254 -1
255 -1
256 -1
257 -1
258 -1
259 -1
260 -1
261 -1
262 -1
263 -1
264 -1
265 -1
266 -1
267 -1
268 -1
269 -1
270 -1
271 -1
272 -1
273 -1
274 -1
275 -1
276 -1
277 -1
278 -1
279 -1
280 -1
281 -1
282 -1
283 -1
284 -1
285 -1
286 -1
287 -1
288 -1
289 -1
290 -1
291 -1
292 -1
293 -1
294 -1
295 -1
296 -1
297 -1
298 -1
299 -1
300 -1
301 -1
302 -1
303 -1
304 -1
305 -1
306 -1
307 -1
308 -1
309 -1
310 -1
311 -1
312 -1
313 -1
314 -1
315 -1
316 -1
317 -1
318 -1
319 -1
320 -1
321 -1
322 -1
323 -1
324 -1
325 -1
326 -1
327 -1
328 -1
329 -1
330 -1
331 -1
332 -1
333 -1
334 -1
335 -1
336 -1
337 -1
338 -1
339 -1
340 -1
341 -1
342 -1
343 -1
344 -1
345 -1
346 -1
347 -1
348 -1
349 -1
350 -1
351 -1
352 -1
353 -1
354 -1
355 -1
356 -1
357 -1
358 -1
359 -1
360 -1
361 -1
362 -1
363 -1
364 -1
365 -1
366 -1
367 -1
368 -1
369 -1
370 -1
371 -1
372 -1
373 -1
374 -1
375 -0.92
376 -0.92
377 -1
378 -1
379 -1
380 -1
381 -1
382 -1
383 -1
384 -1
385 -1
386 -1
387 -1
388 -1
389 -1
390 -1
391 -1
392 -1
393 -1
394 -1
395 -1
396 -1
397 -1
398 -1
399 -1
400 -1
401 -1
402 -1
403 -1
404 -1
405 -1
406 -1
407 -1
408 -1
409 -1
410 -1
411 -1
412 -1
413 -1
414 -1
415 -1
416 -1
417 -1
418 -1
419 -1
420 -1
421 -1
422 -1
423 -1
424 -1
425 -1
426 -1
427 -1
428 -1
429 -1
430 -1
431 -1
432 -1
433 -1
434 -1
435 -1
436 -1
437 -1
438 -1
439 -1
440 -1
441 -1
442 -1
443 -1
444 -1
445 -1
446 -1
447 -1
448 -1
449 -1
450 -1
451 -1
452 -1
453 -1
454 -1
455 -1
456 -1
457 -1
458 -1
459 -1
460 -1
461 -1
462 -1
463 -1
464 -1
465 -1
466 -1
467 -1
468 -1
469 -1
470 -1
471 -1
472 -1
473 -0.92
474 -0.92
475 -0.92
476 -0.92
477 -0.92
478 -0.84
479 -0.84
480 -0.84
481 -0.92
482 -0.92
483 -0.92
484 -0.92
485 -0.92
486 -0.92
487 -0.92
488 -0.92
489 -0.92
490 -0.92
491 -0.92
492 -0.92
493 -0.92
494 -0.92
495 -0.92
496 -0.92
497 -0.92
498 -0.92
499 -0.92
500 -1
