1 -0.36
2 -0.36
3 -0.6
4 -0.52
5 -0.52
6 -0.44
7 -0.52
8 -0.36
9 -0.6
10 -0.2
11 -0.36
12 -0.44
13 -0.36
14 -0.52
15 -0.52
16 -0.12
17 -0.36
18 -0.12
19 -0.52
20 -0.6
21 -0.76
22 -0.6
23 -0.6
24 -0.68
25 -0.68
26 -0.52
27 -0.44
28 -0.44
29 -0.52
30 -0.44
31 -0.36
32 -0.6
33 -0.44
34 -0.6
35 -0.44
36 -0.68
37 -0.52
38 -0.52
39 -0.52
40 -0.6
41 -0.52
42 -0.52
43 -0.36
44 -0.36
45 -0.52
46 -0.68
47 -0.52
48 -0.52
49 -0.44
50 -0.44
51 -0.52
52 -0.44
53 -0.52
54 -0.52
55 -0.6
56 -0.6
57 -0.44
58 -0.44
59 -0.52
60 -0.68
61 -0.6
62 -0.6
63 -0.44
64 -0.6
65 -0.52
66 -0.44
67 -0.44
68 -0.44
69 -0.44
70 -0.28
71 -0.52
72 -0.28
73 -0.2
74 -0.44
75 -0.44
76 -0.52
77 -0.44
78 -0.6
79 -0.52
80 -0.36
81 -0.36
82 -0.28
83 -0.44
84 -0.6
85 -0.76
86 -0.6
87 -0.6
88 -0.44
89 -0.36
90 -0.44
91 -0.52
92 -0.52
93 -0.6
94 -0.6
95 -0.6
96 -0.52
97 -0.36
98 -0.52
99 -0.52
100 -0.52
101 -0.52
102 -0.6
103 -0.52
104 -0.52
105 -0.36
106 -0.6
107 -0.52
108 -0.52
109 -0.6
110 -0.44
111 -0.52
112 -0.44
113 -0.52
114 -0.44
115 -0.6
116 -0.44
117 -0.36
118 -0.52
119 -0.52
120 -0.44
121 -0.6
122 -0.68
123 -0.76
124 -0.76
125 -0.76
126 -0.6
127 -0.6
128 -0.68
129 -0.52
130 -0.52
131 -0.52
132 -0.68
133 -0.52
134 -0.36
135 -0.52
136 -0.52
137 -0.44
138 -0.28
139 -0.44
140 -0.36
141 -0.36
142 -0.36
143 -0.52
144 -0.52
145 -0.52
146 -0.44
147 -0.52
148 -0.36
149 -0.36
150 -0.52
151 -0.28
152 -0.36
153 -0.44
154 -0.36
155 -0.6
156 -0.28
157 -0.36
158 -0.28
159 -0.52
160 -0.44
161 -0.44
162 -0.6
163 -0.6
164 -0.52
165 -0.52
166 -0.36
167 -0.52
168 -0.68
169 -0.6
170 -0.52
171 -0.52
172 -0.44
173 -0.28
174 -0.44
175 -0.2
176 -0.44
177 -0.52
178 -0.28
179 -0.28
180 -0.28
181 -0.52
182 -0.52
183 -0.6
184 -0.52
185 -0.6
186 -0.6
187 -0.52
188 -0.6
189 -0.36
190 -0.36
191 -0.36
192 -0.6
193 -0.6
194 -0.44
195 -0.6
196 -0.76
197 -0.44
198 -0.44
199 -0.36
200 -0.52
201 -0.36
202 -0.44
203 -0.44
204 -0.36
205 -0.28
206 -0.28
207 -0.44
208 -0.52
209 -0.36
210 -0.36
211 -0.28
212 -0.36
213 -0.36
214 -0.28
215 -0.44
216 -0.36
217 -0.6
218 -0.6
219 -0.44
220 -0.44
221 -0.44
222 -0.12
223 -0.52
224 -0.68
225 -0.36
226 -0.44
227 -0.28
228 -0.52
229 -0.52
230 -0.36
231 -0.44
232 -0.6
233 -0.36
234 -0.52
235 -0.44
236 -0.6
237 -0.6
238 -0.44
239 -0.52
240 -0.44
241 -0.52
242 -0.6
243 -0.44
244 -0.28
245 -0.2
246 -0.28
247 -0.44
248 -0.52
249 -0.44
250 -0.68
251 -0.52
252 -0.6
253 -0.44
254 -0.6
255 -0.52
256 -0.44
257 -0.44
258 -0.52
259 -0.36
260 -0.6
261 -0.44
262 -0.52
263 -0.36
264 -0.6
265 -0.44
266 -0.6
267 -0.44
268 -0.36
269 -0.6
270 -0.52
271 -0.6
272 -0.44
273 -0.52
274 -0.52
275 -0.36
276 -0.44
277 -0.44
278 -0.44
279 -0.44
280 -0.36
281 -0.28
282 -0.6
283 -0.6
284 -0.6
285 -0.68
286 -0.68
287 -0.44
288 -0.6
289 -0.52
290 -0.28
291 -0.36
292 -0.52
293 -0.52
294 -0.36
295 -0.6
296 -0.52
297 -0.36
298 -0.28
299 -0.44
300 -0.68
301 -0.6
302 -0.44
303 -0.28
304 -0.2
305 -0.28
306 -0.44
307 -0.36
308 -0.44
309 -0.44
310 -0.44
311 -0.52
312 -0.68
313 -0.68
314 -0.52
315 -0.52
316 -0.36
317 -0.52
318 -0.6
319 -0.52
320 -0.6
321 -0.6
322 -0.68
323 -0.68
324 -0.44
325 -0.36
326 -0.28
327 -0.28
328 -0.52
329 -0.2
330 -0.36
331 -0.68
332 -0.6
333 -0.44
334 -0.2
335 -0.44
336 -0.36
337 -0.36
338 -0.28
339 -0.52
340 -0.52
341 -0.28
342 -0.52
343 -0.68
344 -0.6
345 -0.52
346 -0.44
347 -0.52
348 -0.44
349 -0.36
350 -0.6
351 -0.52
352 -0.36
353 -0.44
354 -0.44
355 -0.6
356 -0.44
357 -0.52
358 -0.36
359 -0.52
360 -0.44
361 -0.44
362 -0.52
363 -0.52
364 -0.44
365 -0.44
366 -0.68
367 -0.6
368 -0.44
369 -0.44
370 -0.68
371 -0.76
372 -0.44
373 -0.44
374 -0.36
375 -0.28
376 -0.52
377 -0.36
378 -0.28
379 -0.44
380 -0.52
381 -0.36
382 -0.36
383 -0.36
384 -0.44
385 -0.44
386 -0.44
387 -0.52
388 -0.6
389 -0.44
390 -0.52
391 -0.2
392 -0.36
393 -0.36
394 -0.36
395 -0.52
396 -0.44
397 -0.6
398 -0.52
399 -0.2
400 -0.44
401 -0.52
402 -0.6
403 -0.6
404 -0.52
405 -0.44
406 -0.52
407 -0.28
408 -0.52
409 -0.36
410 -0.6
411 -0.6
412 -0.36
413 -0.44
414 -0.52
415 -0.76
416 -0.52
417 -0.52
418 -0.36
419 -0.28
420 -0.6
421 -0.52
422 -0.68
423 -0.52
424 -0.44
425 -0.52
426 -0.52
427 -0.6
428 -0.6
429 -0.44
430 -0.68
431 -0.6
432 -0.36
433 -0.36
434 -0.52
435 -0.44
436 -0.36
437 -0.2
438 -0.36
439 -0.44
440 -0.52
441 -0.36
442 -0.36
443 -0.36
444 -0.44
445 -0.28
446 -0.28
447 -0.36
448 -0.52
449 -0.68
450 -0.36
451 -0.68
452 -0.2
453 -0.52
454 -0.28
455 -0.36
456 -0.36
457 -0.44
458 -0.44
459 -0.52
460 -0.6
461 -0.36
462 -0.52
463 -0.28
464 -0.2
465 -0.44
466 -0.52
467 -0.28
468 -0.28
469 -0.44
470 -0.6
471 -0.44
472 -0.36
473 -0.52
474 -0.44
475 -0.12
476 -0.44
477 -0.52
478 -0.28
479 -0.44
480 -0.44
481 -0.52
482 -0.44
483 -0.52
484 -0.6
485 -0.52
486 -0.36
487 -0.36
488 -0.36
489 -0.28
490 -0.52
491 -0.44
492 -0.6
493 -0.6
494 -0.6
495 -0.28
496 -0.28
497 -0.44
498 -0.52
499 -0.36
500 -0.44
