           1     7.73944     7.73944           0
           2     7.36533     7.55238    0.187056
           3     7.33562     7.48013    0.129939
           4      7.1453     7.39642    0.124293
           5     7.38687     7.39451   0.0962962
           6     7.54146       7.419   0.0823516
           7     7.32845     7.40606   0.0707919
           8     7.48595     7.41605   0.0621155
           9      7.2621     7.39894   0.0573894
          10     7.46724     7.40577    0.051783
          11     7.58821     7.42236    0.049689
          12     7.37303     7.41825   0.0455455
          13     7.55409      7.4287   0.0431793
          14      7.2415     7.41533   0.0421533
          15     7.33461     7.40995   0.0396098
          16     7.26238     7.40072   0.0381822
          17     7.38358     7.39971   0.0358802
          18     7.43888     7.40189    0.033898
          19     7.34271     7.39878   0.0322153
          20     7.26785     7.39223   0.0312553
           1     7.84258     7.84258           0
           2     7.30216     7.57237    0.270212
           3     7.37362     7.50612    0.169491
           4     7.15865     7.41925    0.148018
           5     7.34297     7.40399    0.115665
           6     7.40766      7.4046   0.0944421
           7     7.43907     7.40953   0.0799699
           8     7.35261     7.40241   0.0696205
           9     7.56273     7.42023   0.0639311
          10     7.48991     7.42719   0.0576047
          11     7.40445     7.42513   0.0521464
          12     7.50154     7.43149   0.0480269
          13     7.22866     7.41589   0.0468526
          14      7.4222     7.41634   0.0433794
          15     7.59896     7.42852   0.0421792
          16     7.45512     7.43018     0.03949
          17     7.51735     7.43531   0.0374471
          18      7.5321     7.44068   0.0357126
          19     7.27475     7.43195   0.0348914
          20      7.3755     7.42913    0.033221
           1     7.65046     7.65046           0
           2     7.15943     7.40495    0.245516
           3     7.41859      7.4095    0.141821
           4     7.30775     7.38406    0.103458
           5      7.2662     7.36049   0.0835333
           6      7.3182     7.35344   0.0685678
           7      7.4341     7.36496    0.059085
           8     7.19334     7.34351   0.0554842
           9     7.23096     7.33101   0.0505052
          10     7.59043     7.35695   0.0520927
          11     7.50522     7.37043   0.0490097
          12     7.46372      7.3782     0.04541
          13     7.30997     7.37295   0.0420996
          14     7.33678     7.37037   0.0390622
          15     7.40058     7.37238   0.0364207
          16     7.15275     7.35866   0.0367299
          17     7.40846     7.36159   0.0346259
          18     7.26701     7.35633   0.0330657
          19     7.52104       7.365   0.0324561
          20     7.21742     7.35762   0.0316624
           1     7.28777     7.28777           0
           2     7.08264      7.1852    0.102567
           3     7.39678     7.25573   0.0920898
           4     7.10137     7.21714   0.0756926
           5     7.46287     7.26629   0.0765045
           6      7.4734      7.3008   0.0713691
           7     7.36221     7.30958   0.0609525
           8     7.36134     7.31605   0.0531815
           9     7.21816     7.30517   0.0481463
          10     7.57805     7.33246   0.0509815
          11     7.56969     7.35403   0.0509084
          12     7.69257     7.38224   0.0543656
          13     7.42754     7.38572   0.0501304
          14     7.43395     7.38917   0.0465394
          15     7.59916     7.40317   0.0455314
          16     7.54919     7.41229   0.0435576
          17      7.4226      7.4129   0.0409197
          18     7.37724     7.41092   0.0386303
          19     7.27678     7.40386   0.0372164
          20     7.34705     7.40102   0.0354206
           1     7.44819     7.44819           0
           2     7.46996     7.45908   0.0108876
           3     7.63473     7.51763   0.0588878
           4     7.51606     7.51724   0.0416418
           5     7.37898     7.48958    0.042486
           6     7.28538     7.45555   0.0485972
           7     7.40615     7.44849   0.0416739
           8     7.48046     7.45249   0.0363111
           9     7.34039     7.44003   0.0343603
          10     7.32266      7.4283   0.0328978
          11     7.26734     7.41366   0.0331603
          12     7.45442     7.41706    0.030461
          13     7.31934     7.40954   0.0290109
          14     7.06496     7.38493   0.0364307
          15     7.32233     7.38076   0.0341709
          16     7.43363     7.38406   0.0321343
          17     7.47844     7.38961   0.0306913
          18     7.43141     7.39193    0.029029
          19     7.65587     7.40583   0.0307726
          20     7.56288     7.41368   0.0302312
