           1     7.48727     7.48727           0
           2     7.46212     7.47469   0.0125788
           3     7.34739     7.43226   0.0430518
           4     7.46194     7.43968   0.0313336
           5     7.41616     7.43498   0.0247225
           6     7.44706     7.43699   0.0202861
           7     7.20374     7.40367   0.0374729
           8     7.43883     7.40806   0.0327489
           9     7.36379     7.40315   0.0292977
          10     7.42183     7.40501   0.0262712
          11     7.45218      7.4093   0.0241468
          12     7.40103     7.40861   0.0220537
          13     7.50126     7.41574   0.0215018
          14     7.43187     7.41689   0.0199401
          15     7.41518     7.41678   0.0185636
          16     7.35976     7.41321   0.0177265
          17     7.50066     7.41836   0.0174276
          18     7.47006     7.42123   0.0166801
          19     7.59653     7.43046   0.0182773
          20     7.41918     7.42989   0.0173485
           1     7.56071     7.56071           0
           2     7.29516     7.42793    0.132776
           3     7.43151     7.42913   0.0766673
           4     7.21715     7.37613   0.0758118
           5     7.42681     7.38627   0.0595919
           6     7.54296     7.41238   0.0552218
           7     7.37668     7.40728   0.0469488
           8     7.42404     7.40938   0.0407128
           9     7.35934     7.40382   0.0363333
          10     7.13982     7.37742   0.0418692
          11     7.21758     7.36289   0.0405639
          12     7.24647     7.35318   0.0382793
          13     7.62735     7.37427   0.0410443
          14     7.43718     7.37877   0.0382644
          15     7.54815     7.39006   0.0373692
          16     7.62099     7.40449   0.0378181
          17     7.31825     7.39942   0.0358843
          18     7.39042     7.39892   0.0338358
          19     7.35839     7.39679   0.0320765
          20     7.45674     7.39978   0.0305777
           1     7.42662     7.42662           0
           2     7.42001     7.42332    0.003308
           3     7.34951     7.39872   0.0246751
           4     7.43399     7.40753   0.0195498
           5      7.4744     7.42091   0.0202033
           6     7.24003     7.39076    0.034365
           7     7.53181     7.41091   0.0353492
           8     7.39627     7.40908    0.030668
           9     7.42127     7.41044   0.0270805
          10     7.43171     7.41256   0.0243148
          11     7.44109     7.41516   0.0221459
          12     7.25365      7.4017   0.0242865
          13     7.33246     7.39637   0.0229665
          14     7.51624     7.40493    0.022922
          15     7.53959     7.41391   0.0231505
          16     7.44123     7.41562   0.0217225
          17     7.36318     7.41253   0.0206366
          18     7.34778     7.40894   0.0197862
          19     7.51805     7.41468   0.0195771
          20     7.43397     7.41564   0.0185975
           1      7.2199      7.2199           0
           2     7.29352     7.25671   0.0368096
           3     7.37529     7.29624   0.0448786
           4     7.31141     7.30003     0.03196
           5      7.4701     7.33404   0.0420682
           6      7.3265     7.33279   0.0343715
           7     7.19493     7.31309   0.0350954
           8     7.48389     7.33444   0.0371427
           9     7.48374     7.35103   0.0367178
          10     7.51229     7.36716   0.0365867
          11       7.496     7.37887   0.0351054
          12     7.21238       7.365   0.0349212
          13     7.47489     7.37345   0.0332164
          14     7.32214     7.36978   0.0309701
          15     7.31724     7.36628   0.0290436
          16      7.4159     7.36938   0.0273442
          17     7.23593     7.36153   0.0268582
          18     7.20283     7.35272   0.0268132
          19     7.44577     7.35761   0.0258313
          20      7.4777     7.36362   0.0252305
           1     7.45121     7.45121           0
           2     7.24638     7.34879    0.102418
           3       7.376     7.35786   0.0598222
           4     7.29869     7.34307   0.0448132
           5     7.25654     7.32576    0.038787
           6      7.5224     7.35854   0.0455738
           7      7.4811     7.37604   0.0423096
           8     7.35297     7.37316   0.0367545
           9     7.32842     7.36819   0.0327934
          10     7.37497     7.36887   0.0293391
          11      7.3299     7.36532   0.0267737
          12     7.35603     7.36455   0.0244532
          13     7.62789     7.38481   0.0302706
          14     7.47237     7.39106   0.0287146
          15     7.33322     7.38721   0.0270085
          16     7.26497     7.37957    0.026394
          17     7.41537     7.38167   0.0248822
          18     7.62236     7.39504   0.0270025
          19     7.30285     7.39019   0.0259987
          20     7.33621     7.38749   0.0248118
