1 -0.44
2 -0.28
3 -0.44
4 -0.44
5 -0.44
6 -0.6
7 -0.52
8 -0.36
9 -0.36
10 -0.36
11 -0.36
12 -0.44
13 -0.52
14 -0.36
15 -0.2
16 -0.28
17 -0.6
18 -0.44
19 -0.68
20 -0.6
21 -0.52
22 -0.44
23 -0.44
24 -0.76
25 -0.2
26 -0.28
27 -0.36
28 -0.68
29 -0.6
30 -0.52
31 -0.36
32 -0.52
33 -0.36
34 -0.44
35 -0.52
36 -0.36
37 -0.52
38 -0.28
39 -0.36
40 -0.52
41 -0.36
42 -0.6
43 -0.36
44 -0.36
45 -0.6
46 -0.52
47 -0.52
48 -0.6
49 -0.36
50 -0.36
51 -0.52
52 -0.6
53 -0.44
54 -0.44
55 -0.6
56 -0.52
57 -0.52
58 -0.36
59 -0.52
60 -0.52
61 -0.52
62 -0.44
63 -0.2
64 -0.52
65 -0.44
66 -0.28
67 -0.28
68 -0.12
69 -0.44
70 -0.36
71 -0.36
72 -0.2
73 -0.44
74 -0.52
75 -0.44
76 -0.36
77 -0.2
78 -0.52
79 -0.44
80 -0.36
81 -0.28
82 -0.52
83 -0.36
84 -0.52
85 -0.68
86 -0.44
87 -0.6
88 -0.36
89 -0.52
90 -0.28
91 -0.28
92 -0.6
93 -0.44
94 -0.36
95 -0.44
96 -0.6
97 -0.44
98 -0.44
99 -0.44
100 -0.68
101 -0.44
102 -0.36
103 -0.52
104 -0.52
105 -0.68
106 -0.36
107 -0.28
108 -0.68
109 -0.6
110 -0.68
111 -0.52
112 -0.52
113 -0.52
114 -0.04
115 -0.44
116 -0.36
117 -0.36
118 -0.36
119 -0.6
120 -0.44
121 -0.52
122 -0.44
123 -0.44
124 -0.28
125 -0.44
126 -0.6
127 -0.44
128 -0.52
129 -0.28
130 -0.52
131 -0.68
132 -0.52
133 -0.44
134 -0.6
135 -0.44
136 -0.52
137 -0.52
138 -0.6
139 -0.36
140 -0.28
141 -0.44
142 -0.44
143 -0.6
144 -0.44
145 -0.36
146 -0.28
147 -0.36
148 -0.28
149 -0.36
150 -0.12
151 -0.52
152 -0.6
153 -0.68
154 -0.6
155 -0.6
156 -0.36
157 -0.6
158 -0.6
159 -0.6
160 -0.52
161 -0.44
162 -0.36
163 -0.44
164 -0.52
165 -0.36
166 -0.2
167 -0.36
168 -0.52
169 -0.2
170 -0.44
171 -0.6
172 -0.6
173 -0.52
174 -0.36
175 -0.44
176 -0.2
177 -0.36
178 -0.44
179 -0.44
180 -0.28
181 -0.36
182 -0.28
183 -0.36
184 -0.28
185 -0.36
186 -0.52
187 -0.44
188 -0.44
189 -0.52
190 -0.36
191 -0.2
192 -0.44
193 -0.44
194 -0.36
195 -0.28
196 -0.52
197 -0.36
198 -0.44
199 -0.6
200 -0.44
201 -0.52
202 -0.52
203 -0.36
204 -0.36
205 -0.28
206 -0.6
207 -0.68
208 -0.52
209 -0.36
210 -0.52
211 -0.36
212 -0.44
213 -0.52
214 -0.2
215 -0.44
216 -0.28
217 -0.36
218 -0.28
219 -0.52
220 -0.36
221 -0.36
222 -0.28
223 -0.28
224 -0.6
225 -0.6
226 -0.6
227 -0.6
228 -0.52
229 -0.52
230 -0.68
231 -0.52
232 -0.6
233 -0.68
234 -0.44
235 -0.44
236 -0.76
237 -0.6
238 -0.44
239 -0.28
240 -0.36
241 -0.44
242 -0.36
243 -0.52
244 -0.44
245 -0.28
246 -0.36
247 -0.52
248 -0.52
249 -0.44
250 -0.6
251 -0.44
252 -0.44
253 -0.52
254 -0.6
255 -0.68
256 -0.44
257 -0.6
258 -0.6
259 -0.12
260 -0.44
261 -0.36
262 -0.44
263 -0.44
264 -0.52
265 -0.44
266 -0.6
267 -0.44
268 -0.44
269 -0.44
270 -0.6
271 -0.52
272 -0.44
273 -0.52
274 -0.44
275 -0.44
276 -0.44
277 -0.6
278 -0.44
279 -0.6
280 -0.52
281 -0.6
282 -0.36
283 -0.36
284 -0.44
285 -0.6
286 -0.44
287 -0.36
288 -0.36
289 -0.6
290 -0.6
291 -0.28
292 -0.44
293 -0.52
294 -0.52
295 -0.52
296 -0.28
297 -0.44
298 -0.52
299 -0.52
300 -0.36
301 -0.52
302 -0.44
303 -0.36
304 -0.36
305 -0.36
306 -0.44
307 -0.52
308 -0.36
309 -0.28
310 -0.44
311 -0.6
312 -0.68
313 -0.68
314 -0.68
315 -0.6
316 -0.36
317 -0.44
318 -0.52
319 -0.6
320 -0.6
321 -0.68
322 -0.52
323 -0.6
324 -0.6
325 -0.52
326 -0.6
327 -0.44
328 -0.36
329 -0.44
330 -0.52
331 -0.52
332 -0.28
333 -0.52
334 -0.52
335 -0.52
336 -0.52
337 -0.36
338 -0.28
339 -0.52
340 -0.52
341 -0.52
342 -0.36
343 -0.44
344 -0.52
345 -0.52
346 -0.52
347 -0.36
348 -0.12
349 -0.68
350 -0.76
351 -0.6
352 -0.52
353 -0.6
354 -0.36
355 -0.52
356 -0.44
357 -0.44
358 -0.2
359 -0.36
360 -0.44
361 -0.44
362 -0.36
363 -0.52
364 -0.36
365 -0.44
366 -0.6
367 -0.6
368 -0.52
369 -0.68
370 -0.6
371 -0.52
372 -0.44
373 -0.52
374 -0.68
375 -0.36
376 -0.44
377 -0.36
378 -0.44
379 -0.44
380 -0.36
381 -0.52
382 -0.36
383 -0.36
384 -0.28
385 -0.6
386 -0.44
387 -0.44
388 -0.6
389 -0.36
390 -0.36
391 -0.44
392 -0.52
393 -0.36
394 -0.44
395 -0.44
396 -0.36
397 -0.52
398 -0.6
399 -0.28
400 -0.52
401 -0.52
402 -0.44
403 -0.36
404 -0.36
405 -0.52
406 -0.68
407 -0.44
408 -0.44
409 -0.52
410 -0.52
411 -0.52
412 -0.6
413 -0.6
414 -0.36
415 -0.36
416 -0.52
417 -0.52
418 -0.44
419 -0.44
420 -0.2
421 -0.44
422 -0.36
423 -0.44
424 -0.6
425 -0.52
426 -0.36
427 -0.36
428 -0.6
429 -0.6
430 -0.36
431 -0.28
432 -0.12
433 -0.44
434 -0.28
435 -0.12
436 -0.52
437 -0.52
438 -0.36
439 -0.28
440 -0.28
441 -0.28
442 -0.36
443 -0.6
444 -0.44
445 -0.36
446 -0.2
447 -0.36
448 -0.6
449 -0.52
450 -0.44
451 -0.36
452 -0.44
453 -0.44
454 -0.52
455 -0.44
456 -0.6
457 -0.52
458 -0.28
459 -0.6
460 -0.6
461 -0.44
462 -0.44
463 -0.12
464 -0.36
465 -0.36
466 -0.36
467 -0.44
468 -0.44
469 -0.6
470 -0.44
471 -0.68
472 -0.36
473 -0.52
474 -0.44
475 -0.44
476 -0.6
477 -0.6
478 -0.44
479 -0.6
480 -0.36
481 -0.2
482 -0.44
483 -0.52
484 -0.6
485 -0.36
486 -0.12
487 -0.28
488 -0.36
489 -0.44
490 -0.28
491 -0.52
492 -0.52
493 -0.6
494 -0.6
495 -0.28
496 -0.36
497 -0.44
498 -0.36
499 -0.36
500 -0.44
