1.03279
0.982893
1.06973
1.11764
1.01171
1.01928
0.900469
0.954926
0.885126
1.06306
0.974402
0.938938
0.995891
0.976634
1.10042
0.835756
1.01967
0.988156
1.17819
0.900284
1.03734
0.7623
0.989808
1.22165
0.88177
1.04596
0.846288
0.937141
1.03199
1.00847
0.970806
1.02944
1.0515
0.93623
1.06718
1.05656
1.01305
1.06283
1.06638
1.09911
1.06329
0.935229
0.921709
1.15343
0.990761
1.11946
1.23868
1.06224
0.926727
0.952394
0.923122
1.04248
1.04144
1.2253
0.898289
1.04965
0.945409
0.982275
0.961675
1.27098
1.02077
0.943223
1.00293
1.13349
0.982743
1.0422
0.840105
0.92941
1.00139
1.02946
0.854062
0.954202
1.11495
0.971901
0.919777
0.809885
0.908461
1.13029
0.938778
1.04792
0.948935
0.961483
1.10238
1.08928
0.838101
1.06596
0.947149
1.04411
1.15795
0.861544
1.02214
0.812979
1.00117
1.02513
0.936292
0.932919
0.939678
0.978072
1.06385
0.780261
1.00099
1.09704
1.03692
1.16102
0.983349
1.04983
0.953895
0.94148
0.826336
1.19291
1.20711
0.978347
1.07923
0.865212
0.947686
0.978575
0.990284
0.897413
1.05626
0.889988
0.981234
0.965508
1.31405
1.05252
1.16505
1.03927
0.9639
1.14025
0.89877
1.06517
0.973669
1.0048
1.17886
1.01106
0.904102
0.852099
1.01672
0.923982
1.13433
0.840993
1.141
1.00272
1.07036
0.872778
1.11323
0.926036
1.1529
0.976309
1.09114
0.967774
1.062
1.09602
1.00749
0.876645
0.959485
1.05298
0.971163
0.88583
1.0461
0.920631
1.0504
1.1124
0.90654
0.955704
0.969625
1.00325
1.06326
1.09724
1.08093
1.10785
1.03784
1.12145
1.09413
1.01638
1.08511
0.881835
1.06542
1.11012
1.16548
0.999732
0.904897
1.23294
1.04693
1.00369
0.913312
1.04269
0.961701
0.931694
1.0019
1.02131
0.999968
0.852873
0.782191
1.07373
0.868082
1.01677
1.03647
0.909762
1.03943
0.929524
0.966167
1.15611
0.810505
0.991109
1.00836
1.17987
0.996842
0.933213
0.998343
0.922291
0.683552
1.05316
1.10496
0.974119
0.980626
1.04472
1.05871
1.00341
1.02202
1.07101
0.866488
0.9414
0.988583
0.990618
1.04638
1.01927
1.06229
0.983013
1.11424
1.02043
0.929168
1.00053
1.03957
0.910027
1.05175
1.12505
1.00819
0.934814
1.0354
0.932215
0.796565
0.885782
1.05268
1.03925
1.01297
0.956956
1.14817
0.922759
0.887308
0.925763
1.02091
0.85316
1.10323
1.057
0.825362
1.18579
0.937804
1.04936
1.13706
0.80201
1.01944
0.881078
1.03679
1.12702
1.09587
0.907325
1.12245
0.970317
1.0051
1.05322
0.916329
0.932476
0.974983
1.04684
0.995256
0.960852
0.987765
1.16505
0.840213
0.913255
1.07142
1.0876
0.909383
0.967972
1.06201
0.98089
0.99355
0.803205
0.91988
0.994969
1.09888
1.22886
1.16242
0.834117
1.0003
0.833637
1.0795
0.915866
0.972373
0.886759
0.894814
0.940931
0.894545
1.02412
0.875738
1.04334
1.08194
0.912211
0.986447
0.785088
0.961628
0.970595
0.809879
0.94853
1.0824
1.02675
0.988046
0.974146
1.2056
0.917314
1.06397
1.02778
1.05074
1.17351
1.00212
1.04629
0.99694
0.92239
0.912169
1.09851
0.931474
0.981057
0.909456
1.07826
1.00489
1.09879
0.947516
0.866827
1.01372
1.04219
0.812604
0.937848
1.00335
0.94271
1.08308
1.1323
1.05264
1.09841
1.15578
1.02874
0.987278
1.01543
0.953541
0.946329
0.959775
0.846028
0.980401
1.00821
1.05355
1.07673
1.04451
1.01798
0.84118
0.902875
0.822084
0.843935
0.87047
0.858587
1.1707
1.0934
0.974818
0.926484
1.16648
0.901696
1.26841
1.10128
1.00337
1.04454
1.0239
1.01033
1.13332
1.01016
1.01404
0.963729
0.948471
0.888266
0.998755
0.979996
1.08289
1.04
0.828153
1.01454
1.1486
1.01369
1.1239
0.968607
0.833806
1.04993
0.990881
1.01723
1.01635
0.986328
0.791878
0.781173
0.968592
1.06121
1.00718
0.994062
1.0223
0.897453
1.13048
0.938812
1.18085
1.11441
1.17424
1.02067
0.99974
1.08317
0.995388
0.993935
0.971381
1.01544
0.844087
0.989509
1.08336
1.24786
0.958864
0.95631
0.97686
0.886021
1.09758
1.03965
0.778798
0.880685
1.19223
0.96111
0.963059
1.07878
1.14324
1.13155
0.976915
0.915598
0.916661
0.856173
0.903049
0.907469
1.05917
1.04869
0.873904
1.12179
1.03151
0.931416
0.826928
0.929295
1.10881
1.08412
0.915349
0.881663
0.974955
1.02512
0.972684
1.02603
0.999491
1.18465
1.01766
1.09023
1.05783
0.8967
1.00954
0.903637
1.02925
0.914365
1.13563
1.03236
1.02446
0.901204
1.07466
0.830874
1.04065
0.954246
0.876354
0.896008
1.04731
0.885334
1.06685
0.984337
1.06197
0.933381
1.00336
1.04156
0.848525
1.06645
1.1352
1.00128
0.992891
1.03948
1.11845
1.15279
0.976069
0.889887
1.02246
0.944992
0.857057
0.868642
1.03945
0.820375
0.980529
0.968923
1.03009
0.898352
1.12725
0.735193
1.06182
1.14513
1.02225
0.871479
1.00469
0.866623
1.01043
0.994768
1.04308
0.957493
1.0263
1.1747
1.01047
1.01037
1.08986
1.0579
0.968262
1.13103
0.951753
1.01939
1.18163
1.03075
0.935184
1.08304
1.02605
1.04597
1.02325
1.07435
1.03043
0.955284
1.1399
0.877426
0.795678
0.902804
0.972235
1.11966
0.900465
1.18488
0.956937
0.960832
1.0282
0.945214
1.11971
1.00814
1.00982
1.04431
0.858659
1.00664
0.997663
1.06661
1.11048
1.09197
0.926889
0.993753
0.904676
0.914984
0.953905
1.0991
1.05082
1.00694
0.94419
1.04093
1.03499
0.984149
0.934958
0.942273
1.04129
1.21582
1.27677
1.07351
1.10753
0.969482
1.04309
0.855436
1.04773
0.962817
1.05023
0.796498
1.03045
0.952177
0.927474
0.938934
1.07172
0.99961
1.04584
0.994353
1.05134
0.980784
1.10645
0.95371
1.04079
0.922823
1.0117
1.10429
0.945926
1.04737
1.22549
1.10285
1.23286
1.13819
0.884006
1.01653
1.13302
1.07367
1.03432
0.910451
1.10788
0.858768
1.08063
1.06687
0.789574
0.965521
1.07544
0.957415
1.05204
0.872106
0.972394
0.852188
0.982344
0.934051
1.05111
0.966193
0.899977
1.0439
1.03002
1.12199
0.995642
1.05986
1.0803
0.96805
1.02141
0.97451
0.944655
0.825226
0.914679
0.985349
1.03664
0.964213
0.886262
1.02221
0.893735
1.02525
0.948437
1.05719
1.00627
0.842351
1.177
1.11515
1.08065
0.966351
1.32639
1.01181
0.851855
0.895526
0.987284
0.96491
1.25137
1.11679
0.934814
1.00366
1.03474
0.815544
1.03175
0.976664
1.11096
0.847199
1.10308
0.996696
1.04384
0.942781
0.777916
1.18996
1.12746
1.07421
1.00975
0.823831
1.24454
0.824799
1.02403
0.988617
1.15687
1.1288
0.915878
1.0722
0.983251
1.10713
1.00733
1.03047
1.0771
1.15201
1.06946
0.941451
0.949277
0.892566
1.18747
1.03008
0.957087
0.877625
1.05453
1.0655
1.00889
0.96156
0.928426
1.00464
0.916119
1.09477
0.912684
1.19786
1.01753
1.06927
1.3028
1.00032
1.17221
1.0889
1.02713
0.998356
1.20167
1.06293
0.879651
1.05991
0.964613
0.719813
0.951653
0.994746
1.01732
1.16594
1.01028
1.13391
0.970835
1.04116
0.922115
1.02809
1.16103
1.042
1.03551
0.938952
1.06218
0.961444
0.924528
1.00254
0.963275
1.23226
0.967088
0.937835
0.989851
1.04806
0.986051
0.97204
0.893831
1.00112
1.06989
1.02942
0.879859
1.1604
1.01704
0.99221
1.12322
0.956273
0.953604
0.898233
1.01878
1.14448
1.04896
0.989284
1.07687
1.16093
1.01815
1.04547
1.04247
1.1336
1.00207
0.977718
1.22204
1.06727
1.05867
1.10423
1.06384
1.32917
1.08022
1.03865
0.783696
0.927039
0.951918
0.875848
0.81771
0.98954
0.979998
0.932823
1.06614
0.852472
1.05151
0.980097
1.05874
1.16384
1.03313
1.12933
0.961183
1.02727
1.0203
1.12026
0.960652
1.10941
1.00879
1.05448
0.975017
0.985181
1.13674
0.920679
0.931846
0.972586
1.05514
0.907973
1.0843
1.13573
0.847213
1.02338
0.910105
1.23627
0.943232
0.948415
0.894611
1.0055
0.862976
0.947142
0.997761
0.821011
1.11297
0.990761
0.982782
1.00357
1.12631
1.33801
0.969662
1.01046
1.0402
1.07426
0.903465
1.01652
0.972008
0.996784
1.06596
0.967796
1.09892
0.971204
0.968114
0.936903
0.911036
1.09327
0.949588
0.992645
0.973177
0.901533
1.02667
0.888342
0.970535
1.02722
1.09052
0.996886
1.06149
0.854832
1.02137
1.0217
1.09219
1.17418
1.17036
1.01238
0.990417
0.942913
1.10329
0.957183
0.985398
0.835531
0.965588
0.80272
1.07441
0.94013
0.957147
0.871285
0.897829
1.01593
1.21485
0.890368
1.00047
0.811906
1.05273
1.05544
0.80243
1.06968
1.14205
0.897295
0.870159
1.15086
1.06185
1.06547
1.00658
1.05913
1.03836
0.882065
0.974966
1.09576
0.806015
0.884286
1.10168
1.06311
0.945682
0.958955
0.939345
0.938707
1.06491
1.04913
1.07252
1.11892
0.942898
1.14019
0.869699
0.962836
1.02662
1.00419
1.00398
0.97583
1.10539
0.907916
1.02446
0.885594
1.01592
1.15128
1.032
1.04516
0.883049
1.01584
0.884137
0.969766
1.00184
1.03464
1.04292
0.871817
0.81314
0.955892
0.98936
1.15968
0.936097
1.02116
1.09768
0.914487
1.14479
0.949249
0.911872
1.10775
0.92714
1.01686
1.09703
1.00943
1.09759
0.987799
1.0419
1.07947
0.972563
1.00436
1.05431
0.929571
1.08059
0.896415
1.15234
0.891913
0.802173
1.0308
0.766436
0.934596
0.97084
0.984141
0.93785
1.19088
0.934149
1.10747
0.927281
1.10707
0.996921
1.07727
0.907846
0.969047
1.08418
0.980164
0.964558
1.15775
0.825275
1.15496
0.952874
0.933534
1.04422
1.22182
1.18914
0.890784
1.10198
0.950562
0.924015
1.07475
1.13693
0.895665
1.04948
0.897516
1.09388
0.935871
0.856718
0.899356
1.00796
1.092
0.962155
1.05112
0.825196
1.05365
1.03366
1.275
0.986447
1.01271
1.13715
1.06679
0.872825
1.04042
0.906763
1.05079
0.984733
0.981988
0.889476
1.05401
0.946235
1.1316
1.07587
0.980272
1.02802
1.0193
1.00921
1.02383
0.899821
1.01574
1.0306
1.04602
0.944332
0.918261
1.14447
1.0014
0.987903
1.12426
1.00359
1.07998
1.00515
1.01322
0.897399
0.94833
1.01233
1.0508
0.995053
1.07167
0.904088
1.00956
1.08823
0.963107
1.16517
1.12973
1.00802
1.02688
0.827157
0.958379
0.870552
1.22502
1.04777
0.9573
1.06986
1.0494
1.07465
0.930274
0.869302
1.08073
1.17482
1.22951
1.02955
1.09167
1.06633
1.09346
1.1855
1.0498
1.16994
1.07603
1.00501
0.994278
0.899855
0.980398
0.971627
0.987222
1.0334
0.937468
0.951738
0.985375
0.992968
1.02083
1.00651
0.942362
0.981394
1.06459
1.13732
0.976186
1.15383
0.994344
1.19329
0.726262
0.980107
0.867718
1.13948
0.929983
1.06591
0.920651
0.981709
1.09856
1.15565
1.0156
0.975449
1.08857
0.915415
1.05814
0.915238
1.10965
0.998355
0.999211
1.0485
1.16677
1.09682
1.2166
1.04468
0.919382
1.12427
0.958029
0.920499
1.05937
0.923361
1.12043
1.05346
0.890255
1.11446
1.11096
1.07192
1.02195
1.00624
1.08838
1.02052
1.02282
0.903982
1.10247
1.03826
1.01524
0.996994
1.12527
1.03731
1.07937
1.08248
1.04913
1.10001
0.91486
1.01021
1.08897
0.908131
1.09389
1.02663
0.883171
0.821942
0.858807
1.02233
1.06538
0.962639
1.17571
1.03242
1.12809
0.948241
0.976514
0.937641
1.0202
1.04762
1.03836
0.942598
1.02861
1.02017
1.1133
0.782385
1.02929
0.860447
0.907191
0.972968
1.048
1.00147
0.992572
1.10462
0.911092
0.955939
0.808769
1.10422
0.940918
0.928124
0.916045
1.02845
1.17914
0.916445
1.09977
0.99861
1.03906
1.05917
0.879214
0.820845
1.02005
0.954514
0.993822
0.984204
1.05846
0.996889
0.877096
1.10484
1.02379
0.936842
1.03925
0.979025
1.20013
1.05251
0.986232
0.90257
1.02589
1.02398
0.928577
1.20694
1.16661
0.918814
1.04301
1.07191
1.07382
0.95842
0.938235
0.989682
0.8261
0.930094
0.911603
1.03931
1.16748
1.1016
0.89811
1.05434
0.903379
0.917523
1.04526
0.888754
1.08292
0.968904
1.00014
1.14628
1.00657
1.24588
1.02958
0.968779
0.976904
0.890547
1.12534
0.954732
1.04656
0.876146
0.793816
1.1035
0.824797
0.993773
0.964638
1.1041
1.12407
0.930329
1.12085
0.959279
0.872259
1.18507
1.02703
0.89519
1.0511
0.968377
0.957257
0.86567
0.91328
1.17674
1.03118
1.02807
1.04876
1.12972
1.03282
0.847563
0.965209
1.12343
1.09889
1.24919
0.891063
0.929712
1.06231
0.980471
1.1565
0.963607
1.04266
1.064
1.03904
1.22384
0.863235
1.00099
1.16781
0.922696
0.887069
1.10296
1.20944
0.832346
0.777327
1.25752
1.05182
1.09657
1.00863
1.08067
0.945838
1.07467
0.89883
1.00977
0.895959
0.824695
0.966939
0.971542
0.926734
1.05688
0.883999
0.898297
1.1406
0.896362
1.09271
0.937486
1.0549
0.918893
0.960443
1.05348
0.939169
0.898427
0.8107
1.01731
1.06684
1.11501
0.890285
1.00387
0.963838
1.13342
0.94471
1.03482
1.03765
0.871867
0.977489
1.06316
1.00583
0.887151
1.04533
0.996499
0.887814
1.03601
1.05452
0.940446
0.915843
0.929625
0.835058
0.780958
1.03131
1.03765
0.851117
1.02113
0.960094
0.9539
1.12758
0.884389
0.913966
0.755016
1.01471
0.835922
1.19755
1.00055
0.989144
1.05429
0.899214
1.04042
0.960048
1.07195
1.08044
0.928389
0.882487
1.00856
1.00417
0.955661
1.0256
0.954986
0.977911
1.00525
1.01935
0.946242
0.929577
1.00108
0.982698
1.0134
0.894714
0.799219
0.964272
1.2215
0.929222
0.926686
1.0134
1.01377
0.855716
1.06985
0.926221
0.920743
0.969634
1.1609
0.741984
0.916007
0.891706
0.844657
1.11402
1.06528
1.14493
0.865542
0.952004
1.00282
1.02096
0.993356
1.01517
0.90078
1.08743
0.961302
1.08295
0.908423
0.946079
1.13626
0.944197
1.00398
1.08713
0.877561
0.978199
0.952449
1.03515
0.948376
1.14473
0.956511
1.09451
1.01653
1.14621
1.03193
1.17804
0.845683
1.10061
1.04898
1.0398
1.06479
0.997179
1.09652
0.988466
0.915805
1.01917
1.14248
0.980589
1.08456
1.00389
0.98005
0.963629
0.998092
0.857444
0.839923
0.916191
1.15617
1.0315
1.04256
0.859781
1.11394
0.813371
0.828303
0.885991
1.04495
0.973913
0.982406
1.08201
0.967401
0.909141
0.935992
1.15428
0.873693
1.11325
0.961233
1.00843
1.08749
1.08242
1.14402
1.0404
0.906809
0.958411
0.804153
0.870904
0.92977
1.15172
0.943113
1.0534
0.880598
0.952816
0.927946
1.17939
0.917403
0.857476
1.08748
0.848467
1.05384
1.03576
1.07043
0.915398
0.92378
1.1228
1.14829
0.951309
0.903175
1.08809
0.800527
1.10078
1.01091
1.02401
1.00981
0.986542
0.884585
0.964141
1.13943
1.11623
0.943302
0.943724
0.965219
0.93875
0.865096
0.893023
1.00406
0.978967
0.95586
1.01047
1.03781
0.961646
1.00474
1.02599
0.856782
0.987184
1.02496
0.963578
0.911603
0.943998
0.844198
0.994418
0.969449
0.89386
0.971225
1.08276
0.815911
1.05007
0.991222
0.833721
0.990131
0.868424
1.17206
1.03557
1.12363
1.04262
0.996137
1.03604
1.13237
1.09558
0.83607
1.02313
1.10174
0.989495
1.26874
0.881898
0.947136
1.05435
0.930551
1.04475
1.087
0.981195
0.928085
0.85773
0.95875
0.976808
0.995504
1.13302
1.00252
0.996724
1.07225
1.1342
0.945545
0.922751
0.974595
1.23386
0.892793
1.23849
0.945928
1.00258
1.08417
1.06809
0.973324
1.07089
0.962184
1.05541
1.05357
0.841133
1.00069
1.09589
0.944046
0.801371
1.0867
1.1925
1.06541
0.875746
1.01414
1.00444
1.00798
1.02793
1.01032
0.920785
1.10943
0.870287
1.01558
1.01049
0.893906
1.05181
0.947812
0.932546
0.951202
0.957321
1.0682
1.00527
1.04096
0.979365
0.9863
0.916608
0.990037
0.922927
1.13449
0.975233
1.03553
1.00444
1.07017
0.884667
1.0209
1.11119
0.848276
0.958088
1.06567
1.06468
1.02687
0.910948
1.11891
0.822987
1.16958
0.96884
1.08546
0.944503
1.0463
1.00101
1.0892
1.11723
0.959285
1.15767
1.15064
0.956929
1.07782
0.881356
1.23269
1.04711
0.971373
1.0036
1.03447
1.04618
1.06534
0.956466
0.721848
1.01373
0.954993
1.23922
0.981265
0.894269
1.09512
0.99341
0.9978
0.996935
1.09493
1.02521
1.0381
1.19988
1.07361
1.05556
1.04996
0.929766
1.00565
1.16294
1.10619
0.916512
1.09588
1.00727
1.18341
0.896736
1.12635
0.86496
0.960627
1.05162
1.05471
1.04428
0.923425
1.08135
1.01674
1.04616
1.08634
1.15592
0.95204
1.07054
1.05679
1.10472
0.999071
0.859028
1.17803
0.982553
0.925874
0.758632
0.933792
1.18663
0.9755
0.985414
0.9357
1.14638
0.989065
0.958607
0.900356
0.878907
1.06717
0.820116
1.04112
1.07482
1.06609
0.936768
1.05815
1.07916
0.975758
0.982194
0.98914
0.976423
1.07195
0.877727
0.982278
0.946894
0.989335
1.04841
0.925316
0.872574
1.17713
1.0426
1.03881
1.00055
1.09753
1.16294
0.954631
1.03101
0.946181
0.911349
1.09983
0.926586
0.920736
0.887931
0.91499
0.87972
1.00276
1.15009
1.09023
1.07385
0.883347
0.965966
1.01667
0.93067
1.11598
0.870805
1.00246
1.014
0.996203
0.838918
1.00372
0.977171
1.05331
1.17234
1.15453
1.01117
0.979503
0.846232
1.02662
0.936836
0.951267
1.23027
0.874722
1.05453
0.945289
0.960752
0.943401
0.996586
0.958874
0.946014
0.753589
1.00375
0.8449
1.004
1.03351
0.87694
0.991355
0.991963
0.883726
1.00509
0.941634
0.778187
1.01884
1.08381
0.946112
0.944787
0.998434
0.986095
1.03411
0.966008
0.973325
1.05454
1.05341
0.895568
0.816106
0.994629
1.09296
0.806615
0.992502
1.03417
1.11816
1.10783
1.04597
0.996147
0.913857
0.922289
0.985468
0.93236
1.01314
0.825891
0.972975
1.14019
0.893597
0.990303
1.03428
0.992183
0.840486
1.0558
0.870364
0.975114
1.06009
0.914843
1.02124
0.979999
0.867865
0.979723
1.05979
1.16746
1.00521
0.868739
0.941216
0.993284
1.01088
1.14872
1.0091
1.15103
0.992813
0.951655
0.97845
1.0086
0.964548
1.17104
0.884635
1.11948
1.14006
1.02161
1.03432
1.09051
0.816097
0.965618
1.09552
0.850165
1.07841
1.02633
1.11069
0.88487
0.975658
0.979751
1.00895
0.953135
0.956187
0.922522
0.951128
1.04193
0.864103
0.872785
0.916966
0.871044
0.873978
0.972522
1.05669
1.08007
1.01513
0.961925
1.00397
0.961986
1.10372
0.966375
1.04071
0.988116
0.897575
1.13056
1.09024
1.03983
0.985295
1.09334
0.955575
0.961924
1.00682
0.940294
0.994818
1.18114
1.07928
1.05712
0.970648
0.784976
0.970702
1.01027
1.04124
1.04412
0.946333
1.21279
1.0372
0.851932
0.952475
0.792375
0.815321
1.13982
0.995258
0.946138
0.887274
0.98551
1.05544
0.864198
0.994536
1.10926
0.986108
0.986344
0.886921
0.838448
1.07945
1.11773
0.91499
1.2765
1.11805
1.12299
0.885175
0.998691
0.908191
0.980113
1.14023
1.1335
0.946861
0.860579
1.0272
0.937587
1.09574
0.952686
0.954044
1.03573
0.983237
1.10636
0.916838
1.04219
0.945548
1.02241
0.914432
0.981101
1.06827
1.07903
1.07104
1.08591
1.14417
1.06561
1.19311
0.878972
1.15311
1.00645
1.02034
1.11763
1.04087
1.12007
0.930303
1.10201
1.01895
0.92041
0.937483
0.928773
0.908995
1.01479
0.877496
0.869103
0.947027
1.02695
1.08341
1.02499
0.81702
1.01523
0.993236
1.20993
0.825002
0.909805
1.11058
0.896572
1.13479
1.0107
0.965789
1.02376
0.97834
1.16339
0.987697
0.940315
0.968
0.980815
1.02511
0.968407
1.15346
1.13842
1.08835
0.999619
0.913017
1.1834
1.17462
0.978059
0.891717
1.06936
0.949529
0.914931
0.98643
0.864516
1.02377
0.954549
0.970736
1.07576
0.844073
0.879165
1.01272
0.962668
1.15104
1.10453
0.970276
0.991565
0.78617
1.28411
0.953374
1.08315
0.957276
0.94922
1.07757
1.01673
0.885867
1.05469
0.898156
1.12209
1.07689
1.07208
1.01527
0.911066
0.845843
1.09591
0.979327
0.795967
0.930196
1.03825
1.19324
1.0912
1.07072
1.19806
1.17484
1.00215
0.963013
0.826332
0.872545
1.01407
0.948494
1.0634
0.936459
1.01537
1.02118
0.758818
1.17751
0.989128
1.03788
1.03526
1.02654
0.918486
1.0505
0.827477
1.01926
1.05057
1.05172
1.03883
0.843373
1.09241
1.07234
1.19383
0.893751
0.890363
0.93649
1.02099
1.28909
1.02915
1.10338
1.05494
0.816971
0.96815
1.02676
1.10141
1.16047
1.03907
0.884494
0.942256
0.854655
1.07134
0.958577
0.94895
1.10055
0.999291
1.04713
1.03645
0.913959
1.18496
1.121
0.962976
0.998074
1.06435
0.986129
1.03254
1.00406
1.10373
0.926568
0.930431
1.07733
1.00028
0.9151
0.994614
1.10608
0.821374
1.07708
1.04744
0.938045
1.12507
1.06814
0.986731
1.02731
1.15783
1.19534
1.01758
0.998803
0.96616
1.01541
0.898924
1.01882
1.04671
1.02426
1.13998
1.19866
0.92859
1.14001
1.06216
1.09147
0.834472
1.11865
1.05327
1.04818
1.2234
1.01394
1.087
0.811263
1.04991
0.938684
1.08939
1.17054
0.999492
1.02399
1.01056
1.00494
0.924124
1.1096
0.896618
0.967371
0.979477
0.893807
1.03326
1.05721
0.931582
1.0929
1.06773
1.0508
0.847156
1.13215
0.909025
1.11286
1.04478
1.07416
0.959581
0.967068
0.888644
1.24622
0.960664
1.08919
1.23588
1.00149
1.13578
0.851479
0.832135
0.959111
0.98348
1.06554
1.25363
1.03955
1.01673
0.965355
0.945661
1.04626
0.967268
0.782472
1.02766
1.077
1.0443
0.84221
0.976192
1.01185
0.892733
1.09227
1.02396
0.917083
1.07705
0.910811
0.897045
0.793183
1.14283
0.997054
1.10136
1.1429
0.920554
0.97208
1.23073
0.989729
0.919038
1.17574
0.980454
1.07738
0.999088
0.967172
0.976308
1.17913
0.902457
0.902816
0.958221
1.26111
1.00806
1.02838
1.06911
0.999856
1.07244
1.11124
1.18891
0.917215
0.854516
1.05276
0.879285
1.01982
0.81766
0.986559
0.914286
0.981635
0.968959
1.20346
0.998908
0.919142
0.822153
0.959817
1.09361
0.983958
1.02109
0.978646
0.997234
1.0646
1.00803
1.0882
0.870276
1.04475
0.965021
0.800681
0.999387
0.975845
0.902946
1.01275
0.89945
1.0713
0.996784
0.954938
0.965124
1.08508
0.972346
0.760863
0.986843
0.934394
0.827183
0.990251
1.23157
1.03613
1.01135
1.16553
0.92641
0.888575
0.994833
0.850592
1.06991
0.93296
1.19276
1.06023
1.05325
1.08475
1.01239
1.22454
1.00914
1.0117
1.14384
1.07941
1.04265
1.15568
1.0287
0.888352
0.915247
1.1677
0.770481
1.07067
1.05652
0.939162
0.882997
0.925912
1.26747
0.958078
1.05575
1.01621
1.197
1.12509
1.07051
1.15206
0.882099
0.808457
0.939939
0.917957
0.895604
0.972857
0.90724
0.996355
1.18824
1.11989
1.08774
0.996772
1.10741
0.876167
0.947295
1.01943
0.959084
0.867452
1.00254
1.12751
0.92189
1.11166
1.01152
0.951253
0.873519
0.896854
1.01776
0.915274
1.05276
0.897833
0.891586
0.95603
0.84727
0.9421
0.896401
1.03272
1.10401
1.18361
1.02246
0.967587
1.11149
1.03412
1.02488
0.978663
1.11649
0.92511
1.17285
0.933363
0.9623
0.962892
1.04181
1.0144
0.975376
0.977266
0.992177
0.833077
0.960602
0.96157
1.15621
0.997789
1.11973
0.963
0.830049
0.999588
0.877255
0.86986
1.00925
1.04709
1.03423
0.982004
0.921315
0.945121
0.886608
1.29869
1.07446
1.11103
0.998252
1.00624
0.901112
1.0371
1.14321
1.02824
0.857867
0.771273
0.992477
1.00959
1.15619
0.964603
1.16285
0.971903
0.879116
0.948936
1.02146
1.00019
0.922757
1.05171
1.04147
0.898144
0.817896
0.964664
1.12073
1.00575
0.88878
1.17238
0.975878
0.92412
1.03111
0.768294
1.10146
0.922682
1.10907
0.981388
1.08741
0.905581
0.910335
0.952163
0.81253
0.945797
1.286
0.905686
1.01172
0.947133
1.03151
1.05562
0.982905
0.760541
1.04869
0.981893
1.01453
1.01564
0.93001
0.928434
1.11189
1.0178
0.836811
0.937236
0.88896
0.891496
0.998993
0.880094
0.993134
1.04437
0.961054
0.965124
0.968873
0.798647
1.05733
1.08743
1.15391
0.979416
0.980642
0.922306
0.966241
1.06113
0.92196
0.932054
0.938616
0.805092
1.00898
0.84409
1.04166
0.922831
0.820017
1.05042
1.08315
0.947497
0.939864
0.990091
0.960639
0.938149
1.03662
0.968127
1.10111
1.02503
1.03497
0.860349
0.918907
0.854446
1.10121
0.988333
1.08292
1.03701
0.927775
1.16246
0.910347
0.951499
1.10129
1.06018
1.18072
1.09892
0.795332
0.970861
1.05849
1.0421
0.996791
1.12042
0.98142
0.978857
0.970257
0.850029
0.990826
1.00564
0.953543
1.07373
1.06719
0.944252
1.08914
1.06932
0.958978
0.956885
1.2289
1.01299
0.91421
0.834868
1.03264
0.933847
1.07012
0.913291
1.0833
0.938155
0.955354
1.10627
0.938544
1.02625
1.03179
1.02172
1.17614
1.06017
0.966731
0.947202
1.098
1.01124
0.943922
1.19275
1.08765
1.20332
0.90991
1.12062
1.06071
1.0613
1.02074
0.97256
1.06814
0.986794
0.971015
1.12004
0.967938
1.03935
1.01674
0.931786
1.00614
1.16185
1.04568
1.06775
0.954152
0.967462
0.918999
0.85977
0.995275
0.878381
0.949322
1.13453
0.970093
0.977148
1.04702
0.966388
1.07924
1.02085
0.931145
0.943264
0.929797
0.815974
1.08648
0.950599
1.06887
0.958034
0.814945
0.980673
0.841
1.16787
0.907252
1.14372
1.07026
0.90678
1.05347
0.999969
0.947063
1.03178
1.03528
0.917231
0.942776
0.906576
0.824008
1.04477
0.91552
1.0335
1.07909
1.05329
1.01472
1.05846
1.07573
1.19735
1.09778
1.00598
0.935481
1.06741
1.11281
0.955885
1.09267
1.11099
1.09925
0.931375
0.902916
0.965825
1.23087
1.1904
0.917958
0.978167
0.918989
1.05637
0.998222
0.991431
0.997504
1.15169
0.97281
1.13611
1.12323
0.806739
1.05386
1.34577
0.97932
1.12115
1.11586
0.774588
1.21755
1.26111
0.983425
1.0149
0.927897
1.03892
0.95837
1.10782
1.12745
1.07571
0.959781
1.02359
1.01909
1.03185
1.00362
1.00924
0.918417
0.859726
1.11711
0.987319
1.03107
0.86521
1.00682
1.04669
1.06225
0.897082
0.941206
0.941808
1.03973
0.779986
0.899773
0.937041
1.00223
1.11588
1.03193
0.937664
1.06814
1.001
1.01039
0.928392
0.952656
0.922623
1.01933
1.02614
1.04522
0.868153
1.06017
0.882276
0.914398
1.04511
1.05287
0.981571
1.04437
1.028
0.956551
1.05585
0.956517
1.05533
0.984504
1.038
1.23165
1.04867
0.939719
1.02939
0.83421
0.984487
1.08314
0.9436
0.821579
1.37429
1.10426
0.748132
0.977153
0.969468
0.943594
1.02791
0.94006
0.969716
1.1454
1.17337
1.00686
0.884441
1.05195
0.826185
0.841194
1.00002
0.952158
1.07533
1.0125
1.07785
0.974242
1.08239
1.08011
0.808871
0.880544
1.10303
0.966918
0.937911
1.10896
1.08149
0.899302
1.03219
1.10305
0.893753
1.16354
1.0897
1.04565
1.00565
1.00466
0.907687
1.02777
1.00865
1.0075
1.19178
1.02746
0.98475
1.10061
1.09024
0.891261
1.11386
1.04234
1.03474
0.980766
0.978775
0.979374
1.13557
0.870177
1.1803
0.940965
1.01875
0.900474
1.01483
0.941451
0.982312
1.05563
0.993412
0.871175
1.11785
0.988003
1.00707
0.995001
0.940428
0.904388
1.07657
0.909484
1.14693
1.1079
1.09117
0.97039
1.18587
0.94207
0.959112
0.835438
0.79987
0.944217
1.0318
1.13592
0.987657
1.0379
1.12748
1.05701
1.01928
0.949113
1.1884
0.905421
0.799238
1.11239
0.982682
1.07325
0.999726
0.946494
0.968738
0.854316
0.849249
0.955878
0.928791
0.874897
1.06382
1.02045
1.24365
1.0525
0.978148
0.914196
1.03051
0.824708
0.965937
0.963223
0.722039
0.95076
1.05796
0.949892
1.10662
1.0596
0.852449
1.08509
0.992543
0.864235
0.910074
0.971459
0.92018
0.958862
1.01359
1.17303
1.11925
0.948698
0.997043
0.97353
1.18981
1.05133
0.9071
0.993884
1.06258
0.944354
1.03358
1.06163
0.848427
0.862558
0.993712
0.920134
0.96838
0.951506
0.957477
1.10194
0.929667
0.932059
0.845071
1.00268
0.807644
1.26043
1.17979
1.10672
1.08291
1.25183
0.726884
0.952365
1.03885
0.916005
1.03878
0.843619
0.976766
1.03742
0.979682
1.02119
1.21658
1.04633
0.928294
0.968094
1.07434
1.12162
0.949775
1.04453
0.915224
0.925705
0.948613
0.930342
1.08127
0.893455
1.00018
1.01547
1.01994
1.07478
1.05092
0.827197
1.09403
0.896907
0.904804
1.07274
1.15545
1.06727
1.02325
0.983508
1.26453
1.00649
0.878411
0.900337
1.11692
0.932044
1.05392
0.999584
1.08841
0.91751
1.07717
0.927566
0.862413
0.914094
0.940559
0.865608
1.09004
0.945431
0.925233
0.945272
1.016
1.06443
1.00699
0.875179
0.96491
1.06116
0.993782
1.02608
1.01543
1.12202
1.03495
0.995375
0.980614
0.851037
1.17394
0.903229
1.01939
1.02911
0.994674
0.846419
1.04962
0.994863
0.93007
1.06175
0.932546
1.1492
1.20388
1.00169
0.936609
0.999628
0.787006
0.918942
1.06275
1.14194
0.933064
0.94744
0.941995
1.04054
1.04545
1.22316
0.997993
1.01583
1.14922
1.1105
1.06593
0.862836
1.01551
0.931349
0.954442
0.956875
0.929761
1.17749
0.938867
1.03344
1.15059
1.1129
0.968299
0.82725
0.872607
0.927039
0.949908
0.949813
1.0469
1.0469
1.08493
0.894117
0.98746
1.02943
1.15872
0.818622
1.06534
0.934034
1.07845
0.899651
0.967307
1.06925
1.00366
1.06826
1.10662
0.980542
1.03008
0.957161
0.844607
0.907545
1.19577
0.865322
1.04255
0.985549
0.975781
1.12082
0.926952
1.07774
1.05229
1.13484
0.909896
1.02771
0.874401
1.01069
1.05545
0.930023
0.894794
0.948719
1.00539
0.869188
0.973646
1.18607
0.982095
1.06396
1.03948
0.83962
0.956285
1.03984
0.803464
0.930865
0.887021
1.04995
1.09932
1.02079
0.957929
0.853851
1.01343
0.88869
1.01481
0.970767
0.921065
0.951526
0.922226
1.01766
1.01288
0.925556
1.01885
1.03241
1.0661
1.11677
0.963861
0.70945
0.886144
1.03114
0.985958
0.906977
0.946471
0.866678
1.19014
1.09657
1.05902
0.992671
0.93973
0.983988
0.93551
0.897584
1.07284
1.00355
1.00129
1.11779
1.0894
1.16224
1.09397
1.07935
0.992879
1.04935
0.963371
1.00226
0.833672
0.872048
0.993728
0.999957
0.975285
1.07233
0.855077
0.955407
1.04751
0.974466
0.914259
1.13995
1.02284
0.896375
0.975454
0.939835
1.062
1.02543
0.904924
0.97091
1.06581
1.14066
0.887799
0.883157
1.01053
1.043
0.849787
1.0643
1.02418
1.02895
0.852293
0.986358
1.12776
1.20391
1.009
1.04518
0.940942
0.963463
0.996827
0.821667
0.932837
1.00401
1.00737
0.889086
0.956898
1.12433
1.0512
1.08422
0.967772
0.870311
1.00938
1.0368
0.96793
0.824661
0.874321
0.9921
0.943729
1.03841
0.858118
1.1841
1.12796
1.02512
1.04063
0.893183
0.958058
1.02833
0.918857
1.14842
0.846436
0.894105
0.970115
1.08068
0.925296
1.23489
0.940696
0.905386
0.966311
1.14371
0.864149
0.951903
1.08942
1.0587
1.04275
0.87064
1.00114
1.15588
1.0587
0.944821
0.979342
0.945156
1.08594
0.993219
1.06119
0.98967
1.11573
0.887199
0.929441
0.818567
0.965897
0.955637
0.847521
0.974311
1.33483
0.909511
0.955582
1.17053
1.03002
0.855346
0.889679
0.88494
1.05767
0.866221
1.1249
0.999284
1.07306
0.912716
1.09617
0.957885
0.985009
1.00267
0.907449
1.08143
1.24495
1.04495
0.982132
0.901327
1.14419
0.913551
0.816765
0.996596
1.16314
0.902562
1.0721
1.15826
1.02569
0.942967
0.948028
1.22461
0.892454
0.977342
0.996768
0.983394
0.949954
0.866911
1.08271
1.02039
1.0418
0.993211
0.99549
1.0467
1.01989
0.965663
0.893826
1.16439
1.25285
0.991595
0.993753
1.06303
1.07653
1.27376
1.02559
1.07155
0.962226
1.16581
0.914565
1.05134
1.08367
1.07441
0.964033
1.06781
0.99023
0.927674
0.907453
1.04959
0.946877
0.88481
0.997739
1.03775
1.21235
1.06812
1.04243
0.788304
0.983986
0.965662
1.04387
1.14725
0.927642
1.00606
0.889969
1.14034
1.09535
0.918904
0.821013
1.07601
1.10568
1.13125
1.08488
0.994176
0.971015
0.94035
1.03156
0.922411
1.02641
0.957579
0.970981
0.95423
0.883952
1.04154
0.978197
0.982688
1.09084
1.07549
1.05848
1.01533
0.913443
1.27208
0.912544
0.966795
1.09004
1.07372
0.806499
1.07008
1.29009
1.00842
0.905328
0.941034
0.931059
1.04946
0.894378
1.04748
1.076
1.15306
0.979311
0.857844
0.885664
1.15483
1.01418
1.11634
0.85841
0.938018
1.00405
1.10605
1.00181
0.982144
0.997944
1.04688
0.937579
0.922122
1.13088
0.855362
0.910818
1.08295
0.831661
1.03804
1.09063
1.00236
1.15364
1.04908
0.871138
1.12926
0.883212
0.935498
1.15679
1.13714
0.896015
1.01641
1.08793
0.913381
0.766413
0.925661
0.891052
0.8791
0.992732
0.956243
1.00147
0.961547
1.00667
1.05306
1.01135
0.885826
1.06247
0.85585
0.991872
0.791954
0.948856
1.07514
0.901849
1.01047
1.18139
1.05797
0.986126
0.912864
0.970713
0.854994
0.987128
1.10506
0.893826
0.945209
0.875264
1.01706
1.03416
1.20263
0.922217
1.03724
1.16677
1.08662
0.968006
1.16726
0.955695
0.938607
0.914094
0.980896
1.30295
1.04541
1.05872
0.953858
1.06652
1.08037
0.914795
1.15198
0.951692
1.02738
0.978031
1.0199
0.77932
0.926289
0.970885
1.073
1.28762
1.00464
1.18241
0.890569
0.93082
0.931865
0.877524
1.05314
0.816198
1.01111
1.02989
0.939031
1.24675
1.00766
0.953564
0.947152
1.12642
0.933326
1.05901
0.958617
1.18114
1.20178
0.796364
1.02337
1.14719
0.915211
1.12093
1.13593
0.996954
0.989553
1.21023
1.02527
1.04341
1.10648
0.901134
1.11242
0.787804
0.942593
0.997833
0.932069
1.02254
1.17274
0.908106
1.10471
1.02819
1.14289
0.950228
1.02065
1.12263
0.920054
1.29771
0.85768
1.01212
1.08528
0.938354
0.931254
1.0269
0.989895
1.15253
0.894607
1.0023
1.06393
0.980898
1.00712
1.15498
1.30597
1.08414
1.10277
0.892626
1.199
1.02475
0.879908
0.923756
1.01627
0.809865
1.05799
0.99454
1.14183
0.927395
0.997523
0.95579
1.0095
0.927594
1.27929
0.896504
0.939466
1.06154
1.04391
1.21441
1.04362
1.00593
0.898681
1.13894
0.859064
0.935316
1.04116
0.913991
0.947136
1.08919
0.995251
0.87408
0.997961
0.882482
0.831778
0.902987
1.00859
1.11427
0.920142
0.905238
0.917824
1.05795
0.993192
0.879125
0.873937
0.990275
0.947021
1.00066
1.02475
1.0218
1.1126
1.24984
0.841258
0.99518
0.933704
0.933543
0.964551
1.03277
1.02565
1.01931
0.953191
0.919223
1.11238
0.971446
0.845228
1.24857
1.00131
0.975357
0.980281
1.11787
1.04739
1.08597
1.02726
0.971557
0.958268
0.972314
1.00325
1.03518
0.987142
0.926449
1.01917
0.923383
1.02644
1.01383
0.905285
1.00936
0.998471
0.965264
0.80261
1.07694
1.10234
1.07111
0.879818
0.930911
0.940533
0.965089
1.07138
1.14154
0.877163
1.02252
0.973277
1.0043
1.02704
1.01656
0.934856
0.906694
0.940643
0.853883
0.838579
1.08863
1.09944
1.15502
0.96029
1.05573
1.13494
0.968318
1.01933
0.979053
0.818302
0.865973
0.946971
1.02891
1.19587
0.958806
0.913306
0.944457
1.00719
0.970558
0.982481
1.00728
1.0536
0.916247
1.0021
0.922489
1.00442
1.0623
0.870577
0.987718
1.16636
0.882148
0.92624
1.13019
0.949738
1.08318
0.956818
1.03404
1.09998
0.941327
1.15706
0.806575
0.958954
0.967377
1.1172
1.09529
1.00776
1.02378
1.09032
0.895439
0.903213
1.07833
0.878471
0.959977
0.892497
0.946625
1.07641
1.19679
0.969087
0.969053
0.914214
0.948721
1.02415
1.26357
0.90264
0.955405
1.01684
0.871379
1.14125
0.987698
0.877694
0.887037
0.926799
1.02201
0.932717
0.913063
0.932319
0.976847
1.04352
0.999577
0.901787
1.04159
1.04067
0.963966
0.988576
1.03798
0.888492
0.926326
0.92763
0.983921
0.861023
0.966471
1.08268
1.13808
1.00208
1.03348
1.01849
0.97433
0.850555
1.00639
0.984839
1.08915
1.10553
1.02362
1.07548
0.955159
0.993858
1.04072
1.02694
0.990185
0.84042
1.21382
0.851309
0.962972
0.79918
0.946138
0.953764
0.907901
1.08919
1.00355
1.0212
1.1082
0.970759
0.932444
1.06024
0.954014
0.923939
0.975717
0.876897
1.13494
0.833018
1.08304
0.988919
0.938003
1.02202
0.978089
0.967446
0.975057
0.882594
0.999483
0.875448
0.970984
0.787588
1.05945
1.11417
1.09326
1.22974
0.97335
0.996619
1.1672
0.912917
1.0941
1.09048
1.1302
1.03912
1.07721
0.868752
0.894374
1.14052
0.943019
1.03344
0.961373
0.917489
1.19662
0.988799
0.928077
0.922333
1.2659
1.05498
1.04475
1.08786
0.985205
1.09035
0.844422
1.09872
0.966037
1.09238
1.04834
1.05195
0.879871
1.00427
1.13808
1.10453
0.992882
0.949688
1.14208
1.23815
1.14827
0.939959
1.02576
0.955475
0.983995
0.868046
1.13923
1.08269
1.02962
1.23121
1.29945
0.966931
0.964732
0.97583
0.838642
0.909416
1.18934
1.09366
1.007
0.966904
1.04221
1.06728
0.932667
0.889622
0.944555
0.970401
0.99626
1.01849
0.893677
0.935384
1.06171
1.02833
1.03216
1.15524
0.86324
1.08954
0.928535
1.119
0.828021
0.888033
0.989125
1.09242
1.1799
1.20884
1.15522
1.08951
0.692745
0.95496
1.10656
0.988263
1.10779
1.03214
1.10564
0.980546
1.11945
0.88824
1.02446
1.00521
0.965331
1.14623
1.11598
0.854516
1.08476
0.87074
1.19189
1.02071
1.11745
1.01457
0.937382
1.00935
0.905326
1.19027
1.0237
1.12704
1.03453
1.14706
0.808979
1.03159
0.951545
1.08102
0.903272
0.7935
0.894508
0.79702
0.847846
0.983658
1.25328
1.06679
0.997201
0.905183
1.12218
1.05595
0.967981
1.0184
1.06098
0.975392
1.0714
1.11735
1.08149
1.02883
0.994341
1.12893
0.953427
0.995466
1.09388
1.07269
0.966143
0.907487
0.896856
1.14043
1.0255
1.06076
1.01746
0.910347
1.17788
0.98711
1.05833
0.828606
1.21472
1.09089
0.91968
1.08149
0.935002
1.10274
0.899898
1.03653
0.887574
1.05583
1.14672
0.891436
1.12523
1.08719
0.821944
0.895835
0.848169
0.93439
1.05053
1.04251
0.881861
1.06116
1.14212
0.957761
1.07696
0.958109
0.941665
0.914389
1.23273
0.953575
1.03896
0.996513
1.017
1.18645
0.89791
1.18001
1.08066
0.86794
0.943887
0.941701
0.951283
1.05652
0.968079
1.07283
1.00341
1.03952
1.18965
1.25074
0.876877
1.06927
1.04555
0.949531
1.04389
0.849107
0.978865
1.0685
1.02212
0.998374
0.993792
0.960967
0.940799
0.881907
1.0635
0.996144
0.984799
1.06164
0.986426
1.07541
0.920679
1.1278
0.900198
1.03553
0.97752
0.976585
1.07745
1.03086
0.993073
1.15427
0.912144
1.06614
1.15674
0.958814
0.94004
0.960764
0.960852
0.988933
0.755811
0.901793
1.09194
0.911541
1.18579
1.03994
0.979373
0.91731
1.08138
0.909451
0.969296
0.950867
1.06548
1.08874
0.902154
1.02312
1.19206
1.12013
1.01891
1.15031
0.994684
0.935357
1.0256
1.08093
0.945796
0.990827
1.16004
1.03884
1.18624
0.921756
0.993338
1.21693
1.1233
0.882128
1.03574
0.962932
0.93111
0.939918
0.906525
0.98973
0.983666
1.01657
0.998577
0.996323
0.828306
0.972933
1.03157
1.02484
0.912811
1.11611
1.20092
1.0254
1.03457
1.09211
0.921234
0.947086
1.02514
1.04329
1.08093
1.02935
0.785745
1.05485
1.07393
1.08947
1.01379
0.83896
1.09844
0.989679
0.849826
0.962466
1.31748
0.881984
1.12312
0.862347
1.00066
0.949326
0.953194
1.15773
1.21625
0.868374
0.908434
0.931601
0.94156
1.00538
0.881016
1.11046
1.00369
1.08803
0.827384
0.977043
1.02956
0.922673
0.928543
0.956191
0.822149
0.975921
0.897875
0.844834
1.18266
1.16241
1.20674
0.930479
0.929009
1.07086
1.04488
1.14185
0.98894
1.05467
1.1123
0.991344
0.769844
0.838165
0.918993
0.91695
1.01167
1.14805
1.00849
0.887225
1.05956
0.881736
1.07314
0.799766
1.01022
0.98195
1.11383
0.918935
0.781371
0.991477
0.957065
0.98511
1.00904
0.970434
1.17272
1.091
0.976693
0.873266
0.87925
1.12879
0.928781
1.0871
1.2019
0.950211
1.01634
0.965084
1.15981
0.913829
1.01353
1.10182
0.847208
0.994593
1.12629
0.913616
0.88956
1.04179
0.899691
0.944264
0.995726
1.00471
1.06506
0.915376
0.876209
0.905671
1.01247
1.0515
1.05672
0.859628
1.0134
0.924996
1.04997
0.8444
0.886607
1.05604
0.923945
0.857645
0.983299
0.960145
1.05985
1.01547
1.08651
0.850047
0.955547
1.09869
0.87316
1.08305
1.09343
1.24733
0.977691
1.08875
1.01143
0.977145
0.907176
1.05903
1.05328
1.00775
1.03692
0.959847
1.06655
1.02024
0.997966
0.885467
1.10919
1.08083
1.02764
1.001
1.05056
1.17123
0.976529
0.990376
0.900117
0.968012
1.07469
1.00564
0.838526
0.867473
1.13577
1.03935
0.885647
1.09052
1.01385
0.862165
0.899931
0.973595
1.05544
1.04306
0.831147
0.831475
0.964274
0.808892
1.07016
1.02909
0.869886
1.00334
1.03861
1.02695
0.955408
1.0567
0.942737
0.894125
0.784291
1.07341
1.03091
1.01642
1.11559
0.767187
1.09806
1.02709
0.89534
0.99154
1.10158
0.929392
1.03209
1.00433
0.948057
1.17375
0.943094
1.15182
0.849928
0.989124
1.0037
0.900532
0.943843
1.05319
0.927907
1.15227
0.851366
1.04828
0.994654
0.956951
0.955372
0.980968
1.10308
1.18134
0.979033
0.95651
0.955822
1.03402
0.914701
1.0104
0.918624
0.89104
0.908718
0.870704
0.906745
0.919632
1.0362
1.12714
0.93852
1.03872
0.993904
0.974515
0.964143
1.10017
0.976689
1.02753
0.952372
1.08809
0.867135
0.899808
1.04516
1.06443
1.13353
1.05546
1.00324
0.961146
0.997307
1.25208
0.921502
0.79309
1.0104
0.938246
0.923946
1.0534
0.844811
1.07999
0.96891
0.814379
1.11987
1.02114
0.986035
1.19934
1.05136
1.07361
0.948407
0.976619
1.02355
1.02882
0.938529
0.837442
0.812497
0.985023
0.984486
0.882154
0.876944
0.915739
0.827839
0.974351
0.863185
1.14982
1.04274
1.08057
1.13584
0.945703
0.993502
1.20399
1.07871
1.02067
0.949615
1.0541
1.04524
0.996681
1.04558
1.08096
0.776962
1.05265
1.02078
0.908945
1.1907
0.906069
0.814597
0.9185
0.99054
1.03896
0.931579
1.05909
1.03422
0.874553
0.958053
0.861571
1.08908
1.12562
1.06365
1.10768
0.910772
0.999287
0.936001
1.12126
1.01056
0.86644
1.08516
1.13537
0.911061
1.07461
0.916809
0.952026
1.32954
1.0268
1.09985
1.10359
1.05935
0.753395
0.99058
0.969715
1.02213
1.08582
1.16717
0.97265
0.818401
0.850458
0.986159
1.02856
0.976477
1.04046
0.941451
1.04965
0.891076
1.06766
1.06017
1.13998
0.918114
1.03966
1.11126
1.20651
1.16782
1.02324
0.956875
0.984824
0.948178
1.0317
1.011
1.00352
1.05431
1.11418
0.93237
0.978816
0.888348
1.17847
0.995705
0.984209
0.899245
1.10133
1.01316
0.911175
0.99181
0.876442
1.00541
1.09442
0.819724
0.950684
0.930815
0.983018
0.90961
0.982895
0.994438
1.02245
0.948971
0.999632
0.914416
0.887666
0.944192
1.01876
0.97282
1.12028
0.880829
1.07067
1.21303
0.946359
1.09307
0.959621
0.998254
0.953652
0.993553
1.09941
0.927439
1.01703
0.823673
0.856182
0.970382
1.06963
1.05556
0.994169
1.10822
0.921151
1.27079
1.05208
0.947
1.05533
0.975333
1.06766
0.947774
0.806096
1.03558
0.85193
0.967527
1.05228
0.937618
0.982597
1.01094
1.08217
0.886288
1.07666
0.885821
1.03753
0.949246
0.927053
1.06404
1.03741
1.0325
0.955661
0.968962
0.902724
1.05314
1.07602
1.06014
0.958888
0.761904
1.14477
0.929154
0.921993
0.924424
1.07243
0.920778
0.986998
0.931301
0.886747
0.9132
0.980678
0.979418
1.09798
0.87223
1.08437
0.999361
0.955979
1.10559
1.07689
0.837818
0.877856
0.869655
1.03306
1.06535
1.10973
1.02091
1.00611
1.09518
0.932208
1.14935
1.05302
1.01306
0.917033
0.955466
0.999898
0.895644
1.14911
1.09628
0.971668
0.96158
1.01442
0.974546
0.978903
0.883174
1.13307
1.21738
0.987984
0.971643
0.95098
0.9606
0.961671
0.967218
0.894227
0.935646
1.0083
1.12079
1.08782
1.09776
0.936109
1.0593
1.00433
0.832785
0.980157
0.922795
0.900333
0.889558
0.912477
1.11259
0.901505
1.08144
1.03261
1.13383
0.882611
1.04655
0.827289
0.937965
1.00777
0.89402
0.882813
0.952281
1.13
1.22571
0.949383
1.03368
1.08868
1.083
0.741655
1.06146
1.26998
1.01743
1.11306
0.944989
0.923791
1.09342
0.876054
1.25404
0.869959
1.13308
1.12624
1.19674
0.96856
0.909512
1.05358
1.23075
0.936472
0.786947
1.17627
1.14073
0.885138
0.917265
0.963396
0.892046
1.00238
1.03648
1.01152
0.967957
1.01678
0.893955
1.12943
0.955367
1.03968
1.00934
0.937045
0.969497
0.761123
1.10867
1.04454
1.04129
0.960088
0.95968
1.0065
1.04926
0.876413
0.979687
0.935013
0.914196
1.03573
1.08328
0.983293
1.05126
0.993174
1.20715
0.848509
1.13905
0.967063
0.851363
1.00346
0.9773
1.03929
1.0039
0.986356
0.972642
1.0564
0.916305
1.11089
0.895195
1.19791
1.15965
0.932211
1.00737
0.924175
1.01116
0.877195
0.947272
1.01138
0.98372
1.14463
1.09217
0.944915
0.824816
0.974877
0.981818
1.08897
0.987385
1.01229
0.98622
0.944612
0.997638
0.932155
0.945273
0.905348
0.958205
1.07418
0.92615
0.973216
1.00409
0.948157
1.0021
1.15894
1.03939
0.999943
1.08135
0.938804
1.03478
0.954727
0.893098
0.878433
1.06224
1.05079
0.886743
1.0209
1.09049
1.02598
1.10003
0.946455
0.921665
0.950547
0.865237
0.936397
0.981146
0.96129
1.10261
1.03198
0.867004
1.01884
1.13848
0.914755
1.08855
1.2092
0.853878
1.11137
0.969541
1.00038
1.04263
1.1779
0.987109
1.09832
0.916845
0.957697
1.14826
0.971257
0.974589
1.04857
0.929507
1.05084
0.916926
1.05097
0.884455
0.943642
0.965106
1.1796
1.15285
1.27055
1.09734
1.25807
1.03641
0.72157
1.1506
1.20891
0.968213
0.961251
1.0168
0.998273
0.938189
0.909294
1.01946
1.03414
0.948074
1.11285
0.980408
1.07456
0.939176
1.13358
0.994482
1.04571
1.07396
0.977364
1.17822
0.891602
0.835993
1.03339
0.917142
0.853007
0.978691
1.0805
1.02897
1.06201
0.829317
0.865171
0.969872
0.819313
1.19959
1.11451
1.01973
1.00097
1.01118
1.16367
0.81199
0.909795
0.910486
1.03452
1.07443
1.02062
0.990818
0.954818
1.04106
1.19455
1.05283
1.14949
1.12045
0.915237
1.2733
1.12303
0.81855
0.853037
0.968196
1.02698
1.0398
0.898565
0.978641
1.08239
1.0875
1.05433
1.10689
1.00729
0.903995
1.01435
1.05478
0.856961
0.931015
0.98388
1.07889
0.895714
1.02305
0.973561
0.980138
1.01729
0.90133
0.91144
0.9153
0.974109
0.94714
0.875411
0.835474
0.956881
0.982796
0.858191
0.915977
1.00806
1.03109
1.15489
0.947104
1.09061
0.825686
0.977454
0.943636
0.991376
0.955886
1.04842
1.17856
0.85073
1.0449
0.954888
0.935561
0.982681
1.2258
1.11145
1.11129
0.912692
0.811525
1.16329
0.878429
0.91677
0.972426
1.13512
0.97701
0.957698
1.14731
1.12327
0.998842
0.969143
0.93355
1.10501
0.959835
1.01464
0.983941
1.02823
1.10407
0.89045
1.07085
0.967492
0.990583
0.868047
0.897019
0.949764
1.01889
0.993624
1.00467
0.898213
1.01149
0.889972
0.829438
0.984993
1.11296
0.904707
1.08627
0.957383
1.06391
1.11599
0.973249
1.06953
0.97068
1.15777
0.959393
0.909725
1.0566
0.995655
1.05941
1.11307
1.04972
1.2166
1.00477
1.21913
0.747729
1.01344
0.924102
1.0416
1.00357
0.967392
0.944924
0.9642
1.00259
1.03508
0.930627
0.979511
1.08382
1.06197
1.09627
0.886933
0.898455
0.892873
1.00775
0.972241
0.929097
0.944569
0.920624
1.05054
1.03489
0.971252
1.04343
1.22487
1.23811
0.918023
0.971876
0.850371
0.82212
1.03614
0.78835
1.05692
1.09965
0.987906
0.947803
1.1386
1.07734
0.890404
1.06655
1.04677
1.0373
1.07165
0.957239
0.974916
1.18188
0.887046
1.00239
0.971711
1.01075
1.07958
0.844636
0.94823
1.0132
0.970556
0.969842
1.04405
0.960724
0.962033
0.920994
0.896522
1.11311
1.06518
0.823261
0.911374
1.13032
0.962558
0.954982
0.978194
1.12683
1.01035
0.89123
0.924776
1.20147
1.00516
0.970836
1.23309
0.919932
1.1076
1.0923
0.914424
0.920835
0.996819
0.915815
1.07523
1.11812
1.07134
0.945811
0.932333
0.961956
1.06211
1.05116
1.06132
0.961243
1.20222
0.918965
0.943227
0.991552
1.06659
0.990346
1.1434
0.925739
1.05662
1.07521
0.986276
1.14902
0.930851
1.07668
0.926123
0.942726
0.893481
0.920878
1.22138
1.02941
1.05289
0.893736
0.952016
0.916438
0.952218
1.04887
0.978231
0.919165
1.04352
1.0094
0.968402
0.933084
0.958923
0.894709
0.991118
1.00303
1.2341
0.958325
0.941695
0.980542
0.974906
1.10137
1.01753
0.965042
1.11611
0.984152
1.1593
0.827836
1.03694
1.14038
1.05239
0.990656
0.784348
0.931162
1.02341
1.08052
1.08848
1.0325
0.950455
0.946498
1.02347
1.10842
1.05227
0.864535
1.09093
1.08491
1.10551
0.974219
1.09777
1.0061
0.814342
1.06252
0.935753
0.988909
1.01043
0.939766
1.14468
1.05694
1.234
1.00247
0.883556
0.898675
1.04249
1.05156
0.975541
0.774999
0.967023
0.914358
0.979848
1.12366
1.09688
1.16902
1.06092
0.980149
1.04027
0.946231
0.819978
1.09354
1.05404
1.00843
0.957682
1.15438
1.13798
1.18644
0.951583
1.04568
1.16915
0.808777
1.03609
0.868718
0.978863
0.90822
0.922592
0.934708
0.90352
1.02049
0.887467
1.05746
0.756192
1.03514
1.12492
0.940047
1.01859
1.07961
1.07501
0.955142
1.15799
0.939059
0.819891
1.09398
1.14954
0.870771
0.915452
1.36939
0.995994
1.00582
1.09412
1.07625
1.01061
0.968986
1.01717
0.956965
1.2655
0.937724
0.964826
0.934635
1.05417
0.83596
0.947816
1.16945
1.03916
0.923298
1.13776
0.9175
1.0509
1.12286
0.955487
1.00467
1.06007
1.10132
0.991352
1.12925
0.983521
1.05665
0.985341
1.00861
1.10029
1.02777
1.15671
0.96192
0.952217
1.06228
0.964296
0.967076
0.937404
1.01323
1.05205
0.946054
1.07548
0.966469
0.901676
0.734775
0.834122
0.944708
0.912442
0.917309
0.775535
1.00754
1.00162
0.850206
0.95776
1.04856
0.983917
0.831243
0.963961
0.815411
1.16043
1.00821
1.05881
0.842125
1.14079
0.927527
0.957015
1.06461
0.97314
0.876395
0.774722
0.863222
0.958691
1.01886
1.02262
0.970005
0.902417
0.970919
0.986055
0.964464
0.825729
0.876621
1.07878
1.09545
0.896926
0.965503
0.991978
1.1798
0.920314
0.877484
1.04294
1.01705
0.915211
0.990984
1.11608
1.12751
0.982862
0.986608
1.19913
0.922633
0.88664
0.964724
0.78704
1.05314
1.09074
1.11378
0.996598
0.971148
1.03518
0.967602
0.982494
0.892112
0.950624
0.973582
0.850286
1.20195
1.01578
0.871054
0.906691
1.00597
1.2148
1.02963
0.786511
0.968425
1.04635
0.996251
1.11085
1.02609
1.11695
1.00307
0.96308
1.09543
1.09935
1.13642
0.988641
0.974239
1.17302
0.93069
1.12048
0.874127
1.02129
0.988295
1.00981
1.0311
0.944918
1.08676
0.897709
0.949681
0.995009
0.901901
0.843767
0.982273
0.966416
0.862241
1.05177
0.967495
0.969002
0.940417
0.976236
1.01889
0.973367
1.04121
1.008
0.925294
1.01188
1.08761
1.1632
1.00053
1.03248
0.874283
1.1441
0.954658
1.07629
1.05643
0.882178
0.803268
0.784431
1.1088
0.969309
0.875268
1.10089
1.02023
0.922312
1.17413
1.03525
1.02593
1.11545
1.05953
0.924924
0.888004
0.979
1.20679
0.956617
1.02059
0.863519
0.994239
0.920231
1.06941
0.928859
1.21826
0.981209
1.20892
0.847797
1.13626
0.87803
0.844247
0.985805
0.946862
1.0883
0.954864
0.856899
1.06057
1.02746
0.93856
0.890477
0.988372
1.13698
1.03032
0.973584
0.954784
0.920424
0.925242
0.934559
0.832995
0.915998
1.04522
1.00979
1.25665
1.11223
0.93991
1.20631
0.820289
0.886455
1.05552
0.961104
1.20996
0.928735
1.1137
1.129
1.03669
0.922332
0.76349
1.08943
1.01174
1.08872
0.92475
0.934867
0.966223
1.02558
0.985121
0.963451
1.08614
1.03693
1.05954
1.10359
0.937143
0.994196
1.05887
1.04461
0.845683
0.923064
1.11347
1.16095
0.900342
0.88525
0.970118
1.06099
1.15671
0.925753
0.881408
0.794985
0.991723
0.965156
1.15497
1.0922
1.05654
0.878321
1.05046
1.06211
0.947494
0.813951
1.15096
0.975313
0.84662
0.964363
0.98407
1.10346
1.00785
0.974403
1.05028
0.935421
1.03148
1.09216
1.01697
0.998556
0.776341
1.05293
0.916957
1.09537
0.891077
1.04959
1.09359
0.909722
0.960766
0.888465
1.07919
1.12993
1.13901
0.999646
1.07288
1.00411
0.971689
1.05407
0.845665
0.968684
1.01033
0.953498
0.933366
0.994408
0.973528
0.994382
1.00393
0.980501
0.975646
0.951747
1.0949
1.04774
0.858276
1.10498
1.07366
1.05058
0.956834
1.00911
1.04974
1.03115
0.940689
0.911698
0.988973
1.03757
0.867491
1.0852
0.978052
1.10856
0.996538
1.09561
1.14192
1.16433
0.708034
1.31001
1.12094
0.914309
0.878152
1.10618
1.24645
1.0681
1.06532
1.08033
0.989195
0.944774
1.04304
1.08396
1.10006
1.04682
1.0098
1.11743
1.14065
1.03944
0.864701
1.03312
1.04208
1.04869
1.13024
1.1689
0.859363
1.1045
0.967923
0.80088
0.990359
0.92887
0.968114
1.09155
0.899562
1.07187
0.970341
1.23215
0.989298
1.06217
0.89277
0.968201
1.13674
0.836655
1.02969
0.972633
1.11575
0.952043
0.911418
1.11006
0.869638
0.928618
0.978873
0.839344
1.03743
0.967122
1.0676
0.994608
1.04321
0.810112
0.882161
0.943148
0.995322
0.962826
1.12712
0.949843
0.960701
1.05209
0.942457
1.02165
0.964503
1.02379
0.978197
0.859191
0.848804
0.985918
1.0464
0.961998
1.05019
0.982913
1.03987
0.955472
0.922439
0.969929
1.10358
0.999316
0.862344
0.948294
1.01575
1.0448
0.990842
1.09298
0.93788
1.05006
1.06139
0.922595
0.99087
1.09121
0.923013
1.12323
1.01965
0.927654
0.932059
1.01506
1.1665
0.941654
0.90419
1.08294
0.999933
0.798743
1.00089
0.903407
1.03182
0.988844
1.08906
0.901917
1.00965
0.966826
1.12801
0.889773
0.942413
1.04421
1.0759
0.984004
1.06966
1.18233
0.870029
0.960404
1.01074
1.07949
1.04135
0.907202
0.917656
1.19052
1.05331
0.905477
1.03155
1.01058
0.876819
1.05013
0.912735
1.12209
1.00236
1.09583
1.07363
0.947703
1.08539
0.961027
0.986658
1.1353
1.07795
0.907752
1.18029
0.835494
1.02744
0.883162
1.06314
0.997091
1.0875
0.907809
0.986942
1.13709
0.87284
0.948229
0.937358
1.1772
0.980916
1.10875
1.04094
0.940623
1.01296
1.111
0.96492
0.941145
1.05166
1.0037
1.02757
0.85769
0.831681
0.936703
1.0207
1.16358
0.873785
1.06891
1.02957
0.928505
0.97599
1.0558
0.827126
1.02034
1.08945
0.933728
1.0934
1.07072
0.926673
0.946953
0.797586
1.11552
0.854743
1.11464
0.990696
1.08612
0.98699
0.933033
0.884577
0.973889
1.12463
0.985387
1.00403
0.980027
0.860828
0.975182
0.845596
0.845984
0.953421
1.12501
0.999231
0.986759
0.998093
0.983837
0.882768
0.873409
1.00319
0.848482
0.95793
1.04156
1.07718
1.04343
0.915881
1.01662
1.08931
0.956504
0.991851
0.881504
1.01425
1.05806
0.86911
1.02811
1.06739
0.776254
1.00437
0.90339
0.913837
1.03174
0.965321
0.946695
0.887872
0.892113
1.11069
1.23834
0.974565
0.797502
0.995242
0.935345
0.962683
0.836125
0.9352
0.907994
0.986589
0.983123
1.1294
0.939008
0.963834
1.1753
0.853047
1.19621
1.0269
0.989847
0.941404
1.02945
0.892426
1.04764
1.02185
1.05119
0.962734
0.946377
1.03409
1.00292
1.05034
1.03093
1.11001
0.915148
0.94248
1.07802
1.05204
0.918163
0.88312
1.16211
1.1313
1.12131
1.0341
1.02025
1.07699
0.98217
1.02533
1.03716
1.07911
0.996768
0.918486
0.904061
1.03015
0.940366
1.02737
1.02207
1.08987
1.15523
0.932589
1.06764
0.990394
0.906995
0.91081
1.1496
0.788388
0.90798
0.951198
0.984733
0.952096
0.993388
1.06063
1.02488
0.895373
0.964001
0.969955
1.22389
0.887259
1.02504
0.832018
1.02639
0.962658
1.21283
0.997569
1.00834
1.05959
0.885598
0.805065
0.916259
0.762095
1.02685
1.06748
1.01259
1.01406
1.07213
1.17363
0.94055
1.07413
1.02522
1.05584
1.17354
0.966078
1.16319
0.895417
0.90498
1.26166
0.881754
0.759841
0.902878
1.02908
1.06
0.95429
1.00779
0.938922
1.11231
0.95798
1.26948
1.01593
1.06347
0.924972
1.04741
1.04112
1.09961
1.05101
1.23758
0.869235
1.13312
1.09099
0.977861
1.00798
1.15684
0.908781
1.07307
1.18155
1.03931
1.02358
0.87677
0.964118
0.963382
1.04684
0.90306
1.09682
0.958591
0.901035
0.987221
1.00679
1.14165
0.963848
0.99107
0.967396
0.941204
1.14515
1.11659
0.843495
0.877286
0.900011
1.09937
0.902712
1.03809
0.977107
0.987739
1.05986
0.985986
0.995093
1.03433
1.04626
1.00935
0.894082
1.09054
0.959957
1.05334
0.96585
1.03396
1.07984
1.06599
0.826569
0.978565
1.05507
0.919072
1.02252
1.03693
0.904617
0.825686
0.839112
0.993357
1.20251
1.03092
0.900131
1.12019
1.13892
1.19869
1.00328
1.15424
1.06924
0.94435
1.03968
1.13461
1.12513
1.06158
1.15646
1.19936
0.994549
1.06778
1.00695
1.12661
0.930852
0.998441
1.06238
0.888765
0.963995
1.02903
0.99256
1.00984
1.19318
0.972978
1.20769
1.08185
0.876022
0.862268
0.986355
0.966999
0.88885
1.11236
1.10262
1.005
0.829828
0.979288
0.915577
1.22254
1.00056
1.04955
1.05104
0.938866
1.17101
1.04284
0.923769
1.04872
1.01569
0.823597
1.03729
0.977196
0.929962
1.01223
0.938553
1.09177
1.0042
0.919463
0.909291
1.01247
0.941246
1.04894
0.939921
0.842735
0.862435
0.75069
0.807032
0.833681
0.95311
1.03748
1.10061
0.880543
1.02109
1.00902
1.00898
1.03105
1.01932
0.999879
1.06162
0.905021
1.02605
1.02733
1.13931
1.03608
1.15977
1.08477
1.05587
0.918266
0.975889
1.13301
0.874547
1.02773
1.21676
0.885537
1.03283
0.952133
1.10608
1.00661
0.860186
1.04792
1.07467
0.956187
0.976398
0.899348
1.04666
0.923912
0.96072
1.03585
1.01428
0.987756
1.19569
1.11325
1.16494
0.877255
1.05553
1.23572
1.00761
1.03193
0.965149
0.996951
0.860144
1.06655
1.09316
0.921755
1.0443
1.10688
1.07662
1.18028
1.17296
1.02175
0.991796
0.976491
0.858966
1.0237
1.03159
1.09616
0.807682
1.03923
1.05337
0.85425
0.933767
1.03813
0.937222
1.1254
0.925411
1.16269
0.835985
1.07089
0.99232
1.0601
1.00682
1.06707
1.11798
1.00366
0.952401
0.75272
0.866074
0.932991
0.830299
0.958915
0.801707
1.00958
0.906542
0.966175
1.07895
0.948972
1.12943
1.04543
0.846268
1.00205
1.22839
1.03838
0.947323
1.03846
1.15522
0.736728
1.35891
0.958167
0.753923
0.964932
0.951788
0.918483
1.03163
1.04457
1.06265
0.9257
1.00975
0.930459
1.12606
0.945392
1.02396
0.982349
0.904684
1.10583
0.855602
1.00203
1.21219
1.03397
0.93707
0.967477
0.811936
0.950689
0.836501
0.922711
0.981665
0.980879
0.878809
1.14056
0.945676
1.06572
1.00254
0.977386
1.09576
1.01726
1.15015
1.11133
1.03838
0.977353
1.13503
1.06185
1.08124
0.977393
0.935752
0.983638
1.12177
1.03265
1.02659
1.09487
0.858767
1.08114
0.854854
0.949734
0.89585
0.9033
1.047
0.906277
1.09373
1.04459
1.07305
0.940769
0.889418
1.05433
1.02672
0.852841
1.11051
1.06566
1.01014
1.01537
1.21127
1.20272
0.92116
0.86513
1.15319
1.09446
0.973311
1.0784
1.10202
1.19172
1.01893
1.05369
0.987682
0.920903
0.923628
0.956522
1.12109
1.2024
1.00655
0.887904
1.141
0.899773
1.20967
1.01757
1.1226
0.958928
0.981721
1.25845
1.11087
0.93863
1.0459
1.13487
1.08146
0.89642
1.08695
1.05584
0.979634
0.916764
0.785793
0.927001
0.985664
0.974837
1.03703
1.01562
1.07159
1.02267
0.778632
1.04374
1.08522
0.785578
1.0563
0.995727
0.926514
1.25037
0.989023
1.1568
0.885854
0.938883
0.862663
1.01829
1.09619
1.30857
0.984179
0.918587
0.971747
1.08105
1.04832
0.99331
0.991132
1.06632
1.02958
1.15033
0.902923
1.0466
0.850241
1.16037
0.813315
1.07723
1.08211
0.942166
1.09187
1.02358
0.948158
1.08235
1.0838
1.11053
0.934358
0.91123
0.924208
0.948645
0.966161
0.970121
1.00716
1.07149
0.92799
1.04866
1.12633
1.06976
1.02469
0.986453
0.941575
0.866321
1.01264
0.899188
0.941957
0.937204
1.01892
0.963792
0.981632
0.977603
0.967084
1.1508
0.985438
0.887318
1.11237
1.10049
0.979572
1.20475
0.951649
0.966732
0.806366
0.912547
0.982401
0.98551
1.05561
1.04052
0.927738
1.09222
1.04354
0.95981
1.19807
1.0643
0.846544
1.03949
1.10035
0.998817
1.12692
0.968446
1.09639
0.984664
1.07629
0.975201
0.881647
0.930035
1.0486
1.04727
1.01222
1.00621
0.97476
0.908421
1.01723
0.991126
0.955679
0.976956
0.977696
0.906908
0.983988
0.896943
1.04141
1.02878
0.898568
1.06765
1.13514
1.00564
0.852907
0.973535
0.965189
1.18311
1.03216
1.01258
1.02073
1.08426
0.8962
1.00774
1.15244
1.21645
1.17114
1.04402
0.912551
0.870075
1.05615
0.951362
0.97059
0.854581
1.02728
0.895184
0.850476
0.976849
0.960486
1.01783
0.947062
1.10807
1.03992
0.981172
1.1464
1.04681
1.07491
1.08214
0.996029
0.994671
1.07591
0.799637
0.777971
1.06079
0.888754
0.943431
0.821884
1.13996
1.01659
0.847219
0.904841
1.11502
1.00583
1.02464
0.983387
1.03818
1.02958
0.820664
1.03744
0.895826
0.847406
1.08497
0.878015
1.11797
0.948668
0.97525
0.927533
0.929601
0.965235
1.02015
0.910306
0.888932
1.07325
0.868465
0.922405
0.852555
0.950814
0.964355
1.04568
1.00671
1.09011
1.08884
0.840449
0.846563
1.05973
0.91144
0.876352
1.10687
0.93109
0.852402
0.882842
0.954987
0.931582
1.01419
0.993089
1.16694
0.893685
1.1136
0.924955
0.904606
1.05467
0.987105
0.949721
1.16464
0.97995
0.884007
0.971275
1.09503
1.05437
0.991596
1.08485
0.892806
1.05299
0.90397
0.950244
0.931374
0.834542
0.935279
1.07403
1.06394
1.02162
0.956901
0.893383
0.955933
0.874355
1.0199
0.95816
0.834849
0.974539
0.950335
1.08086
1.00142
0.981392
0.951302
0.795596
0.986853
1.01535
0.996897
0.935767
0.945284
0.918439
0.985856
0.991742
1.09311
1.18542
1.13627
1.13514
0.801231
0.939452
1.1009
1.14061
1.22551
0.968761
1.15457
1.01286
0.970558
0.894693
0.986639
1.03815
1.09296
0.906178
1.07113
1.00003
1.009
0.944504
1.03264
0.908338
0.919952
0.932301
0.905215
0.849974
0.939073
0.982523
1.03932
0.892392
1.02875
0.935219
1.03846
0.991629
1.18105
0.821873
1.01372
1.04821
1.06627
1.02022
1.04636
1.03542
1.0329
1.06512
1.06611
1.01136
0.886571
1.03646
0.935275
0.945068
0.893591
1.20121
0.979693
0.981507
0.872731
0.876652
1.06314
1.00304
0.901742
0.997611
0.957257
0.968006
0.867664
1.04301
0.966109
0.91904
1.06887
1.07867
0.998032
0.982503
0.974136
0.931344
0.959236
0.986898
0.924509
1.19006
1.02964
1.08267
0.930704
1.04348
0.89322
1.07127
1.13727
1.09706
1.15552
1.11932
0.947679
0.937053
1.20386
0.973245
1.03978
0.960032
1.03997
0.99276
0.944196
0.942546
0.998927
1.04851
1.13461
1.14429
1.04649
1.18656
1.05343
1.0424
0.892491
1.01907
0.907807
1.05664
0.934859
0.895993
0.918565
0.934708
1.11864
1.01905
0.803989
0.91981
0.843511
0.895691
0.883775
1.03044
0.913816
0.847455
0.877141
1.16604
0.993144
0.987625
0.986707
0.877429
0.932716
1.0383
0.906909
0.924642
0.992947
1.01991
1.16007
1.00071
1.10862
0.980073
1.01099
0.953047
1.08536
0.997779
1.03109
1.00352
0.973749
0.813016
0.943295
1.10785
0.89227
1.0058
1.10177
0.96912
0.947124
1.06508
0.965036
0.935276
1.15785
0.952546
0.952547
1.0216
0.959731
1.18983
0.988544
1.10734
0.810611
0.91615
0.979927
1.06891
1.04079
1.17574
1.17924
0.957973
1.09596
0.865354
0.971834
1.01487
1.0286
1.32081
0.853341
0.984778
1.05275
0.996541
1.12948
0.941106
1.06312
1.01596
1.09374
0.982737
0.993509
0.871744
0.945427
1.10237
1.16076
1.05514
1.01182
1.00404
0.898933
0.892342
1.00925
1.05823
1.15202
1.09823
1.15442
1.20065
0.947365
1.01999
1.08904
1.04063
0.87585
0.903207
1.13141
0.882298
0.949587
0.916252
0.938817
1.05185
0.869823
0.933878
1.04485
0.939447
0.891844
1.08536
1.04149
0.951061
0.725775
0.996259
1.08551
0.901721
1.12127
1.06037
1.01235
0.992618
1.15001
1.09291
1.04868
1.04492
0.984593
1.08623
0.888225
0.832167
0.928533
1.02504
0.829093
0.976869
0.932985
0.740005
1.03213
0.948735
1.12299
0.931487
1.14819
0.860977
0.955386
1.09705
0.97556
1.15855
1.02544
1.20314
1.03607
0.870056
1.04044
0.898883
0.95837
1.01636
0.896931
0.752889
1.02436
0.85893
1.12478
1.06017
1.13978
1.06488
1.05921
0.880446
1.20888
0.9622
0.928033
0.931509
0.968037
0.943895
1.00606
0.822409
1.05908
0.855374
0.936249
1.19292
0.973395
0.86849
1.09928
0.911422
1.10388
0.918836
1.17363
1.12367
0.948654
1.15201
1.08497
0.886141
0.98125
1.01168
0.792502
0.992894
1.08659
1.01299
0.994804
1.00445
0.920494
0.932577
0.864185
1.05009
0.906872
1.01492
1.04204
0.961507
0.96053
1.02591
1.03693
0.992246
1.24912
1.03311
0.920055
1.09209
1.03412
1.12865
0.982908
0.91373
1.05673
0.938358
0.724757
0.983691
0.873319
1.2179
0.873448
1.12231
1.07152
1.14526
0.948549
0.914741
1.13641
1.07753
0.995106
1.0459
0.928559
1.11002
0.976095
0.97014
0.851603
1.17888
0.986697
0.903874
0.871305
1.09233
1.02456
1.06911
1.1418
0.807214
1.10064
1.17432
1.00625
0.955817
1.01992
0.98995
0.930277
1.06113
0.941647
0.999179
0.842406
0.909187
0.897333
0.944525
0.924041
1.00194
0.876825
1.32171
0.883088
1.00173
0.854744
1.09476
0.879495
0.966506
1.08335
1.04434
1.06187
0.989605
0.865162
1.16289
1.04578
0.971694
0.886241
1.03719
1.06038
1.00741
0.932659
0.904591
0.958349
1.10877
0.958627
1.17856
1.00394
1.14035
0.823695
1.03386
1.10661
0.838658
1.10698
0.956678
1.13
1.11002
0.871343
1.168
1.11613
0.942606
1.16393
0.991988
0.955723
0.875615
1.00168
0.795086
0.960118
0.86931
1.11594
0.972929
0.969784
0.938594
1.00585
1.16705
1.19296
1.09018
1.04521
1.07555
1.02418
1.13044
1.14465
0.957695
0.998396
0.96909
0.97697
0.976709
1.16186
1.1144
1.05017
0.982134
1.11744
0.909408
0.966854
1.05704
0.966116
1.01016
0.980554
1.13342
0.915622
1.03658
0.971395
0.870711
0.916845
0.907987
0.839574
0.866279
1.15976
0.899649
0.98425
0.965647
0.981147
1.11181
1.21959
1.02063
1.03745
1.14167
0.883577
1.20815
0.930934
1.07956
0.934825
1.06538
0.916273
1.13729
1.02215
1.08339
0.916927
0.8557
1.08728
0.957011
0.904714
0.888245
1.02151
0.859034
0.89162
1.24037
1.13548
1.02096
1.03537
1.16187
1.21177
0.830925
1.05789
0.969365
0.999398
1.169
0.772782
0.957266
0.986281
0.964938
0.987357
0.980349
1.1743
1.01321
1.07599
1.11404
0.805084
1.09177
1.00229
0.790097
1.06259
1.07434
0.976868
0.889452
1.03201
0.918185
0.843691
0.834675
1.02062
0.999309
1.06474
1.08365
0.930807
1.05421
1.01321
1.07287
1.0288
0.893772
0.984861
0.861593
1.04524
1.08152
1.00502
1.04435
0.853489
1.0143
0.941533
1.37636
0.977516
0.831476
0.838908
1.04467
0.886401
1.05067
1.07808
1.12137
0.970765
1.16967
1.04192
1.26478
1.08468
0.850152
1.08614
1.08331
0.939002
0.978249
1.07581
0.929035
0.825878
1.10437
1.16184
1.02722
1.08726
0.968429
0.995518
1.08852
1.02768
0.786389
1.09947
0.876964
0.995095
0.994839
0.968277
0.955548
1.01792
0.989773
0.817723
0.996557
0.893795
1.16106
0.990418
0.886475
1.05109
0.980497
1.03946
0.930972
1.29503
0.923139
0.869308
1.01412
0.944033
0.84442
0.991175
1.10134
1.08572
0.94057
0.998374
1.16029
1.04465
1.04703
0.999
1.02104
1.05893
0.930082
1.05755
1.17655
1.11418
0.985511
0.964652
0.909721
1.00574
1.09373
1.00688
1.02274
1.10045
1.00697
1.08784
1.03624
1.05759
0.96163
1.07821
0.899298
1.11923
1.03668
1.10097
1.06683
0.938505
0.886104
0.83922
1.08351
0.84148
1.01139
0.964243
0.855442
1.17972
1.1439
0.944585
0.964301
1.11514
1.00009
1.04148
0.97815
0.78609
1.07058
0.977252
0.888901
0.938519
0.978878
1.14984
1.00874
1.00423
0.955491
1.21786
0.986279
0.96047
0.954611
0.93224
0.889327
0.952108
1.00684
0.891205
0.908583
1.15552
1.0061
1.06868
1.06922
0.976493
0.873253
0.929806
1.14022
0.983217
1.17533
1.2115
1.12251
1.03561
1.05651
0.945482
1.01774
0.900679
0.970188
1.08582
0.973922
1.09753
0.909968
0.873755
1.04248
1.04186
1.01016
0.824217
0.801574
0.955148
0.804926
0.959347
1.0886
0.997488
1.14796
1.02533
1.01126
0.901377
1.06243
1.0021
1.05906
0.97537
1.03198
0.906054
1.02792
1.03797
0.999122
1.10812
0.93194
0.986101
0.880499
1.04138
1.11634
0.917022
1.00492
0.985175
0.900963
0.942707
1.05491
0.995119
0.966726
0.857995
0.950302
1.2017
1.03629
1.04123
1.07866
0.885767
1.07045
0.975895
1.00093
1.01271
1.04836
1.05312
1.00493
1.01954
1.04295
0.979485
0.993947
1.0388
1.19199
1.07546
1.03904
0.942974
0.872038
0.921746
0.937119
1.1538
0.860657
0.99677
0.959979
0.901884
0.988392
1.06917
0.954263
0.949168
1.19
0.947603
1.03425
0.820777
0.994209
1.00033
0.947696
1.07253
1.04469
0.978405
1.12481
0.980559
0.911622
0.947198
0.90035
1.02125
0.914918
0.940198
0.962807
1.1247
1.12122
0.923019
0.894747
1.02127
1.1054
0.970069
0.970704
1.07754
0.927037
0.959262
0.913093
1.02727
0.927567
1.08012
0.911592
1.09215
1.0221
1.03934
1.03933
0.925987
1.05518
1.04145
1.03009
0.893285
0.999378
0.985505
1.17933
0.906374
0.865315
0.965865
0.974554
0.966353
1.01666
1.21136
0.892218
0.926645
0.90234
0.967833
0.971407
0.966669
0.984358
1.00476
1.01028
0.835401
1.11147
1.00161
0.934813
1.02806
0.883552
1.13984
0.882454
1.1138
0.896086
1.10318
0.819697
0.774585
0.92739
1.01963
0.925263
1.00512
1.01541
0.9311
0.884965
0.886063
0.843823
1.03127
1.13337
0.875952
0.948442
0.777538
1.11264
0.940874
1.06236
1.00998
1.04363
1.10976
1.04618
0.938352
0.844747
1.07232
0.888424
1.04046
1.09182
0.926579
1.0578
1.07026
1.03508
0.968828
1.10975
0.996867
0.927539
1.09774
1.00465
1.06084
1.06296
1.13455
0.926151
0.967678
0.857278
0.93092
0.918371
0.928364
0.992839
1.13685
0.975833
0.854329
1.03755
1.07479
1.06347
0.942625
0.919849
0.98153
0.974934
0.984481
0.852644
1.25534
1.0744
1.04943
0.968901
0.864301
1.12023
1.03098
1.05954
1.1064
0.987642
0.980745
0.921921
1.0597
0.968826
1.21453
1.00096
1.05691
1.14934
1.0102
0.964856
0.955723
1.04834
0.963169
0.997702
0.959432
0.870788
0.923627
0.934237
0.884439
0.935648
1.0314
0.95628
0.993856
1.00467
0.925671
0.963312
0.875421
1.01969
1.1483
0.949842
0.967153
0.893586
0.785843
0.970218
1.11856
1.09152
0.942431
0.999697
0.978061
0.917067
0.940862
0.96315
1.05447
1.03877
0.93041
0.950526
0.895026
0.989421
0.913853
1.00268
1.0316
0.93652
0.895386
1.02754
0.965176
0.962901
1.18178
1.05438
1.03554
1.15295
1.01671
0.924932
0.985112
0.992769
0.959177
0.934074
1.20437
1.16082
0.988041
1.0176
1.16603
0.851312
0.854044
0.881571
1.06743
0.823749
1.00742
1.09136
1.04925
0.989744
1.01354
1.04245
0.972673
0.967562
0.857846
1.15853
0.907507
1.26945
1.01677
0.892522
0.930434
0.982051
0.998144
0.92211
0.990773
1.14089
0.890044
1.05349
0.906571
1.13562
1.05856
0.95529
1.05956
0.97543
0.97081
1.05461
1.06652
1.02019
1.14022
0.834878
1.14417
1.05152
0.870284
0.961132
0.958837
1.20527
1.20842
0.840868
1.0026
0.801641
0.889424
0.940472
0.921453
0.976043
1.05902
1.03236
1.04803
0.933027
1.04902
0.955826
0.912281
1.24203
1.03695
1.07777
1.03715
1.01014
1.11844
1.05581
1.14457
1.10212
1.05465
1.00351
0.92544
0.903866
1.05339
1.07597
0.956523
1.03285
0.971592
0.970977
1.13689
1.02512
1.02969
0.799064
1.05181
1.17406
1.01467
0.912935
0.986166
1.05064
0.845816
0.884494
1.23067
0.962149
0.98781
1.04514
0.881558
0.999074
1.11328
0.983718
0.886961
1.09836
1.21898
0.820136
1.06457
1.03425
1.08083
1.04358
0.888715
0.921406
0.900431
0.887186
0.869794
0.995918
1.17163
1.01944
0.900249
1.13396
1.20046
1.11905
1.10368
0.99595
1.00325
0.952913
0.98853
0.984998
1.05807
1.14331
1.02754
0.977629
0.910377
1.11147
0.887222
0.969253
0.964414
1.01523
0.988498
0.961881
0.879563
1.00829
0.95972
1.06824
1.10575
1.04172
1.10109
0.931939
0.812845
1.14189
0.944655
1.09776
1.09634
0.839009
0.964856
0.939941
0.926776
1.07989
1.02962
1.0048
1.05819
0.939056
0.906701
0.766951
1.01146
1.13741
1.1362
0.935823
1.06555
1.05594
1.09494
0.879589
1.06819
0.990708
0.97152
1.0143
1.151
0.94819
1.16062
0.923046
0.941311
0.975805
1.13795
0.975957
0.978796
1.23341
0.948168
0.991053
1.03481
1.14644
0.872291
1.10572
1.03672
1.05326
1.14887
0.901459
1.13398
1.06409
0.919957
0.803993
0.905043
1.0177
0.917249
0.980699
0.91842
1.00704
1.21091
1.10319
0.939506
0.903975
0.991626
0.900183
1.12689
0.991933
0.959581
1.1434
0.959336
0.862071
0.942998
0.909226
1.33514
1.1967
0.913154
0.963171
1.00674
0.894687
1.0625
0.94624
0.806583
0.958706
1.05069
0.987113
0.932485
0.891043
0.745448
0.768816
1.0872
1.08971
0.989332
0.886188
0.810477
1.18247
0.935266
0.999571
1.02044
0.959346
0.829658
1.06988
0.998786
0.957767
0.935692
1.10703
1.10556
1.00593
1.15007
1.08717
0.945084
0.907631
0.949613
0.83016
1.07106
0.948182
1.04237
0.899449
1.18464
0.958532
0.888287
1.18873
1.03118
0.76593
1.1411
1.10113
0.955448
0.97218
0.907237
0.887311
0.948116
1.02365
0.859797
0.879865
0.861086
0.919175
0.950829
0.834803
1.04537
0.940333
0.961787
0.997618
0.908387
0.984677
0.791172
0.855316
1.10264
1.01139
0.921957
0.952497
0.980486
0.993679
1.01791
0.879539
0.932045
0.866377
1.0329
0.90618
1.03765
1.05944
1.04064
1.00336
1.03742
0.770859
1.02539
0.886874
1.03365
1.15663
1.02505
0.828588
1.06457
0.756126
1.29209
1.07326
1.11313
1.10823
1.00593
0.96519
1.11569
1.02899
1.17184
0.923789
1.00564
1.01422
0.94722
0.932154
0.942955
1.10345
0.975623
0.968529
1.0706
0.886396
1.07429
0.956759
1.08199
0.94393
1.03181
1.04574
0.969726
1.0299
1.09729
1.16158
1.11087
0.925981
1.05912
1.03523
1.01601
1.03111
0.989745
0.96858
0.935383
1.11105
1.10796
1.02433
1.02303
1.04889
1.17043
0.84364
0.915835
1.07649
1.22376
1.14629
1.08021
1.22184
1.11683
0.963926
0.937894
0.936304
0.935534
1.05562
1.184
1.00857
0.972325
1.02898
1.15678
1.01618
1.04146
0.947761
1.07948
0.921211
0.906904
0.971993
1.07227
1.19732
1.17836
1.01873
0.904354
1.07941
0.927473
0.911165
0.894591
0.984741
1.00081
1.15754
1.19961
1.12584
1.14857
0.728537
1.01235
1.09402
0.863008
0.885326
0.960691
1.11821
0.94391
1.00722
1.14255
0.993282
0.92999
0.959263
0.948018
0.993378
1.02398
0.94566
0.977187
1.01458
0.898785
1.22505
1.04078
0.911853
1.04782
1.06538
0.952852
0.956826
0.904721
1.0119
0.91632
1.01343
1.09786
1.0252
0.815545
0.860165
0.976322
1.00311
1.07031
1.00887
0.911549
0.977907
1.12222
0.890907
1.10085
1.16606
1.05136
1.00968
0.891566
1.03046
0.996212
1.14545
0.99705
1.00138
0.951886
0.904383
1.0556
0.991194
1.04827
1.02072
1.01215
1.07228
1.26763
1.03167
1.09662
1.0138
1.14571
0.992526
0.997887
0.875954
0.938366
1.08906
0.838346
1.05105
0.916133
0.999032
1.084
1.03383
1.10803
0.976726
0.910286
0.997265
1.08921
0.987988
0.931408
1.04856
0.8633
1.16629
0.964326
1.16139
1.15482
0.904097
0.82859
1.12854
1.21852
0.946004
1.02241
0.866062
1.24225
1.08912
0.828467
0.990262
1.00684
0.927667
0.983435
0.951394
0.874147
1.08937
1.06148
1.11201
0.909168
0.897635
1.16446
0.953702
0.935296
1.13702
0.910223
1.06722
1.21126
0.969405
0.98201
0.856686
1.05597
0.939069
0.957095
1.04813
0.880269
1.08129
1.03918
0.851412
0.975929
1.07668
0.960752
0.929668
1.03564
0.907332
0.71667
0.880711
1.17976
0.968472
0.82119
1.00602
0.865436
0.95842
0.99868
0.981967
1.04752
0.981153
0.876485
0.995879
1.17943
0.942757
1.04403
0.992489
1.10473
0.943956
1.35044
1.04364
1.01421
0.821813
1.01917
0.865398
1.00581
0.940372
1.00615
0.952915
0.933574
1.21342
0.901031
0.900999
1.00633
0.939153
0.983277
1.21478
0.928971
0.997159
1.09419
0.929559
0.944953
0.980739
1.11309
1.03842
0.957349
0.992235
0.850627
0.978311
0.812084
1.11767
1.02888
1.00572
1.12806
0.906238
1.0281
0.928151
0.981772
1.08045
0.885651
0.903235
1.05319
0.878597
1.05227
0.894877
0.961419
0.903331
1.10101
0.79583
1.15379
0.942998
1.16128
1.125
0.836601
0.927239
0.965163
1.04365
1.11747
0.932394
0.884454
1.09883
0.824731
0.969126
0.988037
1.08521
0.875305
0.979981
0.990056
1.03783
0.926058
1.03898
0.917552
0.954175
1.076
0.954267
0.867002
1.05142
0.932612
1.04963
0.931877
1.12845
1.24271
1.00975
0.909959
0.984825
0.928795
0.795918
1.15742
0.922113
1.00586
1.00771
0.899325
0.81049
1.09416
1.01589
0.86858
0.951121
1.03091
0.863645
1.03583
1.19179
0.87073
1.15612
0.926853
0.990682
1.0001
1.00442
1.07569
1.04195
1.01192
0.821097
1.06021
0.865272
0.949089
1.14822
1.07316
0.986956
0.884018
0.937769
1.0708
0.830325
1.19701
0.940804
1.05132
0.947836
1.12249
0.945359
0.884976
1.04537
1.03394
1.03782
1.11227
1.10042
0.981391
0.937495
0.894913
0.875371
1.06288
0.844411
1.11486
0.997812
0.894234
1.10781
1.03367
0.980491
0.893142
1.00256
0.93493
0.962328
0.978516
1.05264
1.04603
1.113
1.01307
0.931447
0.943278
0.855979
1.0148
1.08903
1.00499
0.964523
1.00079
0.957341
0.898331
0.999589
0.935101
0.974868
1.0192
0.977212
0.992136
1.12922
0.892002
0.944581
0.827176
1.00264
1.0862
0.913138
1.05036
0.92752
1.10584
1.14578
1.11186
0.954161
0.879291
0.864774
1.04786
1.04031
1.05146
0.945714
1.07718
1.17852
1.04456
1.07902
0.897785
1.03757
0.900185
1.06378
1.06402
1.18485
1.12601
1.04749
1.06069
1.18302
1.19717
1.08723
1.09262
0.961777
1.09997
0.816829
1.08484
0.984271
1.07616
1.01852
1.01513
1.0331
1.03775
1.16002
1.20378
1.21889
1.06486
1.00485
0.95359
1.00906
0.866289
0.889208
0.777608
1.03273
1.01019
0.926883
0.908086
0.994924
0.932988
0.93731
0.911396
1.00267
0.937099
1.04275
0.89226
0.852508
1.03783
0.889726
0.945103
1.02669
1.20454
0.906554
1.13796
0.909815
0.893006
0.8735
0.948624
0.897292
0.860731
0.932968
0.968925
0.9987
1.2988
1.04654
1.13297
1.09584
0.984903
0.886143
1.00948
0.947564
1.03495
1.05968
0.970585
1.0532
1.02738
1.12441
1.12266
1.04205
1.02356
1.05261
0.949542
1.07303
0.985675
0.998931
0.902989
0.816499
0.944214
1.08462
1.10801
1.09471
1.08615
1.07306
1.05173
1.07003
0.985421
1.18233
1.0269
1.00835
0.836397
1.00048
1.02155
1.24739
1.03618
1.0131
1.11877
1.04027
0.997919
0.866233
1.05397
1.01402
0.988498
1.18283
0.938058
0.951024
0.895298
0.915772
0.86934
0.921956
0.907312
0.815216
1.20104
1.0757
0.951194
1.04485
1.01008
1.11905
0.972245
0.964183
0.984609
1.02887
1.02004
1.06674
0.865614
0.952161
0.842469
0.987374
0.963488
0.909785
1.10842
1.06634
0.878323
1.05688
0.84197
1.08997
0.97083
1.02914
0.924679
1.02836
0.892504
1.06191
1.10295
0.758481
1.06404
0.896371
1.04785
1.18836
1.11919
0.993894
0.959196
1.23244
0.93327
0.989367
0.892056
0.859206
0.7862
0.970841
0.950114
0.92253
1.07326
1.10968
0.934984
1.00125
1.02925
0.884324
1.12344
1.02324
0.911778
0.972474
0.876015
0.946103
0.95138
1.21888
1.0134
0.926561
0.973018
1.10559
1.09414
0.698383
1.12796
1.03691
1.08012
0.930021
0.95185
1.02821
1.05329
1.0386
0.929022
0.880586
1.09771
1.09964
1.02618
1.05366
1.00729
1.11817
1.22245
1.11214
0.95876
0.968201
1.12433
1.00591
1.03328
1.0911
0.91217
1.08319
0.902001
0.904494
1.07735
1.17089
1.03124
1.05311
1.02921
1.10887
0.816892
1.33075
0.896951
1.00816
0.949377
0.931526
1.18066
1.09528
0.841658
0.941919
1.21981
1.14699
1.17547
1.09212
0.934756
0.963883
1.0423
1.04676
0.923713
0.902064
1.05475
0.916914
0.969605
0.928987
1.05132
0.864164
0.958207
0.92615
0.95907
1.11133
0.89224
0.896377
1.17086
0.996992
1.10108
1.07987
0.837366
0.952104
1.06239
0.986427
1.24974
0.934338
0.803764
0.908525
0.844266
1.17658
1.04432
1.17137
1.02384
1.16927
0.990648
0.998495
0.975715
0.958037
0.974902
0.831531
0.83241
0.930566
0.90276
0.847608
0.89792
1.17099
1.11473
1.12053
1.08297
0.843365
0.941914
0.871624
1.10855
1.03043
0.920452
1.10085
0.999067
0.999466
0.875375
0.895524
0.813082
0.931442
0.928327
0.795643
0.945475
0.910434
1.00176
0.997117
1.16001
0.75386
0.981489
1.0776
0.933645
1.16107
1.00578
1.06463
0.928621
1.16967
1.2879
1.10494
0.980997
1.06199
1.04747
1.13701
1.00793
1.07913
0.924019
0.940134
1.07308
1.1247
1.10069
1.12053
1.00051
0.72555
0.928694
0.892389
1.10988
1.11208
1.0222
1.15291
0.956953
0.925398
0.894011
1.00964
0.886899
0.877195
0.956423
1.12878
0.914695
1.09575
0.904214
0.824219
1.02129
0.876282
1.00805
1.04493
0.945032
0.847307
1.03277
1.02172
0.939271
0.999326
0.95136
0.98466
0.820713
1.08812
0.875992
1.12869
0.927407
0.906196
0.960896
0.856893
1.18136
1.16257
1.02648
0.958016
1.05388
1.02621
0.888233
1.122
0.978901
0.9646
1.11227
1.04027
0.880117
0.965847
0.982283
1.10402
0.944721
0.820689
1.158
0.954125
0.935723
0.966257
0.862026
1.20591
0.959976
0.966405
1.01148
0.944981
0.854521
0.925276
1.03999
0.926586
0.949973
1.01858
1.22903
1.08457
0.984664
1.02359
0.938456
0.988042
0.905625
1.05549
1.04336
0.850819
0.978694
0.946003
0.918903
1.0666
1.03914
1.01911
1.06121
1.08108
1.12404
1.05367
1.07624
1.03172
1.01476
0.995098
1.17938
0.91594
1.11812
1.19132
0.844063
1.07948
0.833534
0.955756
0.947994
0.913734
0.983462
0.928565
0.989507
0.898472
0.953583
0.891642
0.933944
0.980191
1.2788
1.08643
0.973763
1.00203
1.19865
1.00795
1.0446
1.04872
1.00788
0.894974
0.949751
1.19043
0.948388
0.887292
0.996887
0.972398
0.87236
1.03695
0.961171
0.845409
0.895761
0.913385
0.985601
0.999381
0.918332
0.904128
1.31808
0.888815
0.940053
0.835068
0.980026
1.09628
0.870549
0.915808
1.11297
0.897458
1.17633
0.931758
0.932092
0.996632
0.915681
0.875488
0.798707
1.04928
0.889843
0.805902
0.98172
1.05105
0.887845
0.908075
1.07926
1.00236
0.996872
0.851511
0.879423
1.04092
0.876865
0.874181
0.925298
0.887751
0.820241
0.875343
1.07473
0.999007
0.998849
1.20251
1.05306
0.927189
0.99955
0.923575
1.09117
1.12244
0.897293
0.819901
1.11658
0.953924
0.993428
1.08466
1.33241
0.936037
0.997861
1.03839
1.10107
0.979213
0.963246
1.03108
0.74248
0.962996
1.09373
0.907103
1.01754
0.883376
1.02457
1.00965
0.945533
1.02337
1.14353
1.06468
0.94377
0.922233
0.988168
1.0517
0.916321
0.938698
0.960543
1.04379
1.13258
0.976463
0.820318
1.14229
1.0183
0.84409
1.00909
0.854645
0.961858
0.910489
1.1998
0.99332
1.03289
1.0044
0.970712
1.07171
0.977558
0.855495
0.875945
1.03783
0.820777
1.1748
0.983032
1.13454
0.91065
1.15683
0.676303
1.21228
1.1106
1.17369
1.02715
0.994233
1.06664
1.0965
1.00895
0.91385
1.03223
1.08719
1.13564
1.03909
1.03889
0.841135
0.920615
1.09288
0.836777
0.831089
1.14773
1.16903
1.00293
1.07585
0.968748
0.972763
1.08711
0.941445
1.07658
1.05081
1.07465
0.923097
0.987686
0.989545
1.17539
0.921421
0.889139
1.02988
1.14432
0.8629
0.857795
0.9084
1.08093
1.04453
1.1333
1.02741
0.956384
1.0786
0.973111
0.854707
1.12153
0.914032
0.955195
1.05618
0.972515
0.999905
1.06267
0.916318
0.923951
0.975793
1.03682
0.836714
0.811733
1.22894
0.916776
0.963664
1.02663
0.801103
0.955537
0.988024
1.06708
0.936041
0.875928
0.777834
1.07348
0.896902
0.837146
0.993214
0.952418
0.959063
0.970193
1.05267
1.07196
1.07107
0.929293
0.926464
1.03477
0.897168
0.999562
1.03952
0.912482
0.887175
1.01247
1.00829
1.01481
0.890408
0.877811
0.982794
1.14945
0.934154
1.01718
1.09158
1.02231
0.993118
0.93402
1.0363
1.1578
0.881068
1.08248
1.11456
0.990096
1.09152
1.01499
0.977421
0.896991
0.900575
1.12233
0.961754
0.981449
1.05311
0.954732
1.05645
1.0188
0.970343
0.997159
0.830569
0.877745
1.10471
0.994166
1.13271
1.08726
1.21247
1.00999
0.99024
0.970259
1.11362
1.05011
1.03438
1.08367
0.960338
0.800772
1.03147
1.07805
1.09115
0.910898
1.25228
1.06146
0.906754
1.06514
1.05346
0.98931
1.03614
0.829909
1.05797
0.930746
1.04156
1.17278
1.05948
0.987758
0.94426
0.896642
0.866046
0.893391
1.09577
1.07924
1.03933
0.991935
0.988261
0.981277
0.923482
1.0092
0.980986
0.904362
0.991456
0.985501
0.960892
0.930119
1.0953
1.03455
0.973704
0.958625
0.983493
0.858783
1.00948
1.06056
0.958196
0.97466
1.07255
0.903304
0.977935
1.0888
0.954507
0.967307
0.973679
1.04541
0.864845
0.748762
0.957208
0.86546
1.04979
0.995733
1.01334
1.08981
0.859137
0.973467
0.996368
0.949337
0.76104
0.896233
1.03653
0.805284
0.99732
0.917503
0.869672
0.880702
1.04523
1.04401
0.797659
1.05401
0.991229
1.04568
1.06933
0.962923
0.928784
0.898215
0.883502
0.972406
0.862574
1.0892
0.871103
1.07477
1.08114
0.989652
0.822507
0.923944
1.15842
0.941525
0.74637
1.05718
1.10707
1.01253
1.10414
0.993441
1.00256
1.06584
1.00662
0.904916
0.956166
1.16037
1.12435
1.00629
1.07482
1.15978
0.861632
1.24265
0.928758
1.0738
0.947555
1.16135
1.03067
0.918871
1.05679
1.04558
0.899332
0.956129
1.005
0.853007
1.17682
0.822694
1.14058
0.814167
0.90236
0.921599
0.92997
1.04413
0.893799
1.05315
0.936409
0.830354
0.935992
0.973617
0.992238
0.953612
0.787414
0.931513
1.07088
1.13839
0.874325
0.84612
0.878474
0.916324
1.05668
1.0528
0.797239
0.975221
0.998404
0.965089
0.951515
0.998348
0.943198
1.0058
0.886023
1.01584
1.10676
0.991071
0.898735
0.945701
0.993658
0.857042
1.10654
1.00181
1.1287
0.912805
0.901326
0.920248
0.91225
1.02123
0.954889
1.12211
1.24462
0.947187
1.0129
1.21722
1.02247
0.841107
0.962723
1.09161
1.04951
0.817351
1.03664
1.17102
0.953144
1.08748
0.963141
1.11287
1.12244
1.09907
0.842971
1.01008
0.930016
1.00794
0.977289
0.985865
1.00107
0.952215
0.99135
0.980929
0.904613
0.81685
0.895261
0.921321
1.01555
1.01865
0.965738
0.975193
0.942128
1.06163
1.04991
1.05309
0.953478
1.10477
1.11866
1.04676
0.962936
1.01457
1.12712
0.978367
0.976079
0.979396
0.961873
1.05104
1.04479
0.951554
1.03002
0.918193
0.946613
0.964969
0.99887
1.09211
1.01653
0.998097
0.922025
1.0392
0.877827
0.968564
1.15762
0.87181
0.896002
1.03936
0.926472
0.932052
0.923359
0.969397
1.09776
0.994834
0.97729
0.911086
1.0429
0.80681
0.905534
1.03448
1.0065
0.831464
1.05085
1.02115
0.873318
1.01994
0.901946
0.881583
0.928157
1.03669
0.997757
1.02019
1.07673
0.935489
0.963901
0.896907
1.01912
0.962195
0.817856
1.11341
1.00897
1.02329
0.933656
0.934527
0.975809
0.919293
1.06476
1.09688
0.778627
1.08579
0.956615
0.975979
1.09766
1.07328
0.938773
1.09074
1.02507
1.03862
0.943132
1.01301
0.862107
1.02768
1.01248
1.13576
1.05505
0.981655
0.954753
1.06288
0.926027
0.871461
0.870821
0.999214
1.15355
0.984365
0.98014
1.05193
1.25643
0.887489
1.01589
1.02434
1.04214
0.871569
0.98179
0.886153
1.00666
1.19305
1.07575
0.981792
1.07399
0.906871
0.935299
1.10638
1.03605
0.992761
0.935416
1.07593
1.05939
1.00159
0.947655
1.03792
1.07294
0.831688
1.25322
0.808004
1.08797
1.05741
1.09591
1.0396
0.939018
0.903418
1.01568
1.09354
0.81788
0.995075
0.935333
1.16708
1.07694
0.948299
0.999669
0.953452
1.02152
1.07443
0.988412
0.978209
1.14947
0.854792
0.966991
0.987582
0.954492
1.05788
0.9073
0.855565
1.04796
0.924656
0.903742
0.9353
1.23435
0.985188
1.07521
1.22245
0.997942
1.26395
1.08094
0.96266
1.02697
0.8789
1.05121
1.13391
0.983088
0.999539
1.00086
0.88965
1.18056
1.01908
0.91919
0.761466
0.917121
0.960644
1.20906
1.13244
1.1649
1.06091
1.12616
0.995888
0.930211
0.943548
1.01391
1.02784
1.08215
1.03653
0.849368
1.00011
1.10942
0.774159
0.998512
1.12285
0.873498
1.05167
1.00057
0.862374
1.08088
0.991633
1.01631
1.02943
0.908842
0.903143
0.886298
0.933776
1.02535
1.04081
0.93402
1.00937
1.03831
1.06773
1.05178
1.00469
0.853367
0.826794
1.25797
1.05054
1.08275
1.04658
1.18599
0.892853
0.939114
1.04479
0.83691
1.15974
1.12355
0.829894
0.971622
1.13286
1.1065
0.97407
1.09377
1.04834
0.895346
1.00315
1.00444
1.13948
0.958873
1.10197
1.05399
1.09612
1.23516
1.00197
0.931313
0.898429
0.980917
0.916751
0.962846
0.939798
1.01644
1.09158
0.933333
1.10963
0.957888
0.94756
0.835247
0.88198
0.972435
1.10921
0.963535
1.03688
0.976527
1.23811
0.934858
1.02067
1.06248
0.987614
0.843963
1.06243
1.12862
1.01777
0.961477
0.993434
0.906531
1.06937
1.00882
0.956363
1.00259
1.16688
1.14272
1.16633
1.06616
0.909699
0.897901
1.11901
0.972702
1.00643
1.05446
1.04699
0.953279
1.00621
1.06334
1.19477
0.97212
0.855937
1.03086
0.785643
1.22711
0.956902
1.01611
1.00002
1.12622
0.820815
1.10756
0.883217
0.958553
0.963058
0.847374
1.05975
0.958645
1.03741
1.04198
1.03845
1.01442
1.00563
1.0991
1.15434
0.972673
1.02708
1.04857
1.13474
1.05388
1.22742
1.1122
1.02681
1.07743
1.04138
0.917771
1.12772
0.930868
0.866067
0.957276
0.936586
0.979239
1.05516
1.00631
1.16312
0.954909
0.917735
0.847997
1.16645
0.96291
0.909717
0.94131
0.954524
1.22413
0.956735
0.955211
1.00285
1.05067
0.881294
0.967212
1.03709
0.93481
1.05862
0.906731
1.32139
1.11659
1.04072
0.710163
1.12405
0.93865
1.02592
1.0324
0.982849
1.04278
1.03321
1.02873
0.871847
0.852052
1.03
0.893114
1.01164
1.10241
1.05804
1.1874
0.859462
0.971261
0.998311
1.00377
0.927332
0.94933
0.948456
1.00156
1.06908
0.940243
1.06783
1.03636
1.0735
1.05204
1.09951
0.974935
0.945919
1.03704
0.997053
0.95862
1.09502
1.07538
0.882167
0.9933
0.91863
0.915928
0.893857
1.07301
1.10949
1.02874
0.940472
1.05244
0.998456
0.867501
0.872778
0.966747
1.00555
1.08947
0.977269
0.971545
1.10989
1.242
0.952664
0.964233
1.03801
1.03927
1.04161
1.00795
0.821909
0.992382
1.01526
1.1466
1.09548
1.05007
0.951079
0.818726
0.949666
0.946903
1.03764
1.045
1.14567
0.918457
0.99627
1.04326
1.05007
0.952361
0.922982
0.976187
0.951676
1.09614
1.0101
0.949859
0.848291
1.03247
0.905328
0.908479
1.01188
1.02747
0.999683
0.977926
1.08997
0.946604
1.11489
0.947984
1.1374
0.917643
1.09219
0.958112
0.974495
1.10518
1.05075
1.02697
1.1056
0.962944
0.877259
0.981514
1.00781
1.12653
1.02494
1.0207
1.06496
1.02013
0.953806
0.96362
0.91716
1.07968
0.961445
0.990269
0.97089
0.922649
0.874113
0.905064
0.934526
1.11207
0.774396
0.904955
0.925837
1.14335
1.17277
1.04353
1.13224
1.04343
0.953272
1.02386
1.09248
0.886982
1.02923
0.86244
0.994603
1.2135
0.975018
1.0162
0.992476
0.875754
1.01531
1.08951
0.831034
1.02092
0.931935
1.09216
0.979209
0.805513
1.08912
1.0809
1.03421
1.1082
0.980359
0.940851
0.988195
0.968695
0.994697
1.00565
1.04002
0.909373
1.0702
0.921027
0.950446
0.969915
0.955299
1.19771
1.21849
1.10292
1.06468
0.80088
1.06056
0.90174
0.914975
1.03505
0.934744
0.970593
1.05049
1.0707
1.04296
1.032
1.11198
1.09996
1.04579
0.968243
1.19909
1.15662
1.0498
0.841505
1.08852
1.05674
1.04519
0.907717
0.974449
1.08397
1.11251
1.0537
1.09672
0.933404
0.953194
1.02458
0.913906
1.06919
0.970427
1.13614
0.881614
0.867428
1.02863
1.0109
1.03894
1.00672
1.06255
0.987271
0.958837
0.938401
1.10117
1.04083
1.07481
0.831629
0.964762
1.13005
1.02731
1.08482
1.02068
0.905624
0.973813
1.02208
1.04184
0.946715
1.03604
0.969966
1.07209
0.897767
0.981392
0.991972
0.951187
0.994177
0.9661
0.905241
1.01969
0.958702
0.95846
1.0216
1.19438
0.92765
1.01018
0.946544
1.01591
0.946809
1.14833
1.15966
0.978407
0.923488
1.11224
1.17755
0.950766
0.986038
0.960117
0.981906
1.09602
1.05661
1.03279
1.16673
1.04973
0.894052
0.816107
0.896091
0.899322
1.01866
1.14393
0.875409
0.945555
0.795424
0.800848
0.999659
0.95585
0.959413
0.978515
1.01274
1.15215
0.910591
1.0794
1.25753
1.05145
1.12855
0.896342
1.07527
0.930871
1.00856
1.13479
0.957778
1.00588
0.942517
0.873698
1.01615
0.862257
1.27031
1.04591
0.80998
1.16183
1.03946
0.96275
0.991863
1.01338
0.928279
1.05909
0.963351
1.04381
0.969349
1.09251
1.04311
0.88713
0.975003
0.915186
1.06357
1.11505
0.962351
1.10423
0.974208
1.16078
0.813431
0.883115
0.861666
1.0361
0.979505
0.95917
0.954009
0.98016
0.910114
1.02519
0.936184
0.928575
0.982172
0.976691
1.13514
0.982484
0.946857
0.741433
1.13293
0.774558
1.10209
0.983322
0.965048
1.09288
0.842873
0.946294
0.911397
0.90505
1.1714
0.940116
1.0759
1.11271
0.881559
0.838829
0.8911
1.20041
0.882861
1.05988
0.983377
0.881289
1.01267
0.943255
0.901902
1.03949
1.00137
1.15089
1.01221
0.984569
1.08251
0.980668
1.11901
0.919762
0.933982
1.03084
1.14485
0.927744
1.03587
1.04758
1.03496
1.15332
1.20434
1.05031
1.05878
1.09607
0.893424
1.01274
1.1628
1.46402
0.951435
0.783142
0.882692
1.00206
1.03151
0.911332
1.0505
0.911509
1.05213
1.01279
1.03269
1.10337
1.16033
0.83631
1.03707
0.788115
1.08672
1.14232
0.907741
0.846861
0.865738
0.956158
1.10245
1.02069
0.921688
1.12535
1.16028
0.801059
0.855224
1.00553
0.952039
0.984017
1.06662
1.05667
1.10622
1.09636
1.0199
0.951156
0.869053
0.984819
0.89437
1.12014
