0.603243
1.21127
0.778088
0.677071
0.892072
0.738859
1.57926
1.84325
0.523284
1.27553
0.916743
0.979878
1.20088
1.45085
1.12953
0.896444
1.0041
0.743478
1.27624
0.679065
1.19494
0.717026
1.12033
0.921745
1.28606
0.915212
0.606326
0.760779
1.45673
1.26927
0.724922
0.511988
0.617892
0.830328
0.896878
1.03811
0.516545
1.0715
1.20153
0.582063
0.71393
0.958495
1.30082
0.775771
1.01062
0.892286
1.24721
0.743206
0.693031
0.945822
1.23942
0.780021
1.55939
0.90397
0.692204
0.477241
1.07249
1.341
1.58052
1.37553
0.84648
0.978715
1.16057
0.957198
0.725121
0.997701
1.36574
0.610322
1.05085
0.914021
1.14963
0.761031
0.378616
0.910953
0.461951
0.898789
0.724145
0.83079
0.903477
1.10705
1.11715
0.957109
1.7734
1.39075
0.672994
0.560573
1.48216
0.732383
1.00532
0.474491
0.960383
0.770098
1.17602
1.06085
0.602908
1.54206
0.730887
1.46247
0.674527
0.815567
1.336
0.851657
1.36586
1.5752
1.301
1.26335
0.878115
1.21928
0.61258
0.878963
0.703914
0.552893
0.822403
0.94052
1.38025
0.881256
0.903994
1.19591
1.04287
0.81064
1.09023
0.821628
1.01481
1.20323
1.62633
0.846039
0.876426
1.05419
0.699547
1.36365
0.907391
1.15182
0.837516
0.540015
0.679154
0.901596
0.775362
0.541276
0.623411
0.907553
1.25765
0.858714
1.10739
1.03364
0.81137
0.5955
0.645354
0.797663
1.16589
1.89953
1.08335
1.29943
1.65644
0.568338
1.11638
1.43968
0.82243
1.08631
0.536611
1.08214
0.699213
1.11248
0.52874
0.724427
0.837558
2.04
1.75091
1.00008
0.461176
0.569057
0.997453
0.822779
1.10865
1.19677
1.24825
0.864552
1.1237
1.23352
1.20575
1.27141
1.20847
0.977936
0.399434
1.21918
0.483212
1.29062
0.962659
1.02077
0.838076
1.21937
1.29134
1.01169
1.17082
1.49216
1.12823
1.1145
0.824681
0.444592
0.787776
0.922625
0.777805
0.918232
1.03459
0.974687
1.19709
1.1024
1.3032
0.948679
1.19264
0.719112
0.794916
1.02655
0.768528
1.29874
0.766477
0.622961
1.37795
0.588874
1.00144
1.26772
1.9986
1.00609
1.86311
1.41459
0.995419
0.894229
1.17601
1.55567
0.958082
0.720688
0.763895
0.663779
0.748691
0.645167
0.735813
1.08157
1.34457
1.21289
1.22383
0.944534
1.10356
0.798617
0.997643
1.53057
0.986235
0.629868
0.664007
1.60668
0.593766
0.628574
2.15946
0.819744
2.06488
0.711869
1.2444
1.13748
0.903888
1.0119
1.08576
1.32024
1.1893
0.763268
1.1329
1.29888
1.17179
1.33476
1.12701
0.57421
0.915801
0.753763
1.2915
0.783859
1.0616
0.904942
0.827423
0.938166
0.641152
0.876442
0.559582
1.52835
0.763476
1.13927
1.08116
0.743013
0.590416
1.23905
0.743951
0.554759
0.777419
0.57995
1.31936
0.97325
0.69886
0.718642
1.20644
0.806251
1.4217
1.54649
0.616533
0.879541
1.03641
0.633868
0.548414
0.819069
1.30284
1.24275
1.36417
1.30174
1.23838
1.35443
1.39481
0.570072
0.692304
0.782308
0.577652
2.38188
0.606334
0.900074
1.13987
1.03044
1.06855
2.03251
0.67704
1.04633
0.703618
1.24878
1.03126
2.13302
0.679112
0.8799
0.496757
1.05688
1.80433
0.779497
0.410999
0.499496
0.804015
1.75872
1.0642
0.798528
0.45072
0.68447
0.619235
0.479103
0.567073
0.566073
0.696486
0.809131
0.799503
0.619935
1.00952
0.665447
1.03546
0.974433
0.980205
0.939983
1.04939
0.841699
0.965711
1.1878
1.38759
1.16369
1.0152
0.74091
0.841811
1.18605
0.932879
1.18158
1.52759
0.819519
1.41437
0.809912
0.927834
1.2343
1.04306
1.32852
0.740685
0.54273
1.22065
0.970714
1.27772
1.0259
0.696081
0.774294
1.02872
0.889407
0.968449
1.55546
1.42613
0.793551
0.775283
0.842104
1.13788
1.23364
0.605245
1.38501
1.01565
1.01986
1.03127
0.609649
0.53425
0.674606
0.904235
1.3161
0.879932
0.799882
2.02525
0.73344
0.734341
0.95545
1.17947
1.29546
1.27824
1.37059
1.11578
0.641899
1.6727
1.32069
1.88486
1.07143
1.24711
0.880714
1.00416
1.36037
1.01072
1.03509
1.30682
1.65092
0.897998
0.851993
1.87714
0.754717
0.816888
0.754693
1.22592
0.439118
0.826
0.784174
0.885576
0.922475
0.978178
1.24435
0.667509
0.640216
1.49475
1.72875
0.458292
0.475384
1.59869
0.894468
1.36175
0.821779
0.422989
1.3764
0.559519
0.529757
0.621217
0.492912
1.19319
0.724692
0.945994
1.23011
0.972836
0.601703
1.39173
1.35239
1.65013
0.794379
1.3579
0.921254
1.08268
1.19749
1.0919
1.13507
1.15738
1.41642
1.5282
0.878132
1.03558
1.32015
1.89548
0.641453
0.992051
0.82592
0.708475
2.12894
1.1169
0.837669
0.738
0.799641
0.865099
0.929163
1.39942
0.818383
1.4139
1.30283
1.08762
1.3699
1.68838
0.939191
1.59218
1.18372
0.976444
0.526471
1.59246
1.51742
2.09358
1.80412
0.678309
1.49603
0.735945
0.801004
1.40377
0.302829
1.38065
1.13243
0.944725
0.851055
1.10764
0.731044
1.3713
0.907432
0.639063
1.01707
2.01365
0.956941
0.513944
0.845341
0.61113
0.728639
0.478744
1.1625
1.13926
0.821806
1.00128
1.34886
1.37565
1.06264
1.48678
1.12864
1.10363
0.84032
0.791856
0.980013
0.502623
0.725584
0.659111
0.86761
1.05543
0.987654
0.91294
1.81966
1.79452
1.26643
0.716655
0.889648
1.60647
1.16065
1.55447
0.697044
0.813537
0.959326
0.80167
1.48076
1.28635
1.35609
1.30768
1.02414
1.40188
1.15554
1.71934
0.929842
0.719004
0.774473
1.04845
0.695039
1.01089
1.00575
1.32312
0.878894
0.667022
0.918923
0.399482
0.880713
0.991665
0.649513
0.931502
0.644581
1.27391
1.13537
1.12269
0.721932
1.03799
0.806648
0.722067
1.3004
0.97449
0.778844
1.04344
1.04329
1.08628
1.15777
0.824692
0.690372
0.923484
1.03628
1.38418
0.851096
1.16968
1.00276
1.36454
0.981249
0.821434
0.872606
0.924196
0.992539
0.751678
0.922856
1.28239
0.424199
0.579651
0.933389
0.82237
0.598446
0.606583
0.959939
0.657882
0.921625
0.841018
1.30421
1.1497
1.20253
1.02536
0.575787
0.765239
1.32727
0.847784
1.30785
0.740419
0.609538
0.991589
0.663681
1.03964
0.986133
0.621315
1.15323
0.866789
0.61438
0.955651
1.66504
0.607876
1.00599
1.90006
0.837487
0.800619
1.35324
1.60129
0.632884
1.31964
1.35303
1.24942
1.37455
1.20591
1.2359
0.881681
0.769342
1.46073
1.02833
1.09997
1.10492
1.11181
1.2007
1.21602
1.19367
0.976339
0.672053
0.916529
1.07541
1.03408
0.810538
1.42683
1.10328
1.57066
0.592477
1.71356
1.04799
1.31615
0.734534
1.09316
2.21692
1.12967
0.77424
1.50725
0.906296
0.673558
0.965217
1.14188
0.998778
0.302424
1.24605
1.68726
1.68544
0.825108
1.5036
0.778928
0.892503
0.850628
1.42652
1.06793
1.3786
2.00434
1.38081
0.704702
1.23371
1.51205
0.545203
1.03446
1.02202
0.824074
1.07643
0.903559
1.17011
0.741535
0.741401
0.871725
0.865435
0.98635
1.94208
1.05907
0.78718
1.06799
0.626341
0.864812
0.701744
1.22991
1.09092
1.13794
1.01578
0.596168
0.561178
0.669834
1.04696
0.69408
0.735634
0.891921
0.581924
1.27573
1.02942
1.52454
1.47954
1.05399
0.694691
1.67271
1.10718
0.962265
0.791811
0.65218
1.89009
0.525285
1.27024
0.875743
1.04145
0.4868
1.51094
1.10212
0.971319
0.65912
0.468603
1.54117
0.763537
1.28904
0.529319
0.794394
0.786765
0.76974
0.966951
1.41881
0.795896
1.45535
0.624503
0.909872
1.28171
0.882615
1.19973
1.41376
1.2204
1.11643
0.882696
1.03072
1.41338
0.926699
1.05617
1.16488
0.429188
1.40196
1.36331
1.0482
1.30721
1.05106
0.726528
0.955119
0.941811
1.2794
1.00729
1.80455
1.48151
0.992748
1.32407
1.08944
0.976234
1.16807
0.624409
0.525939
1.19335
0.976566
1.00639
1.07316
1.41808
0.665749
0.614079
0.749637
0.935977
0.679455
1.16936
0.675806
0.788104
0.727066
1.00918
0.615956
0.694178
1.37948
0.616739
0.97252
0.67261
0.910438
0.832129
1.67796
0.901818
0.85459
0.514136
0.818101
0.994533
0.698608
1.65658
0.583323
0.482579
1.04307
1.1619
0.915049
0.643366
1.15838
0.942816
0.606295
0.91612
1.18636
1.16048
0.856939
1.33652
0.967539
1.07929
1.23513
0.835595
1.31364
0.717649
1.0314
1.26092
1.29018
1.16498
1.28154
0.825864
1.51076
1.45863
1.16634
1.02871
0.658951
0.752753
1.51247
0.615788
0.590009
0.852758
0.49828
0.658967
1.58877
1.99027
0.63766
1.26539
0.848327
0.89337
1.36007
0.848872
1.02242
0.539192
0.958456
0.942156
1.40015
0.865893
1.10006
1.42289
1.02976
1.37791
1.00558
1.27231
1.08742
1.23366
0.967679
0.966091
0.533799
0.750208
0.722683
1.00654
0.744324
0.92184
1.20516
1.47941
0.705635
1.46007
0.922403
0.794504
0.673036
0.757004
1.10477
0.869819
1.28894
1.69384
0.733952
0.751995
0.433105
1.08134
0.980708
0.736225
1.27021
0.848253
1.13322
0.521648
0.775448
0.944136
0.909223
1.5558
0.884357
0.892517
1.06705
1.04662
0.756392
0.913711
1.34343
0.994771
0.803014
1.00196
0.707842
0.994792
0.695149
1.59356
0.9133
0.718281
0.504198
0.83106
0.731235
0.806383
0.941462
1.21279
1.61219
0.839505
0.504534
0.699178
1.03802
0.880581
0.9124
0.619804
0.941442
0.651947
0.939089
0.769898
0.97883
0.785499
0.781884
0.769551
1.33671
0.743926
0.727587
1.39802
0.769208
0.743904
1.23426
0.742999
1.60177
0.850501
1.25793
0.888413
0.935012
0.877056
0.856951
0.664577
0.427954
1.09477
1.54757
0.880025
1.33689
0.478616
0.87647
0.806048
0.610451
1.1083
0.770465
0.502101
1.20492
0.870241
0.886639
0.703507
1.41766
1.01996
1.28225
1.0199
0.894362
0.825951
0.59316
0.536636
0.670761
1.01746
1.24186
1.1919
0.640557
0.768398
0.610459
0.942766
0.700389
1.48353
1.38196
0.591412
0.644493
0.517681
0.682655
1.06232
0.73518
0.834572
1.03023
1.31261
1.0813
0.720365
0.624909
1.33668
0.776195
0.965625
0.90853
1.27229
1.52301
1.03224
0.664909
1.64989
1.05281
1.36272
0.586254
1.22056
1.21513
0.805475
1.52325
0.977936
0.885667
1.20525
0.845224
1.11578
1.33011
0.750492
0.859763
0.374266
1.33318
0.990485
0.992037
0.85494
0.696206
1.08272
1.73715
0.941175
0.694558
1.25365
1.2013
1.27937
1.05267
1.85049
0.874707
0.847911
0.781103
1.23293
1.02966
1.10438
1.20221
0.657176
1.17895
0.470319
0.547831
0.924835
1.12807
0.793442
1.10834
0.689137
1.04086
1.20548
0.575692
0.979538
0.669257
0.80813
0.606259
0.634688
0.755512
0.740822
1.75895
1.24696
0.627815
0.669735
0.641673
1.23445
1.1361
1.34527
0.825044
1.50865
0.617921
0.586851
0.790652
1.26258
0.92957
0.657311
1.27907
1.14858
0.878601
1.03044
0.853308
0.752696
0.856888
1.03546
0.796821
0.640507
1.26493
1.39557
0.862017
0.898028
0.594979
0.758909
1.11561
1.36315
1.16941
0.52505
0.645741
1.23105
0.47269
0.855256
1.06562
1.01079
1.21414
1.2368
0.832466
1.14595
1.00053
0.519156
0.774521
1.51209
0.753151
1.15276
1.07098
0.915313
0.607308
0.572412
1.21692
0.442265
0.978088
1.29211
0.61169
1.00675
1.04174
0.764529
1.10044
0.842669
0.860927
0.863883
0.773953
0.91104
0.833745
1.34592
0.643299
0.42528
0.957997
0.725691
0.950291
0.968647
1.26543
0.993135
1.26695
0.894321
1.28954
0.792864
1.21392
0.704171
1.47165
1.13588
0.71005
1.94247
0.863243
1.39465
1.7302
1.01683
0.772084
0.836246
1.1038
0.568253
0.550894
1.27966
0.747944
1.34059
1.17492
1.39275
0.846281
1.24412
1.35424
0.828389
1.38293
0.930815
1.41494
1.6115
1.51841
1.05598
0.821765
0.829861
0.720165
1.07481
0.550756
0.833864
0.378212
1.2617
0.975151
0.984974
1.0231
1.58397
1.25446
0.756855
1.15025
1.49223
1.39186
0.938689
0.778117
0.653503
0.416528
1.02121
1.61783
1.02066
0.865393
0.874613
0.846256
0.608625
0.552318
0.588665
0.864032
1.26412
1.12006
1.68562
0.769858
0.859316
0.439787
0.78315
0.805671
1.08368
1.0361
1.05256
1.01045
0.836913
0.950245
0.996627
1.05569
0.857909
0.925251
0.780084
0.82739
0.927755
1.30502
1.30637
1.16887
0.589081
0.857828
1.29355
0.593658
0.75013
0.836566
1.09298
0.795418
1.08691
0.659896
1.03478
0.770414
0.770066
0.546926
1.74028
1.10841
1.23997
1.63763
1.14415
0.765536
1.09625
0.717507
1.05623
1.04869
0.549031
1.55211
1.14006
1.47381
1.20052
0.902623
1.70268
1.01342
1.54985
1.99771
0.840677
1.07678
1.21324
1.04823
0.749024
1.04268
0.78133
1.2992
1.01347
1.56601
0.787291
0.825047
1.16118
1.65528
1.20141
1.40727
1.61604
0.523649
0.594132
1.4111
1.09932
0.525064
0.690528
0.906012
1.0615
0.587908
0.717789
0.918937
1.07718
1.2735
1.6518
2.21842
0.781055
0.7887
1.20437
1.54825
0.805516
0.602177
1.25844
1.08482
0.646055
0.688315
1.0622
0.773874
0.814663
1.07268
1.01031
1.02431
1.36441
1.43586
1.12944
0.772362
1.79893
1.13129
0.717634
0.817025
1.12529
0.978971
0.634473
1.06928
1.50303
1.6682
1.10925
1.83525
0.911609
1.2848
1.50811
0.824508
0.70217
1.01676
0.647413
0.452858
0.637215
1.07757
0.855606
0.768137
0.961506
1.12917
0.628202
1.3559
0.65585
0.640101
0.759172
1.26096
0.863468
0.93058
1.59902
0.83934
0.43362
1.14836
0.519931
1.07434
0.962108
0.598735
0.960498
0.694088
0.869742
1.21114
1.68838
1.20203
1.11016
0.906322
1.27023
0.798343
1.11554
0.70967
1.36569
1.44703
1.18852
0.719488
1.41141
0.345489
0.487924
0.779837
0.507767
1.01429
0.90896
0.716597
0.688662
0.839703
1.32685
0.950578
0.763854
0.961338
1.15187
0.637546
1.6999
0.60266
0.827281
0.932724
0.737252
0.747561
1.122
1.00699
0.850356
1.23264
1.29764
0.928896
0.869401
1.19182
1.02229
0.658389
1.52596
0.573925
0.685279
1.30809
0.973112
0.3951
0.719624
0.891733
0.78973
0.830407
1.4511
0.72755
0.762092
0.889676
0.969647
1.65588
1.36526
0.517085
1.10659
0.761493
1.42766
1.04665
0.882906
0.848607
0.726145
1.06746
0.719569
0.828664
0.972463
0.835638
1.0837
1.40899
0.707222
0.603468
0.514626
1.19871
1.03996
0.606797
0.691924
1.26145
0.740573
1.09243
1.01879
0.698046
0.785739
1.31488
1.75813
1.19129
1.58146
0.97092
1.46324
0.83273
1.08306
1.01994
1.20489
1.11051
1.21287
0.75188
1.46735
0.961989
0.663787
1.10631
1.21196
0.59957
1.8703
0.822249
0.545719
0.717312
1.46667
1.15112
1.10437
0.30166
1.3873
1.60433
0.851152
0.998556
0.714427
0.801791
1.78503
0.585787
1.03728
1.33335
1.13589
0.819329
1.13931
1.00299
0.79181
1.20484
0.880407
0.401224
1.013
0.945675
1.65987
1.11028
0.994771
0.770732
0.983942
1.17092
0.835099
1.43731
0.774321
1.4109
0.883918
0.618719
0.754565
0.435586
1.10799
2.07316
1.46261
0.511086
0.870579
1.30276
1.10065
1.20029
0.8935
1.02309
1.42794
1.11836
0.975179
1.77772
1.19477
1.53567
0.722478
0.949445
0.710981
1.19212
0.98184
0.911806
0.796941
0.959846
1.03822
0.72986
0.790987
0.87469
0.606286
1.07599
0.961076
1.23683
0.832841
0.722952
1.25316
1.07562
0.725513
0.696933
0.623594
0.620652
1.29398
1.30824
1.13798
2.02486
0.701808
0.693212
0.943898
0.760909
1.33326
1.22348
1.36553
0.856012
1.42929
1.12069
0.654114
0.881236
0.895444
1.42896
0.876591
1.12523
1.14281
1.0302
1.53341
0.811769
0.8235
0.935067
0.860908
1.24624
2.01701
1.07123
0.723533
1.50545
1.2244
0.931289
1.09488
1.41223
2.20936
0.874468
0.936932
1.18155
1.6318
1.11018
0.698599
1.47868
0.917233
1.4801
0.500849
0.881109
0.736916
1.24069
0.775377
1.23483
1.06196
1.82036
0.724474
1.27126
1.13111
0.953178
0.638385
1.84898
1.38959
0.93132
1.30019
0.905461
0.630168
0.749223
1.01174
1.18146
0.856456
0.880638
1.21479
1.90453
0.59607
1.11053
1.12285
0.836628
1.36124
1.44386
0.815846
0.71356
1.53543
1.07582
1.40666
0.876206
0.747651
0.73924
1.68769
0.910973
1.01304
0.757238
1.56624
0.697928
1.15235
1.24486
0.591842
0.706799
0.755071
1.11166
1.29241
1.003
1.39713
1.05502
0.980928
0.945945
0.871427
1.04836
0.854886
0.757987
0.752154
0.422039
0.687012
1.20314
0.792078
0.63229
0.867989
1.1102
0.98858
0.984899
0.69948
0.839344
1.05636
0.984604
1.12521
0.457912
0.897662
1.03481
1.08184
0.718054
0.635741
1.09881
1.15746
0.498422
1.24227
0.980791
1.21398
0.821718
1.63466
1.34762
1.16975
0.783392
1.3892
1.52432
0.736262
0.746191
0.893439
0.483169
0.530739
1.18914
1.29874
1.03929
0.562016
0.752292
1.50933
0.601197
1.22496
0.464804
1.04214
1.34382
0.961135
0.989897
1.53367
0.806578
0.665065
0.769618
1.62121
1.15329
0.447776
0.926833
1.40968
1.08603
1.69215
0.676527
1.28953
1.38353
1.01835
1.34294
0.59221
1.69179
1.11538
1.61054
0.894243
0.931683
0.766238
0.852454
0.8592
1.31663
0.408138
0.854637
1.06427
1.0058
0.804759
1.86784
0.958039
0.704565
0.66984
0.704982
1.08832
0.904136
1.20054
0.5463
0.909191
1.04705
1.48333
1.04759
1.17183
1.34439
1.52691
1.05159
0.41
1.15524
0.746301
1.3371
0.940794
0.589132
0.611052
0.511059
0.823883
0.512449
0.638927
0.488061
0.885873
1.26994
1.5926
1.05754
0.774752
1.08317
0.715347
1.19343
1.46379
0.885665
0.561282
0.719985
1.05537
0.526192
0.59144
1.26924
1.02768
0.722003
1.03531
1.49198
0.531259
1.19368
0.583404
1.03693
0.874413
1.34024
1.1721
1.03828
0.823701
0.47577
0.960364
0.935988
0.70846
1.34734
1.47266
0.559481
0.929605
0.689345
0.84515
0.98997
0.805014
0.984302
0.651059
0.427875
1.40115
1.59842
0.626603
0.984304
0.749986
0.828201
1.04625
0.821474
1.43568
0.785941
1.19936
0.773437
0.801116
0.597538
1.30718
1.10562
0.958634
1.22455
0.747918
0.688809
0.899893
1.34775
1.43908
0.941748
0.435972
1.09677
0.698225
0.481634
0.905055
0.931738
0.854926
1.40158
0.877877
1.05605
0.883816
0.833721
0.988822
0.702056
0.615192
0.912512
0.594116
1.5751
0.773135
1.20843
0.806353
0.809434
1.26211
0.637538
1.17994
1.04845
0.80664
1.24768
0.329921
0.789147
1.38832
1.58552
1.28685
1.13435
0.584743
1.23271
0.909164
0.869952
0.827436
0.895384
1.07297
0.944742
0.947572
1.47176
0.948498
0.576369
0.839081
1.09695
0.896619
0.673577
0.777459
0.923952
0.845385
0.668205
0.913628
1.1723
0.584065
1.35151
0.835191
0.738223
0.446132
1.02865
0.614828
0.970389
1.29965
1.48591
1.43355
1.21535
0.90329
0.898547
0.622173
1.09701
1.19904
0.77946
0.901413
0.627214
1.09042
1.09182
0.724231
1.30186
1.12491
1.32636
0.701279
0.738319
1.66535
0.974262
0.760245
1.0488
0.881077
0.4239
1.30525
0.53387
0.874789
1.18061
0.992811
0.86404
0.420671
0.629004
1.01715
1.34773
0.964739
0.821125
0.764177
0.657786
1.28394
1.22854
1.34814
1.88757
1.55092
1.13895
1.14976
0.853102
0.897633
0.596854
0.873552
1.18548
0.883172
1.11452
0.727395
1.1739
1.49335
1.12967
0.829365
0.737936
0.826339
0.78621
1.94472
0.907514
1.5174
1.48998
1.10303
0.866347
0.974886
0.771717
0.974433
1.61438
0.832369
0.312694
1.03856
0.698253
1.06178
0.943238
1.1068
1.01075
1.06452
0.512896
0.821366
0.914592
0.922299
1.19049
0.942021
1.08819
1.01204
1.13722
1.42793
1.62766
0.675584
1.23089
0.654606
0.745444
0.846334
0.956119
0.822332
1.33062
0.905607
0.771315
1.14706
0.774874
1.11758
0.783995
0.923916
0.807969
0.769415
0.694695
1.16415
0.727135
1.08041
1.03861
0.773059
0.991439
0.726435
1.18755
1.10085
0.924957
1.19217
0.733489
0.962335
0.594625
0.475612
0.7168
0.783312
0.688978
1.52358
0.616637
0.574643
1.13521
1.31467
1.14415
0.639752
1.84961
1.01449
1.1307
1.51545
1.02333
0.980431
1.11134
1.02857
1.10463
0.831233
1.35821
0.879734
0.729648
0.743255
0.879706
1.02192
0.318567
1.53087
0.945189
0.877927
0.856167
1.59292
1.15781
0.911684
0.452654
1.30537
1.04189
1.98811
0.865005
0.922623
1.51653
0.868398
1.37454
1.42638
0.404087
1.17656
0.600859
0.877436
0.996253
1.60284
0.778497
0.552554
0.918675
1.55091
1.33732
0.862424
0.775424
0.883217
1.28716
0.970815
1.29135
0.809682
0.876646
0.743085
0.83254
0.892196
1.57546
0.994673
0.787625
0.809962
0.88476
0.885739
1.68847
0.558807
1.56185
1.11717
0.825478
0.939305
0.904025
1.01571
0.727993
1.04159
0.911698
1.34946
0.808659
0.846467
0.58395
0.621216
0.436075
0.884749
1.59261
0.877473
1.17364
0.696209
0.949395
0.797784
0.644807
1.05325
0.386838
0.377729
1.23763
0.5774
1.31169
0.588474
0.934938
0.727305
0.866366
1.19147
0.482725
0.905812
1.05604
0.478487
0.905845
0.972683
0.79315
0.688882
0.654616
1.26762
0.697616
1.06393
0.881239
0.803314
0.982353
0.519242
0.82189
1.48116
0.984318
0.89697
1.37802
0.604785
0.793516
0.846763
1.27119
0.899258
1.4539
1.05575
1.47227
0.887937
0.616532
1.0355
0.939277
0.867293
0.788307
0.863445
1.02346
1.70023
0.958764
1.35233
0.906958
0.734692
0.586898
0.702765
1.13405
0.673977
0.725425
0.88784
0.877924
0.898863
0.819974
0.982232
0.804723
1.31136
1.30844
0.597042
1.36778
0.61121
1.32892
1.42216
1.45379
1.97577
0.73201
1.10298
1.02782
0.693799
1.03651
0.842369
0.863004
0.703444
1.05121
0.762362
1.30355
0.852442
1.08106
0.856449
0.699464
1.20148
0.956026
1.5289
0.627785
0.373319
0.832559
0.920988
1.09315
1.20753
1.05689
1.19471
1.10822
1.02521
0.838109
0.396757
1.01427
1.17937
1.25008
0.905674
0.545643
0.847099
0.776975
0.770598
1.67336
0.998575
0.949525
1.18824
0.920077
1.45303
0.862709
0.488021
0.948095
0.989843
0.753191
1.71595
1.36051
1.32188
0.849966
0.74612
1.67079
1.04892
0.857461
0.924824
0.653849
1.04563
0.97133
0.928016
1.64208
0.910536
0.780455
0.982673
0.918821
0.867271
1.46661
1.16111
1.44065
0.948765
0.66882
1.00695
0.970196
0.715734
1.02981
0.709433
0.794386
0.542886
0.498399
0.965504
0.734367
0.918418
0.512287
1.20829
0.95809
1.01434
1.33064
1.31379
1.46167
0.778072
1.17036
1.0091
1.05957
0.83715
0.761702
0.855036
1.07347
0.830315
0.987821
1.01637
0.975414
0.79978
1.50381
1.13008
0.763798
0.659613
0.872133
0.793811
0.582333
0.910674
0.820433
0.768965
1.22552
1.06049
1.2799
0.724371
0.889746
1.15537
2.25653
0.677596
1.32175
0.998836
1.02294
1.51485
0.545959
1.17621
1.20724
1.06611
0.900149
0.723457
0.640272
0.694964
0.850538
0.786054
1.04655
0.941551
1.48842
1.00276
1.0187
0.383427
0.775275
1.19433
0.965109
1.42488
1.91321
1.04415
0.747423
1.07143
1.16383
0.840942
0.525736
0.752791
1.10697
0.593367
1.10188
1.26928
0.814529
1.15723
1.02203
1.42694
1.40007
0.578524
0.84271
1.0521
0.661012
0.859597
1.24309
2.21873
0.68867
0.91298
1.2876
0.791613
0.711738
1.25371
1.18695
1.03071
1.1486
1.42855
1.65494
1.33739
1.20649
0.532213
1.28371
1.25033
0.824738
0.901274
0.94387
1.0077
0.728339
1.44328
0.894364
1.06576
0.661535
0.943455
1.14272
0.952184
0.679285
1.32866
0.956993
0.422806
0.811847
1.54509
1.19424
1.23356
0.784317
1.23529
0.444488
1.00336
1.36395
0.979883
1.00531
1.1721
0.922242
0.837194
0.503384
0.917906
1.4935
1.00349
0.772944
1.21843
0.827413
0.702377
0.939927
0.715298
1.1919
0.844201
1.33753
0.87324
1.32582
0.570977
0.689085
0.74353
1.03166
1.21301
1.04879
0.96976
0.876775
0.864755
1.30228
1.58687
0.665785
0.617341
1.41358
0.69471
0.707288
1.05607
1.20972
0.588988
0.711704
1.62131
1.20253
1.64841
1.16707
0.839401
1.14174
0.592908
1.36324
0.717731
1.01591
1.36022
1.50372
1.56622
0.83647
0.774003
1.55018
1.10411
1.15468
0.880924
0.623333
0.632641
0.742203
1.57523
1.64221
0.628313
1.97181
0.437677
0.639769
0.805852
1.88862
0.900616
0.781023
0.990135
0.827341
1.08915
0.923377
1.15975
0.775258
0.81836
0.488311
0.346981
0.741473
0.992466
0.877744
1.02299
1.50082
0.880143
0.700526
0.555556
1.0765
1.04487
0.70415
1.52662
1.03676
0.908819
0.920076
1.51866
1.01474
0.819955
0.587157
0.935548
0.95719
0.927803
0.599004
1.05455
1.09445
0.890237
1.61386
0.685526
0.9637
0.744441
1.50095
1.49303
0.710602
0.929116
0.953396
0.637855
0.870813
0.873028
0.986711
0.562416
0.853306
1.9571
1.21654
0.682833
1.74896
1.37506
0.503414
1.23379
1.13391
1.2845
0.417658
1.80856
0.610848
1.30627
0.988045
1.19581
1.0008
1.21328
0.656921
1.33272
1.07758
1.10315
0.613938
1.09081
1.30982
0.79008
0.518211
1.44301
1.68832
0.693037
1.20277
0.890079
1.03389
0.96782
1.2239
0.927355
1.57759
1.58452
1.54464
0.608959
0.843932
1.04851
1.15352
0.79842
0.84008
0.644213
0.744309
1.09235
0.762248
1.33193
0.696864
0.77068
1.49194
1.24593
0.970782
1.21871
0.985178
1.16431
0.720633
0.940732
1.18789
0.6498
0.858235
1.00325
0.899407
0.898453
0.992915
0.910712
0.567649
1.01623
0.829788
1.10717
1.03747
0.895532
1.71869
1.06397
0.84914
1.10851
1.49118
0.957086
1.20509
0.907123
1.09476
1.37558
1.01527
2.28233
0.803269
1.48166
1.03568
0.94776
0.612077
0.94313
0.942129
0.667456
1.12326
0.90032
1.5498
1.10679
1.02167
1.06867
1.69828
0.980673
1.36691
0.965103
1.33635
0.58912
1.32843
1.46617
0.492787
1.17184
1.10141
0.795443
1.23242
0.675001
0.686918
1.83377
1.04931
0.951453
1.38347
1.44625
0.672744
1.18524
0.73687
1.19993
0.374504
0.899675
0.524935
0.920502
0.910726
0.705863
1.01702
0.989879
1.51004
0.979518
0.520016
1.115
0.950217
0.415828
0.915965
0.60987
1.67664
1.15522
1.33169
1.91641
0.584931
2.18354
0.789362
1.31511
1.00952
1.22053
0.719317
0.783318
0.996427
0.536198
1.42237
0.858597
0.780587
1.38711
0.86201
0.987072
0.848065
1.24176
0.573338
1.05878
1.0159
1.27186
1.14115
1.29838
0.718045
0.705341
1.05705
0.913023
0.991083
0.806561
0.857922
1.39435
0.834744
1.27071
0.770545
0.910053
0.929313
0.488359
1.08588
1.09554
1.11604
1.45765
1.61495
0.950613
0.93177
1.16718
0.79028
1.0516
0.543806
0.643268
1.11047
1.39634
1.19465
1.7101
1.2096
0.766731
1.43178
1.61929
0.835096
0.864973
0.85105
1.64654
1.18306
0.86028
1.38906
1.59954
1.68188
1.30255
1.27635
1.03059
0.756652
1.39154
0.734098
0.859845
1.49382
1.25841
0.621953
1.08461
0.90066
1.04126
1.16839
1.08986
0.720515
0.677758
1.18414
0.989242
1.10046
0.84056
0.913857
0.87606
1.58208
0.901637
0.807592
0.80018
0.903458
1.05961
0.94223
1.10535
0.873301
1.75069
0.868769
0.730006
1.3769
0.671246
1.39913
0.952758
0.543204
1.47663
1.18473
0.980274
0.850433
0.818137
1.17597
2.03173
1.59996
0.882671
0.508404
1.86699
0.50332
1.02753
0.926951
1.01062
0.841943
0.669993
0.942111
0.553588
1.1391
1.62807
1.12451
0.699275
1.65442
1.58988
0.782599
0.930485
0.879704
0.923769
1.15254
1.11674
0.802239
1.52959
1.06168
1.26359
0.671293
0.519746
0.967495
0.815921
0.769422
1.5746
1.61057
0.932805
0.891334
0.50342
1.44768
0.891106
1.36245
0.500423
0.552228
1.56139
0.557091
1.31581
0.669992
0.693473
0.731051
0.741683
0.832863
1.27083
1.64723
1.32474
1.13166
0.721424
1.2783
0.806856
1.49841
0.650263
0.704532
1.00135
1.19634
1.09285
1.24719
0.351116
0.951979
0.877049
1.23564
0.651036
0.992676
0.70679
0.990993
0.797067
0.882084
0.675101
1.01842
0.591744
1.31844
1.31802
1.58924
0.688479
1.15881
1.34947
0.723584
0.7457
0.728544
0.96333
1.25074
1.28369
0.859408
0.96612
1.25721
1.23372
1.60223
1.03658
1.17912
0.714637
0.539188
0.536464
0.876513
0.881183
0.870085
0.765479
0.642756
0.985568
0.56286
1.23928
1.18431
1.12677
1.00384
0.572399
0.589015
0.973756
1.76086
1.12638
1.28052
1.1744
1.07794
0.92427
0.820696
1.645
0.745998
0.718471
0.775923
1.068
1.08425
0.962968
0.848927
0.868791
0.933513
1.06489
1.09815
0.940569
0.954287
0.963277
1.01579
1.20946
1.10035
1.20585
1.40907
0.920887
0.83048
1.57797
0.749748
0.92177
0.91162
0.896715
1.32606
1.32869
0.920932
0.913057
0.947045
1.34461
0.596308
0.563128
0.986125
0.547114
1.25527
0.569737
1.34862
0.765063
0.901888
0.872688
1.79333
0.41158
1.41069
1.0891
0.748001
0.920608
0.6745
0.769896
1.80057
0.881475
0.918656
0.903381
0.679687
0.699178
0.860492
1.39557
1.03617
0.873707
0.65344
1.40449
1.08133
0.907032
1.47243
0.719691
1.09068
0.691455
0.899107
0.690287
0.999425
0.665134
1.50779
1.02417
1.33649
1.10178
0.610962
1.35873
0.987763
1.40487
0.430703
1.2166
0.70279
0.786549
1.36825
1.23847
1.55903
0.841493
1.33704
0.799598
0.84583
1.67658
1.29956
0.80908
1.52116
0.823631
1.23165
0.998685
1.41907
1.25519
1.11154
0.932112
1.35439
1.30805
0.992803
0.745675
0.711514
1.30857
0.95308
1.17024
0.934111
1.44399
0.957337
1.62677
0.584928
1.26275
0.593722
0.625855
0.286648
1.11581
0.937243
1.12489
1.05246
1.39866
0.640388
0.97808
0.399156
0.713731
1.27928
1.27515
0.979848
0.884283
0.665898
0.833117
0.645023
1.03462
1.39775
0.938522
0.844595
0.422536
0.969992
0.942006
0.883269
0.846802
0.954488
1.44838
1.24336
1.47188
0.88557
1.09831
0.837939
0.465348
0.859474
0.742527
0.906103
1.00428
0.720919
1.04767
0.739473
1.37398
0.570252
1.09334
1.40226
0.768451
1.13463
1.21747
1.33356
0.452141
1.04316
0.905272
1.16825
1.22225
0.840468
0.877071
0.840072
0.750497
1.00028
0.978919
0.732482
0.925309
0.855731
1.05616
0.993933
0.802927
0.880234
1.47315
0.667459
0.760306
0.427944
0.471244
0.587254
1.07032
1.33436
1.03455
1.01422
1.72045
0.993082
0.795426
1.11268
1.92372
1.55966
0.897494
1.31924
0.47973
1.17195
0.559298
1.12262
1.29635
0.82362
0.734021
0.729757
0.850245
1.37519
1.34778
1.13181
1.08821
1.33748
0.861641
0.597904
0.842043
1.15535
1.10379
1.0663
0.842336
0.958934
0.372064
0.847217
0.720201
0.910537
0.748967
0.982468
0.716256
0.977607
1.30886
1.45466
0.753713
1.6486
0.723332
1.18079
0.742106
1.1674
1.07648
1.12931
1.47472
0.796046
0.760616
0.530617
0.903791
1.01921
0.615907
0.556555
1.56314
1.07543
0.944869
0.826061
0.940869
0.803209
1.06359
0.468462
2.32629
1.21233
0.505498
0.912672
1.25835
0.930441
0.693703
0.651705
1.22422
1.40651
0.777114
0.779007
0.70267
0.812247
0.911621
1.49087
0.949345
0.594308
0.697466
1.42295
1.28979
1.11292
0.86729
1.12502
0.567151
1.08215
0.862956
1.34491
1.02718
0.90663
1.31025
1.17458
0.815568
0.955957
1.02786
1.2689
1.00166
1.41824
0.68951
0.78209
1.32055
0.617951
0.845537
2.06132
0.76478
1.42763
0.929732
0.854192
1.17274
1.0876
0.935832
1.3269
0.923199
1.02226
1.34632
0.791126
0.834571
0.796073
1.08259
1.1076
0.823551
0.574484
1.15148
0.878067
0.516309
1.19636
1.34611
1.71485
1.30772
0.725764
0.601913
1.16271
0.690231
1.19822
0.759953
1.00719
0.699791
0.698721
0.555854
0.724786
1.84592
1.36207
0.902433
0.584009
0.878463
1.30279
1.65262
1.54029
0.590986
0.88675
0.76281
0.987728
0.636126
1.05268
0.933548
1.1645
0.915489
0.625296
0.630762
1.26721
0.880746
0.678207
1.246
1.5409
1.37785
1.4382
1.40993
0.778654
1.43722
0.875497
1.37289
1.73083
1.0878
1.05151
1.35356
0.764753
0.670631
1.02512
1.50061
0.93758
1.66793
1.13525
0.942397
1.1477
0.939016
0.980491
1.91872
1.15043
1.24753
1.12237
1.24831
0.923423
0.964807
0.388291
0.718299
1.412
0.911216
1.38344
1.02481
0.690532
0.695343
1.83786
1.61988
1.03376
0.839811
1.57988
0.789525
1.31095
0.998837
0.486872
1.18487
1.31845
0.928935
0.925023
0.577145
0.940933
0.565874
1.11372
0.518934
1.09057
1.20314
1.24959
0.603684
1.29348
1.32793
0.911744
1.52875
1.9534
1.14542
0.963446
0.841729
1.19671
1.28526
1.11533
0.851082
0.465417
0.838467
1.70948
1.11431
0.487278
1.11714
0.631533
0.823793
0.813717
0.647956
1.14879
0.641847
0.668909
1.0286
1.27491
0.70711
0.411082
0.766186
0.88406
1.29939
1.20929
0.580307
0.918878
0.856231
0.988142
1.32915
0.739171
0.983287
0.736638
1.24146
0.519558
0.751973
0.673289
0.775051
0.714905
1.15396
1.01254
1.12812
1.2706
0.918741
0.891671
1.08687
1.07621
0.822327
1.39557
0.74673
1.08678
1.18052
0.812467
0.750104
0.62685
0.972562
1.29437
0.426092
1.38993
1.31494
0.689011
1.39182
1.06222
2.14763
0.686984
1.27615
0.901009
0.678347
0.975166
0.716515
1.12696
0.667673
1.0482
0.814724
1.33134
1.27168
1.79693
0.821437
1.3796
0.899621
1.1104
1.30192
1.4093
0.784139
1.23097
0.632789
0.637298
0.909922
0.793127
0.931078
0.53286
1.48758
0.730734
0.870182
0.395193
1.2219
1.33072
1.13132
1.18663
1.85347
0.548748
0.463105
0.600061
0.899452
0.628799
0.970438
1.01213
0.856541
1.02067
0.959078
1.09051
0.873186
1.10542
0.736221
0.653048
1.26017
1.45261
0.987513
0.742213
0.759892
0.55507
0.79171
0.456032
1.08688
0.743269
0.981318
1.24622
0.584206
0.794689
1.20751
1.04638
1.12525
0.727299
1.20113
0.741325
0.683824
1.23699
0.690328
0.745918
0.622061
1.31416
1.4309
1.33939
1.04831
1.20375
0.866319
0.960828
0.463829
0.903038
0.795546
1.06875
1.57747
1.25837
1.60297
1.14117
0.805011
0.717163
0.411384
0.843163
0.56426
0.966016
1.23989
1.41407
1.42362
1.34106
1.16669
0.933237
1.29808
1.16627
1.22697
1.59142
1.34211
0.743153
0.690934
1.1825
0.729429
0.546983
1.25086
0.759263
0.823972
1.1853
0.926585
1.02982
0.952298
1.18038
0.972078
0.911049
0.657458
1.12553
1.42178
0.499148
0.62004
0.693849
0.499007
1.12282
0.709996
1.1069
1.2305
1.07049
1.05991
1.21337
1.19546
1.16318
0.774464
0.716459
1.26984
1.32476
0.861565
1.48995
0.798065
1.13178
1.04413
0.575566
0.863012
0.882857
0.67513
1.44253
0.774074
0.939407
0.959683
1.48796
1.09042
0.854083
0.941925
0.827999
0.694472
1.17958
0.802865
1.02938
1.00759
0.652954
1.42649
1.05925
1.02561
1.03819
0.605342
1.79101
0.661129
1.02831
0.874789
1.11992
0.628278
0.667779
1.15559
0.712882
0.828324
1.0617
1.13159
0.960588
0.438117
0.757714
0.787264
0.591825
0.82967
1.67685
0.583204
1.25135
0.964395
0.928655
1.04867
1.53026
1.45276
1.35415
1.12249
0.660135
0.573446
1.34391
1.0375
1.57227
0.763934
1.12158
1.05771
1.43786
1.09016
1.29075
1.33192
1.61091
1.18211
0.972594
0.587369
0.96925
0.851903
1.07918
0.643478
0.758406
0.658705
1.53808
1.05963
1.18374
0.992365
1.23113
0.838832
0.722057
1.04259
0.909301
1.39729
1.0817
0.929756
1.09671
1.38981
0.938525
0.956858
1.07884
1.32437
0.63827
1.15863
0.866237
0.682439
0.628043
0.896423
0.759367
1.31388
1.44627
0.881971
0.727756
0.867297
0.958384
0.78097
1.49483
1.10215
1.25496
0.64955
0.985322
1.03554
0.571085
1.1322
1.1553
0.806088
1.54128
1.33107
1.01515
1.46414
0.769166
1.55357
0.815428
1.51361
1.01609
1.17329
1.3033
1.51917
0.866774
0.864774
0.674739
1.71046
0.906356
1.39391
0.750111
1.13041
1.01336
0.985614
1.08468
1.2144
0.812256
0.636741
0.784998
1.61327
1.09825
0.87482
0.899229
0.753212
0.723401
1.10795
0.944732
1.29104
0.534964
0.569769
0.729405
1.57347
0.680343
0.923041
1.06429
0.75021
0.864724
1.56995
0.919295
0.784417
1.79445
1.10458
1.24733
0.6037
1.3489
1.14171
0.624217
0.78532
0.805143
1.41752
0.778994
0.826733
0.532842
1.01775
1.41286
0.91484
0.966881
0.579585
0.754441
0.520966
0.983212
1.15744
1.03796
1.18928
0.792898
0.775853
0.896184
0.925631
1.04316
1.09894
0.83802
1.05818
1.6337
1.12072
1.16392
0.695721
1.36997
1.42613
0.47864
0.761135
0.680984
0.524117
0.36235
1.23056
1.09085
1.09867
1.26632
0.887269
1.45924
1.47101
0.652136
0.84092
0.632277
0.568758
0.73147
1.30474
1.43202
0.77964
1.36803
0.64844
1.38788
0.907046
1.61775
0.843804
1.43964
1.05757
1.09914
0.901793
0.421135
0.522297
1.43116
1.1492
0.707016
1.38142
1.05972
0.753824
0.802736
0.683307
0.701698
0.795346
0.793188
1.02042
0.548205
1.19653
0.773737
0.620156
1.49191
0.901153
1.45614
0.862011
1.43754
0.875713
0.742404
0.607669
0.653183
0.706528
0.773915
0.949793
0.847457
1.01626
0.857192
1.56979
0.939138
1.13397
0.702528
0.852933
0.75241
1.69663
1.70873
1.24156
0.517002
0.932705
1.59847
0.936263
1.25553
0.862207
1.17034
0.937082
0.747816
0.797721
1.98525
0.92278
0.942689
1.8082
1.01605
0.843734
0.359612
1.46986
0.58554
1.01289
0.42807
1.50171
0.967163
1.02333
0.889394
1.19432
1.0737
0.465156
1.07968
0.882903
0.69905
1.09957
1.21206
1.20329
1.1219
1.44659
1.11849
1.12802
0.714481
0.850677
0.991606
0.718782
1.06007
1.2999
0.754644
2.09045
1.03483
1.01979
0.991887
1.0732
1.04211
0.828912
1.31296
1.04648
0.793084
0.750818
1.23383
1.02488
1.01511
1.21598
0.858046
1.01539
1.17759
0.819134
1.00351
1.10301
1.27411
1.33455
1.02383
1.35884
0.700282
1.33414
0.363322
1.00614
1.11769
1.0053
1.16064
1.21701
1.31326
1.06357
0.945628
0.917693
0.821977
1.25574
0.916439
0.804851
1.02356
1.10766
0.987541
0.970478
0.849656
0.365881
0.955521
1.03189
1.17277
0.392731
0.937367
1.29525
1.34523
1.39385
0.760658
0.935527
0.949752
0.990028
1.16293
1.5158
1.23724
0.805742
0.769041
0.87276
0.959874
0.947133
1.29645
1.32765
0.421807
0.906725
0.583376
0.446897
0.560374
0.930678
0.905641
0.710576
1.83789
1.29645
0.567749
0.773207
0.674363
1.38266
0.362807
0.709243
0.856982
0.604224
0.633185
0.385767
0.701826
1.06979
0.901913
1.38582
1.39899
1.42255
0.645228
1.24116
1.10579
1.70297
1.02772
1.68464
1.14654
1.11348
1.5932
0.845424
1.09792
0.762893
1.11334
0.694349
0.581514
0.621318
0.860604
0.815357
0.791315
0.828297
0.699588
0.743848
0.509406
1.05425
0.759843
1.01446
1.22417
1.47966
1.24711
1.22709
0.464834
1.10382
1.04065
1.18517
0.61952
1.11345
1.05225
1.04375
0.843927
1.19681
0.824455
0.52029
1.30552
0.455119
1.09479
1.24798
1.05631
1.08291
1.28991
1.31806
0.846344
1.09619
0.846775
0.930592
1.3242
1.17529
1.20471
0.819751
0.863408
1.18629
1.16393
0.793178
0.9938
1.55899
0.637279
0.879405
0.939955
1.02631
0.720602
0.674908
0.981862
0.623055
0.991485
0.951768
0.715114
0.913251
2.21944
1.46693
0.604544
1.16639
0.987851
0.713099
0.573414
1.2087
1.04743
1.37422
0.677159
0.815063
0.954976
1.26179
1.16137
0.846286
0.702144
1.6176
1.06207
0.779306
1.27134
1.06009
1.08854
0.422088
1.04602
0.614136
1.03428
0.965866
0.843495
1.17127
1.19965
0.767228
0.854674
0.398787
0.832767
0.853611
0.522132
0.623591
0.762422
0.847046
0.666985
1.19338
1.18802
0.796723
0.64732
1.00397
0.980688
0.981536
0.752989
1.259
1.27782
1.01823
1.09619
0.744535
0.463535
0.620445
1.05292
0.644103
0.922497
1.48963
0.467048
0.625087
0.769093
0.795322
1.03173
1.18034
0.619568
1.6381
1.4011
0.967244
0.758229
0.832822
1.06732
0.506577
1.25049
0.716094
0.643052
0.757286
0.976808
1.04314
0.67139
0.946126
0.93551
0.941795
1.12861
0.70723
1.3317
0.748026
1.35138
1.73604
1.53296
0.820675
0.782564
0.892625
1.40852
0.89043
0.626102
1.11736
1.06408
0.835785
0.555369
0.844305
0.798311
1.43264
1.14083
1.14685
0.532311
0.796735
1.40361
1.18002
0.945754
1.46605
1.12112
1.02558
0.716054
1.22157
1.2164
0.654866
1.15872
0.955387
1.32542
1.59646
1.19088
0.616722
1.20551
0.551766
0.709548
0.706027
0.689457
1.15877
0.971046
0.84687
1.38931
1.07608
1.07894
0.883275
0.768165
1.41877
1.04251
1.13759
0.964435
1.43352
0.679414
1.16015
1.44008
0.8791
1.04532
0.78067
1.32089
1.49424
1.59305
0.990403
0.870209
0.760827
1.01739
1.32938
0.942984
1.45979
0.965346
1.24218
2.36643
1.18321
0.869347
1.12134
1.26168
1.25622
1.85343
1.03755
0.788975
1.48904
0.647269
0.66258
0.875617
1.90216
0.555971
0.840736
0.774678
0.705249
0.787577
1.13568
1.08441
0.894742
1.70467
0.827622
0.820027
0.794757
0.346476
1.11984
1.26062
0.619421
1.24615
1.05858
1.26144
1.15954
1.02364
0.572597
0.640034
1.30061
0.80046
1.1197
0.923002
0.975741
1.05594
0.44731
1.44236
0.937346
0.884003
0.721552
1.05155
1.14684
1.13793
1.0364
0.596102
1.00616
0.823558
0.962709
0.945761
1.09404
1.45142
0.92947
1.09514
1.36234
0.665651
0.702269
1.27556
0.848
0.965135
1.25391
0.945635
0.883548
0.693002
0.692914
1.34424
1.33106
1.01663
0.872533
1.42907
1.17567
0.611086
1.18744
0.821428
1.16041
1.61648
0.981351
1.23233
1.20843
0.564437
1.17922
1.47369
1.54778
1.33197
1.65158
1.09185
0.732089
0.893459
0.55914
0.912647
1.49647
0.570772
0.906204
1.02873
0.825174
1.42412
1.06689
1.37663
0.636518
1.00457
1.44217
0.542248
1.05736
0.559354
1.0948
0.944004
0.561424
0.963931
1.31191
1.35807
1.06327
1.13561
0.773329
1.29039
0.803864
1.27784
0.682332
1.46352
1.16554
0.683471
0.880012
0.99334
0.923256
0.765239
0.974887
1.41892
0.828722
0.724683
1.51545
0.798343
0.967987
0.930464
1.39591
1.25407
1.2509
0.826644
0.600831
0.920464
1.19788
0.605182
0.953964
0.874979
0.835604
0.680872
0.529673
0.442485
1.34161
0.678366
0.821527
1.33293
0.627886
0.641662
0.927406
0.719614
1.39106
1.45993
0.96453
0.862299
1.76011
1.29216
0.642543
0.5396
0.905311
1.15889
1.01635
0.805149
1.0405
1.29908
0.477894
0.697686
0.548038
0.699526
1.00209
0.861301
1.13744
0.846823
1.15934
1.04028
0.909126
0.925583
1.02513
0.69176
0.707164
1.08363
1.63568
0.810709
0.858085
0.846725
0.891616
1.58926
0.823841
1.24093
1.09419
1.35903
0.645634
1.31383
0.689326
1.06993
1.10618
1.24791
1.40722
1.35474
1.22871
0.615345
1.097
0.84624
0.609506
0.896298
1.38581
1.12726
0.814091
1.21586
0.645634
1.44582
1.74031
1.55878
1.15804
1.3184
0.814382
0.927365
0.88617
1.06012
0.603455
0.798391
1.03868
1.26278
0.980342
0.59995
1.03177
0.794779
1.17676
1.26377
1.03065
1.06551
0.808702
0.965498
0.651259
0.777419
1.10389
1.2349
0.977134
1.66045
0.890969
1.7477
1.09371
1.43287
0.686586
1.58705
1.04818
1.32503
0.85911
0.980619
0.851896
0.752706
0.807057
0.934093
0.618387
0.94529
0.852216
0.978251
1.29854
0.693599
0.989915
1.09137
0.623647
1.24028
1.44564
0.761893
1.80096
0.900179
0.798305
1.32478
1.39896
0.856086
0.835009
1.24815
0.872724
0.735013
0.801507
2.24729
1.27345
0.730181
0.876823
1.01942
1.67825
1.00979
0.594814
1.18404
1.14672
1.046
1.01541
1.93779
0.673442
0.703692
0.960774
0.994503
0.860674
0.575276
0.965716
1.1089
1.18623
1.62694
0.962795
1.31805
1.34085
0.559226
1.18167
0.656442
0.92389
0.99023
1.02926
1.27223
0.897382
1.10072
0.928067
1.03178
0.969087
0.631868
0.985714
0.916971
0.550449
1.27857
0.865833
1.10117
1.3029
0.634444
1.28422
1.1337
0.908376
1.14601
1.04243
0.715189
1.36428
1.6634
0.909899
1.21682
0.724803
0.924866
0.938423
1.22593
0.786679
1.11232
1.1127
0.913329
0.739687
0.755142
1.87759
0.349686
0.575304
0.968854
0.83484
0.777726
0.762316
0.677353
0.805348
0.595178
1.30563
1.56948
1.47525
1.16546
0.903355
0.880783
1.30302
0.647885
0.62653
0.825429
0.89973
1.35305
0.695588
0.750809
1.08659
0.972466
0.901447
1.72712
0.702654
0.769183
1.0075
0.562347
0.906806
1.15456
1.06934
1.52986
1.16107
0.883995
0.683061
1.62538
1.80916
0.501607
0.756009
1.32103
1.25927
1.19662
1.01757
1.16015
0.426311
0.739739
0.936457
1.75074
0.695671
0.763758
0.724387
1.0338
1.23595
1.29215
0.731866
0.64871
1.49468
1.29034
0.784422
0.676114
0.80526
0.703981
0.413742
0.849822
1.00494
0.986849
1.20921
1.07495
1.19808
1.01185
0.889431
0.883499
0.656193
1.16151
0.895727
1.08537
1.38348
1.35822
0.799751
1.13059
0.704052
1.26006
0.99045
1.93352
1.22307
0.99837
1.25669
0.729433
0.821558
0.784603
0.688868
0.8092
1.37294
0.938152
1.23017
0.761733
1.00946
1.29485
0.875145
0.752314
0.646894
0.98268
0.994606
0.892273
1.11537
0.651047
1.37477
1.11129
0.916573
0.911044
0.762805
1.68565
0.644277
0.868595
0.620754
1.00901
1.05777
0.466635
0.91189
0.839786
1.12718
0.918519
0.429911
1.23518
0.762163
0.724307
1.2564
1.15488
1.12026
0.784516
0.489136
1.08406
0.900756
0.532837
1.29235
0.859232
1.22117
0.783948
0.626738
1.06153
0.643054
1.16802
1.06144
0.838911
0.637875
0.66691
1.04792
0.694935
1.95163
0.962499
0.59989
0.503684
2.06587
1.03495
0.831504
1.48201
1.20474
1.27407
0.797825
0.767738
1.02403
0.916481
0.972841
1.69299
0.942534
0.664753
0.591516
1.13601
0.835005
0.727126
1.0819
1.24815
0.761079
1.28352
0.587037
0.923543
1.17537
1.30304
0.752595
0.92404
0.853857
1.20635
1.0419
0.376779
1.08207
0.67585
0.915024
1.24801
1.25109
1.04791
0.566087
2.12708
1.33998
0.923843
0.727799
0.724112
0.741982
0.747303
0.966338
0.491744
1.53029
0.496393
0.796387
0.69214
0.858134
0.688317
0.715689
0.882352
1.10169
1.75888
1.55862
1.1187
1.39592
1.29175
0.804538
1.18538
0.880486
1.12826
1.32544
1.08303
0.814798
1.3256
0.925845
1.34566
0.304754
1.60975
0.757241
0.937435
0.983593
0.969136
0.657372
0.876624
0.990784
1.10461
1.23287
0.662155
0.952298
1.44914
0.858002
1.38111
1.84557
0.619513
0.567237
0.586673
0.855985
0.757543
0.746664
0.497778
0.710501
0.550415
1.0683
0.992191
0.679846
1.26105
1.04112
0.606655
0.494531
1.01557
0.664166
1.15539
0.812854
0.47371
1.08368
1.09359
1.54093
1.03411
1.2319
1.33413
1.47024
0.930221
0.675313
0.613253
0.893456
1.08918
1.63947
0.70172
1.10837
0.70664
0.845319
0.761488
0.552061
1.33868
1.10764
0.821357
1.03027
0.551524
1.19501
0.746916
0.719202
0.668045
0.801503
0.894667
0.905034
1.3527
1.16291
0.696301
0.799795
1.18935
0.665948
0.754152
0.639603
1.31417
1.21286
0.959345
1.10797
0.785294
1.26811
1.03844
0.783672
1.20766
1.17741
1.29375
0.993238
1.4769
0.75399
1.14127
1.38943
1.83419
1.18512
0.787279
1.1296
0.792231
1.07086
0.710836
0.482609
0.698
0.861329
0.758885
0.692396
1.01742
0.620496
1.73904
0.727121
0.94185
0.922941
1.31976
0.932189
0.73667
1.17414
2.03136
0.460094
0.57828
1.18762
1.07474
0.73399
1.26509
1.36629
0.987609
0.882625
0.702593
0.950623
1.34292
0.784054
1.08622
1.79855
0.839991
0.814923
1.18238
1.24212
0.487868
0.611535
1.00962
0.947793
1.11013
1.35529
0.87591
0.984454
0.506004
0.533458
0.610548
0.621112
0.749694
0.900536
1.26823
1.03336
0.738189
1.44922
0.892161
0.648224
0.918353
0.885026
1.15953
1.68336
1.17214
0.688429
0.436454
0.992457
0.810072
1.00065
0.973915
0.688436
1.31703
0.908471
1.46586
0.962305
0.669133
0.665757
1.05287
1.03089
0.799616
1.62723
1.19375
0.672156
1.54023
1.20181
1.043
1.64509
1.36678
1.30971
1.2235
2.1108
0.929957
0.568595
0.889141
0.448483
0.860068
0.920431
1.42417
0.676701
0.601874
1.38456
0.833786
1.68877
1.10527
1.15815
0.792104
0.971821
1.02086
0.9322
0.770233
1.08333
0.48172
1.00809
0.945953
1.07249
0.654089
0.97369
0.844694
0.687552
0.671883
0.821174
0.979855
0.76199
0.674735
1.31752
1.02067
1.1246
0.843267
1.07694
1.39508
1.65723
0.682931
1.35362
0.994579
1.44293
0.709126
1.14351
0.416731
0.66505
1.25276
1.07014
0.971821
1.06436
1.15766
0.918538
0.497272
0.581466
1.1739
0.795533
1.05196
1.2772
0.960936
0.722186
1.32314
1.14637
1.15384
1.05077
0.839241
0.686935
1.26144
1.14422
0.587649
0.945471
1.34141
0.60746
0.938779
1.19077
0.838072
0.561199
0.613554
0.840557
1.25046
0.838835
0.693389
0.986472
0.416128
1.01847
1.65972
0.531074
1.28789
0.794605
1.24048
0.679829
0.557183
1.03845
0.896071
0.957578
0.729714
0.993619
1.28794
0.797124
0.607851
0.739548
0.921025
1.0805
0.850847
0.786541
0.591956
1.58566
0.822541
1.13922
1.17635
1.60734
0.735282
1.67938
0.660347
1.16583
1.77698
0.660392
0.800361
1.3978
1.06936
1.13165
0.837889
1.06236
1.23619
1.1589
1.10847
1.03481
0.654499
1.45777
1.2471
1.76423
1.09757
1.16677
1.12892
0.510926
0.565761
1.02184
1.29622
0.558984
1.17928
0.521821
1.0682
1.17947
0.569792
1.289
1.19754
2.15735
1.42748
1.68088
0.483606
1.06736
1.2047
0.924793
0.969502
1.47328
0.800307
1.32059
0.930554
1.33809
1.06688
0.935622
0.781561
1.02289
0.733182
1.0478
0.976761
1.11536
1.84308
0.591319
1.02009
0.868811
0.940592
0.846034
0.840316
0.806801
1.16912
1.67963
0.786331
1.16948
1.26028
1.12437
1.5409
0.945753
1.07156
0.953459
1.10465
0.917038
1.18576
0.862729
1.29278
0.976435
0.964689
1.01003
0.755532
1.14285
1.26278
1.2422
0.980355
1.20476
1.02592
0.857293
1.25745
0.969297
1.52873
1.24777
1.47974
1.18285
1.29967
0.675904
1.15888
0.978111
1.191
0.972029
0.905746
0.72593
0.719002
0.848716
0.797118
1.28528
0.89478
0.710021
1.00603
1.35286
0.854983
0.924161
0.427165
1.06898
1.28246
0.855538
1.70647
0.648873
0.729913
1.05755
1.09707
0.600287
0.816882
1.09436
0.637919
1.12942
1.37211
0.922594
0.934266
1.34162
0.88817
0.534679
1.01623
0.74894
0.711497
0.940982
1.18793
1.31026
1.14976
0.910683
0.983146
0.885037
1.35352
0.778073
1.07803
1.22335
0.803021
0.904061
1.08869
0.73727
1.23368
0.765849
1.16346
1.06074
1.40789
1.16044
1.21281
0.765477
1.17392
0.600679
0.747717
1.03004
1.28376
1.36006
0.881394
1.6094
1.23319
0.727751
1.34535
0.963756
1.06895
0.968164
1.24071
0.805289
0.384515
0.815182
0.780849
1.50707
1.02401
0.920628
1.61801
1.07248
1.74388
1.2927
0.739404
1.23064
0.52899
0.871132
1.06016
0.739295
1.12636
0.852487
0.504107
1.48206
1.03822
0.910992
1.36349
1.42132
1.48895
1.17724
0.547917
0.605869
0.911978
0.804388
1.9984
1.1185
1.22207
0.62241
0.944126
1.40644
1.11893
0.481383
0.619111
0.988938
0.937525
1.11182
0.568195
1.49731
0.874081
1.13801
0.692032
1.13981
0.958355
0.570273
0.867218
1.01025
0.7801
0.735073
0.915188
1.11824
1.02632
1.49667
1.09975
0.750217
1.03887
0.952978
0.751289
1.36517
0.515178
1.16497
1.24704
1.26187
0.947833
1.73702
1.15159
1.50376
0.624443
0.835722
1.48149
0.907052
0.402258
1.28111
1.01439
0.878905
1.18168
0.813959
0.536575
1.05923
1.35336
1.86481
1.23061
0.429645
0.852231
1.03619
0.507725
1.35542
0.896267
0.61964
1.15075
1.28203
0.707059
0.621684
0.735382
0.864453
1.37263
1.06436
1.05597
0.917552
0.723773
0.932689
1.0354
0.747101
1.28798
1.14805
0.770891
1.16668
0.581095
0.74676
1.07274
2.26046
0.942131
0.842504
1.3812
1.42586
0.834461
1.17692
1.51971
0.860641
0.822838
1.28279
1.07991
1.57707
0.852711
1.45693
0.779317
0.797287
1.41049
0.650188
0.29674
0.965132
0.827879
0.644292
0.910807
0.77246
1.04329
1.45365
0.742691
0.829637
1.04555
0.805208
1.22616
0.836915
0.922817
0.427739
1.12521
1.17831
2.09041
0.732851
1.57894
0.645867
0.962573
0.842462
0.75385
0.471569
1.58157
0.515533
0.819508
0.804033
0.797993
1.10487
0.832072
0.673225
0.937968
1.10938
1.38978
0.869795
1.4174
0.82525
0.976015
0.63221
0.551815
0.990321
1.08282
1.40983
1.12336
0.979831
1.34344
1.15052
1.04602
0.964871
1.18511
0.543179
0.847516
0.93546
0.817353
1.17413
0.620087
1.32802
1.15906
0.90562
1.03397
0.510414
0.830076
0.998658
0.839606
1.03103
1.00348
0.856832
0.580248
0.687446
0.897557
0.657779
0.684044
0.843399
0.974335
0.70207
1.09644
1.42476
0.762839
1.23727
0.67151
1.29222
1.84075
1.03086
0.882722
0.926986
1.1516
1.16506
1.24254
0.460306
0.989092
0.86209
0.675392
1.16925
0.778389
0.596144
1.02566
0.875407
1.11149
1.22728
0.851886
0.770287
1.19314
1.2224
0.862751
1.03139
1.27105
0.82282
1.21334
0.934295
0.996159
0.923207
0.98073
0.987747
0.758561
0.98552
0.82215
1.4421
0.726059
0.862531
0.770213
0.94815
0.794014
1.17755
1.34982
1.3525
0.826077
0.907631
0.752481
1.03266
0.903957
0.80376
1.049
0.85574
0.570538
0.738444
0.89025
1.38024
1.0484
0.983963
0.691456
1.26124
0.899841
0.705238
0.88841
1.11293
1.57191
0.784479
0.961086
0.589387
0.724782
0.906261
1.09876
0.794572
0.955391
1.11508
1.37217
1.34842
1.29081
0.63332
1.57192
1.18317
0.960106
1.21427
0.702048
1.66224
1.42886
0.886368
0.828906
0.723734
0.94985
0.580014
0.584619
1.0479
0.96288
0.648716
0.640521
1.67441
0.755072
1.28375
0.576319
1.34245
0.758138
0.821413
1.42789
1.05702
0.843611
1.55515
0.636588
1.49394
0.913326
1.37272
0.780357
0.819742
0.965221
1.13274
0.885663
0.666408
0.746932
1.08336
1.15349
0.910895
0.874899
0.628864
1.41492
1.39383
0.794259
1.0778
0.861508
1.35395
0.841653
0.884932
0.978774
1.23721
1.00497
0.931887
1.25085
0.729108
1.42021
0.796665
1.00458
0.885611
0.96682
0.861862
0.861695
1.16567
0.901819
1.12475
1.18733
0.713978
0.922182
0.777349
0.908937
0.698257
1.40796
0.811783
0.984173
1.15704
1.21251
0.509172
1.95999
0.661663
0.891391
1.57078
0.623118
0.382355
0.421254
0.730425
1.58261
0.998028
1.08923
0.953651
0.74165
1.82432
0.513542
0.629909
0.956296
0.482703
1.17872
0.975885
0.98787
1.82577
1.2336
1.07976
1.21318
0.623532
1.09154
0.64296
0.590642
1.41677
0.641076
0.406832
0.989278
1.16112
1.35166
0.735592
0.839177
0.667399
1.23683
1.22696
1.09852
0.967385
0.361618
1.26083
1.1751
0.830918
1.1554
0.73864
1.50372
0.794793
0.624775
0.780861
0.763228
1.22092
1.56633
0.335116
0.768657
1.03724
0.51727
0.551692
0.703795
1.27766
1.32943
0.616425
1.47643
1.38791
1.0916
0.857059
1.02383
1.10389
0.539826
0.30386
1.8624
0.404589
0.618413
1.42228
1.01628
1.04693
1.24413
1.058
0.957461
0.770497
1.57992
1.04214
1.51615
0.873597
1.99633
0.59746
0.663215
0.952052
0.764033
0.697243
0.595405
1.2408
1.37908
1.34589
1.02034
0.967406
1.30496
1.31978
1.59166
1.00786
0.964479
0.870257
1.27203
0.938253
1.56541
1.43278
0.931222
0.681346
0.677385
1.16185
1.09409
0.730412
0.849938
0.993443
1.11438
1.27613
0.949013
0.997008
0.698218
1.81591
0.744626
0.633855
1.30184
1.34527
0.946504
0.842816
0.80806
0.535533
0.752938
0.967774
1.28791
1.27292
1.24997
1.23206
1.97682
1.64197
0.732837
0.509732
0.72069
1.30124
1.30582
1.03594
0.790032
1.53974
1.34147
0.948343
0.74411
0.728802
0.832014
1.10651
0.63285
1.0639
1.08426
1.44504
0.805132
1.12876
1.22654
0.424611
1.21937
1.10758
1.63042
0.893227
1.08301
1.49956
1.00676
0.638707
1.38514
0.929322
0.983667
1.1195
1.43856
0.57721
0.713788
1.6695
0.581228
1.41803
0.960116
1.51329
1.36049
0.773549
1.08284
1.49817
1.86224
0.730858
1.23224
1.82176
1.21072
1.00363
0.757189
1.231
0.667177
1.39413
0.798493
0.4753
1.50106
1.31303
0.971293
1.06424
1.43593
0.947692
0.848667
0.911988
1.21351
0.993573
0.698805
0.869639
1.71124
0.848826
0.781206
1.60703
1.23303
0.867072
0.851056
0.968125
1.02414
1.53599
0.659387
0.952668
1.4506
0.874829
1.74754
1.15446
0.608685
0.902218
1.3251
0.458401
1.01047
1.10606
1.04177
1.38278
0.883128
0.54016
0.739252
1.6099
0.951179
0.762295
0.869742
1.51951
1.43111
1.3507
1.43623
0.831765
1.37283
1.04886
0.525931
1.04182
1.25338
1.28238
1.29346
0.940299
1.47985
0.60714
1.04216
0.839718
1.49542
0.803342
0.731812
1.12781
0.649802
1.05039
0.735828
0.787717
1.01362
0.54194
0.88522
1.37433
1.21211
1.10707
1.21727
0.545896
0.980091
1.54728
1.4186
0.98059
0.896232
0.688679
1.51422
0.908921
1.07355
1.22169
1.78135
0.759093
0.981707
0.804565
0.909827
1.08049
0.84117
1.01136
0.840499
1.18919
0.798866
1.27785
0.884462
0.575539
1.07852
1.03056
1.0919
0.852815
1.32891
1.14331
0.856506
1.0603
0.644608
1.49998
1.59551
1.07228
0.871219
1.40973
1.30914
1.35583
1.2487
1.03735
1.10865
0.767218
0.677608
0.588352
1.59975
0.813762
1.01775
1.11657
1.63658
0.663859
1.24149
0.794267
1.98227
0.827684
1.79821
0.545648
1.75378
0.837004
0.926273
0.81393
0.973727
1.22666
0.63371
0.594438
1.07854
1.46456
0.889601
0.651038
0.651095
0.630467
0.907114
1.32545
0.824064
1.11845
0.6938
0.951238
1.35688
0.976686
0.941356
0.970143
1.02499
1.49052
1.33456
0.635222
0.730293
0.887634
0.670751
1.40396
0.977067
1.44763
0.864614
0.504296
0.468706
1.11969
0.842001
0.742341
1.19425
0.675622
1.15418
1.07131
0.819443
0.918065
1.20529
1.15269
1.41497
1.32772
0.559242
1.67983
0.567259
0.887403
0.932565
0.881744
0.653733
1.40028
0.737661
1.43355
0.530289
1.35984
0.858785
0.489502
1.00239
0.599385
0.845703
1.1896
1.47854
0.769981
1.21225
0.502434
1.22381
0.955484
0.548429
1.00291
0.833862
1.33676
0.549643
0.516738
0.927547
1.12863
1.18459
1.61233
1.14344
1.10336
1.33705
0.836721
0.433222
0.631593
0.921245
1.13735
0.701213
0.428223
1.0449
1.07548
1.08017
0.804494
1.58396
0.787583
1.12307
1.09619
1.27315
0.941188
0.872207
1.08402
0.706349
0.687066
1.01618
1.06754
0.84345
1.22117
1.00904
1.69996
1.15048
1.22774
1.28892
1.07728
0.73139
0.822661
1.33167
1.12394
0.845454
0.833058
1.08715
0.721583
1.14025
1.41627
1.77381
1.0657
0.771607
0.885183
0.428678
1.06696
1.78776
0.861877
1.0404
0.694405
1.29494
0.762698
0.848441
1.0335
0.610481
0.688125
1.45395
0.903863
1.16435
1.22409
1.01632
0.790882
0.947446
0.944659
1.12
1.4965
1.04535
1.25791
1.29754
1.25382
0.819154
0.56934
0.820048
2.47509
0.933946
1.45119
0.758121
0.848325
0.673375
1.37587
0.762694
0.8808
1.09597
0.829691
1.33495
2.40602
0.93324
0.901205
1.02574
1.33458
0.94177
0.783727
0.797459
1.75527
1.09341
1.23054
0.994111
0.981531
1.18968
1.36438
1.30473
1.74787
0.95171
0.845424
0.85857
1.09229
1.21273
1.26466
0.627171
0.952925
1.07786
0.954152
1.18737
0.680742
0.61214
0.723805
0.666145
1.23881
0.876979
1.02866
0.827904
0.926628
0.847382
0.689466
1.47643
1.22385
1.2568
0.688123
1.0158
1.1724
0.832668
1.48508
1.08263
0.950986
1.45603
0.8082
0.247594
1.31076
1.71137
0.787194
1.61225
0.890032
0.986554
1.67164
1.94986
0.552902
0.828999
1.13415
0.780431
1.41295
0.795475
1.26105
1.44613
0.797858
0.634274
0.908072
1.92186
1.31748
0.951942
1.2193
0.800389
0.612705
1.26027
0.810802
0.742666
0.826816
1.39657
0.559942
1.26897
1.52694
1.11734
0.958886
0.765528
0.943808
1.19061
0.939586
1.11278
1.43622
1.03954
0.393084
0.961264
1.08987
1.03583
1.02192
1.07046
1.21337
1.75896
1.79384
0.975174
0.902518
1.09046
0.838801
0.596145
0.797025
0.68608
1.44218
0.767548
0.680334
0.432798
0.983821
0.823121
0.664921
1.64215
1.5658
0.857058
1.31899
0.765703
0.655365
0.923994
0.533857
0.744935
0.635838
0.870044
1.06539
0.536521
0.997694
1.04601
0.557351
1.30597
1.5338
0.78336
1.16163
0.901395
1.0886
0.653506
0.646411
0.609836
0.992369
1.08356
0.548301
0.500104
1.04536
1.64311
0.806237
0.5319
1.36926
0.918283
0.430703
0.40753
1.1266
0.615977
1.12344
0.521773
0.933412
1.36539
0.711209
0.683135
1.24831
0.553923
0.697551
0.916796
0.516049
0.883477
0.762872
0.787708
0.645333
0.520676
0.971051
1.48305
1.05637
0.586618
1.00082
0.951601
0.772688
0.720323
0.900941
0.867492
0.553855
1.65245
1.24445
0.875442
0.97718
0.678881
0.945644
0.716456
0.959582
0.854478
1.21728
0.800329
1.40443
1.67332
0.9869
0.869445
1.00249
0.90224
0.865671
1.41035
0.686551
0.682233
1.41555
0.777783
0.925911
0.391037
0.891579
1.13699
0.953287
1.58316
0.848477
1.16853
0.891877
0.97776
0.982944
1.10517
1.49045
1.03632
1.16027
1.21292
0.634531
0.73448
1.07875
0.961861
0.746245
0.681288
0.881925
0.908603
0.919189
0.703406
1.02473
1.11102
0.91361
1.43288
1.29149
1.0026
1.15346
0.705112
0.895372
0.458592
0.799662
0.847522
0.944283
0.959823
1.25918
0.819571
1.34042
1.03701
0.923492
1.12489
0.792513
0.795384
1.1194
1.33002
0.693064
1.35889
0.847002
1.16045
1.83482
0.735974
0.77519
0.843545
1.0546
1.67875
0.747964
0.764484
1.07675
1.07142
0.818807
0.887816
0.97829
1.60932
1.14628
0.55882
1.0998
1.24425
1.02182
1.389
1.21087
0.844348
1.17222
0.856687
0.947296
0.914224
0.686943
1.07805
0.581537
1.22744
1.07049
1.32314
0.850173
0.808831
0.387901
1.01256
1.13427
0.95455
1.08721
0.914671
0.623535
0.401346
0.924734
1.10739
1.29834
1.11047
0.912186
1.33143
1.35296
1.0318
1.42072
1.27671
1.42995
1.26952
0.883172
0.794022
0.778237
0.778187
0.550302
1.01829
0.761998
0.792468
0.849362
0.825865
0.892546
1.05798
1.30631
0.849609
1.22296
0.595459
1.33732
1.17349
1.4277
0.753927
0.807693
0.82037
0.736058
0.839795
1.23933
1.24942
1.13181
1.07812
0.774056
0.954334
1.09739
0.994423
0.642179
1.31717
1.27568
0.906967
0.754721
0.830724
1.56628
1.83981
1.33001
1.48052
0.677621
0.824678
0.904198
0.765681
0.834843
0.660169
1.12852
0.725411
1.24449
1.8933
0.502704
1.33153
0.431974
0.732077
1.13627
1.22397
0.592098
0.563602
0.537102
0.697054
1.45241
0.619744
1.26442
1.21569
1.52597
1.43271
0.897005
0.582459
0.94884
1.44289
1.03751
1.07667
0.367923
1.5108
1.23904
1.0093
0.660563
0.840175
0.945323
0.974596
1.06044
1.27611
0.908661
1.17611
1.62206
1.02078
1.12453
0.562558
1.00246
0.719559
0.715888
1.56571
0.651716
0.857203
1.13471
1.04849
0.476161
0.960318
0.953282
0.918408
0.903266
0.824233
1.65573
0.625057
0.92141
0.996121
0.948027
2.04134
1.13311
1.10038
0.841333
0.801256
1.12274
0.587375
1.30658
0.857252
0.883215
1.04184
1.09199
0.719806
0.671487
1.22935
0.875783
1.10844
0.788009
0.631573
0.610984
1.64868
0.911416
1.32655
0.792743
0.856823
1.15798
0.763621
0.705624
0.672594
0.849983
1.49991
1.13885
0.774495
1.32251
0.952369
0.639384
0.580556
1.0177
0.730006
0.851165
1.51205
1.64751
0.865087
0.902678
0.855998
1.09733
0.752532
1.06767
0.823819
1.13256
0.656813
0.790305
1.01398
1.20421
0.745093
1.31043
0.99538
0.958393
0.698989
1.75324
0.886291
1.2057
0.528949
1.13204
1.45501
1.01031
0.83019
1.1405
0.7997
1.58156
0.794994
1.25505
1.33145
0.690276
0.658719
1.08237
1.8145
0.943859
1.5916
1.14652
1.26047
1.19923
0.724678
1.03781
0.629051
0.544466
0.520027
1.123
0.86089
1.13517
1.02861
0.926291
0.849317
0.595701
0.771709
0.748602
1.4983
0.924499
1.23425
1.18406
0.822515
0.931275
0.578749
0.538049
0.979107
0.826407
0.487763
1.27439
0.822043
1.09512
0.626902
1.02326
1.79456
0.764129
0.773154
1.3871
0.826863
0.759576
0.69495
1.12049
0.994216
0.654785
1.44653
1.18567
0.717803
1.30112
1.01941
0.650245
0.740802
1.81509
0.819774
0.923688
1.29803
1.0444
1.13313
0.836459
1.02318
0.77304
1.22935
1.05342
1.02061
1.17131
1.13305
1.02567
0.613841
0.654005
1.12548
1.45956
1.70707
0.944095
0.667916
0.738597
0.936413
1.36339
0.651669
1.2319
1.11714
2.13466
0.969154
0.839419
0.761685
0.733618
1.24803
0.870699
1.15709
1.15119
1.13451
0.738083
1.52235
1.09595
0.681605
0.985334
1.17422
0.697205
1.48707
1.22718
0.711514
1.18538
0.95202
1.01492
0.848312
1.30146
0.807217
0.942252
0.705311
0.754821
0.722183
1.01474
1.19695
0.788355
1.09625
0.920584
1.25386
0.565192
1.30878
1.08017
1.01013
0.37786
1.07606
1.11058
1.31806
0.998495
1.38897
0.857718
1.45644
1.15808
0.864987
1.15994
0.8006
0.471763
0.575179
0.608151
0.92701
1.15418
1.36491
0.698094
1.43316
0.93163
1.06884
0.908673
0.596765
1.35215
0.495554
0.687489
1.14731
1.0107
0.960457
0.754273
1.21404
0.428833
1.10675
0.645102
1.07454
0.471433
0.681433
0.623479
0.721645
1.60148
0.85532
0.987672
0.771099
0.61885
0.738743
0.68148
0.938939
0.831036
0.978822
1.32501
0.736721
0.788429
0.752296
0.772213
0.679176
0.907773
1.1714
1.14613
0.848255
1.70568
1.84455
0.792786
0.708926
0.591794
0.887733
1.24494
0.997291
1.23627
1.08818
0.804797
0.601807
1.06614
0.525311
0.936213
0.382787
1.53606
0.657272
1.21056
1.07704
1.23768
0.754602
0.905627
1.13905
0.927236
1.1611
0.933919
0.644286
0.864221
0.685428
0.715642
0.970072
1.07592
1.0991
0.713388
1.16452
1.37074
0.566393
0.649473
1.11153
1.06821
1.02856
1.17462
0.720811
1.28082
0.594334
0.705737
1.42107
1.5584
1.44757
0.528545
1.2272
1.83815
1.08121
1.47676
0.696135
1.04303
1.24146
0.566395
1.42058
0.629777
1.00248
0.793209
0.637671
0.748861
1.09011
0.673588
1.17125
1.07948
1.21974
0.708642
0.656643
0.988976
0.672476
1.69566
1.22537
1.14389
0.702533
0.979002
0.905716
1.3428
1.20863
0.979146
0.616352
1.20096
1.15531
0.919903
0.513826
0.990786
0.715484
1.21733
0.992978
1.73432
1.68202
1.29253
1.05428
1.00764
1.06683
1.40263
0.496292
1.15487
1.69113
1.56223
0.875053
1.32281
0.769625
0.88131
0.897499
1.07011
2.17218
0.907162
0.995749
0.623695
1.43714
1.06604
0.697362
1.49806
1.3094
0.439736
0.485289
1.09337
1.0588
1.57574
1.10316
0.726952
2.28503
0.624624
0.349574
1.03094
0.78333
1.02819
0.724624
1.10898
1.10746
1.20707
1.07613
0.615451
0.755017
0.94076
1.40546
1.35899
1.53786
0.846411
1.10985
0.9611
0.522291
1.26387
1.14253
1.5505
0.924151
0.655653
1.40447
1.27173
1.21082
1.05336
0.894211
0.973647
1.81279
0.864965
1.02728
1.15416
0.730175
0.889343
1.12405
0.966278
0.644577
1.19164
1.31692
0.723489
1.41363
0.77759
1.00849
2.06866
0.8412
1.6313
1.34334
1.40208
0.879552
1.05442
0.742742
1.53716
1.26769
0.645958
0.807874
0.956093
0.914799
1.13102
0.973323
1.12492
1.02874
1.10211
1.45218
0.894672
0.993083
0.844886
0.543727
1.11503
0.913074
0.669589
0.620013
0.996439
0.537278
1.35936
1.09398
1.22055
1.09313
0.745839
0.846211
1.45362
0.666597
1.99543
1.43303
0.740949
1.20273
1.23974
0.853819
0.772444
0.878186
0.941245
0.830663
0.660606
1.50671
1.29175
0.870718
0.753882
0.540178
1.24201
0.829943
0.980956
1.03073
1.03207
1.39388
0.902492
1.32268
0.597302
1.59801
1.14421
0.748298
0.961364
1.06556
0.695086
1.40525
0.461366
1.35595
1.36736
1.32645
1.32007
1.01791
0.493754
1.09853
0.668221
0.468952
0.746374
1.02334
1.50018
0.663818
0.878184
0.820073
1.03929
0.971905
0.716952
0.923974
0.471374
1.45611
1.52406
0.940167
1.20863
1.22972
0.853438
0.960489
0.838697
1.11618
0.724365
0.57186
0.707868
0.828742
0.822905
0.914994
1.13704
1.16916
0.561748
1.61255
1.0133
1.055
0.76394
0.725157
0.729813
1.03598
0.616125
1.59893
1.58507
0.524531
0.884648
0.548392
0.997723
1.38854
1.29071
1.96615
0.656303
0.510787
1.5334
1.60363
1.24688
1.18512
0.933659
0.876872
1.26127
0.51001
0.712683
0.792382
0.26809
1.32634
1.06447
1.02318
1.34955
1.06041
1.01947
1.15135
2.13809
1.00976
0.444584
1.22405
0.729883
1.002
1.40562
0.798245
1.53486
1.09333
1.14811
1.26889
0.628224
0.607643
1.14628
0.861579
0.585481
1.01539
1.42464
1.05327
0.575296
0.604061
1.19286
0.851622
1.13311
1.15687
0.694189
0.690382
0.963254
0.570626
0.990654
1.06776
0.713127
1.61708
1.28922
1.17749
1.14885
1.04919
1.04919
1.0214
0.874175
1.20547
1.5795
0.936113
0.909857
0.983395
1.47916
1.2549
0.890209
0.834248
0.578386
0.800926
1.05035
0.88376
0.469185
0.637741
1.35072
1.2129
0.90862
0.521346
1.14205
1.20961
0.990829
1.29736
1.7149
0.61533
1.08858
0.496306
0.443819
0.925028
0.930925
1.29533
0.709713
0.661335
0.777662
1.66482
0.882707
0.909425
0.882218
0.780659
0.650865
0.971146
0.652128
0.699435
0.891664
0.81078
1.1945
0.600503
0.845087
0.353795
0.769423
1.34518
1.21152
0.752119
1.15341
1.17876
1.0026
1.14144
0.585819
0.881532
1.01228
0.86656
1.00138
0.93607
0.583558
0.861071
1.17684
1.43601
1.22261
1.03825
1.41249
0.956138
1.224
0.875958
0.88069
1.50716
1.48217
0.993758
0.611264
1.42983
0.396
0.854498
1.43002
0.803205
0.637009
1.15157
0.862942
0.731052
0.873667
1.41035
1.04752
0.859713
0.832044
1.02165
0.937725
0.894428
1.46003
0.540834
1.54491
1.20292
1.26653
0.718406
0.693561
0.875471
1.03476
1.15547
1.07121
0.765783
0.786906
1.00181
0.674974
1.25567
0.910282
0.926531
0.732425
0.594447
0.989199
0.69782
0.80483
1.02496
1.14992
1.11902
0.869024
1.14425
1.07109
0.814615
0.989391
0.926747
0.955398
0.642626
1.28424
0.71488
0.78235
0.776641
1.45333
1.0575
1.01905
1.03439
1.68322
0.767931
0.59193
0.731893
0.543918
0.787852
0.415458
0.925969
0.775049
0.839338
1.53515
1.16135
0.825502
1.14399
0.825969
0.778559
1.27311
1.2312
0.831176
1.04136
0.934582
0.788995
1.30839
1.40863
1.44995
1.0744
1.16226
0.67642
0.623897
1.04575
1.21463
1.14805
0.815469
1.41505
1.17942
0.971214
0.911597
0.894858
0.731406
0.725527
0.813081
0.693504
0.757173
1.93241
0.781072
1.14309
0.709004
1.28833
0.798851
1.13665
1.25756
1.10088
0.733208
0.966439
0.897605
0.6654
0.696955
0.865258
0.822217
0.651098
0.883207
1.14809
0.542482
0.722009
1.16349
1.46825
0.577935
1.18674
0.960102
1.35874
0.989843
0.64473
1.11251
0.857943
0.941585
1.0658
0.866018
1.25095
0.894644
0.976963
0.60052
1.6586
0.72947
0.906436
1.05009
0.636465
0.650583
1.62317
0.868723
1.79963
1.46987
0.904611
0.864023
1.03525
0.862902
0.960682
1.31774
0.709463
0.768104
0.651847
1.38402
0.55817
1.06359
1.29363
0.937224
0.563663
0.950595
0.994868
1.36942
0.763396
0.925092
1.05562
0.908904
0.804202
1.4737
0.797984
0.871541
1.12246
0.769667
1.08471
0.944969
1.06522
0.923776
0.579958
0.480299
1.29527
0.448865
0.902471
1.33585
1.06648
0.720826
1.10558
0.923799
1.2535
1.07715
0.612731
1.16351
0.785647
1.78758
1.03352
0.943966
1.5624
0.931698
0.931553
1.36103
0.935606
0.740767
0.831326
0.600199
0.725871
1.09785
1.19403
0.67942
1.26621
0.628949
1.39041
1.10743
0.88825
0.889372
0.504891
1.28984
0.752913
1.2312
1.04948
0.508856
0.780735
1.11139
1.14933
1.42177
1.75151
0.996337
0.593347
0.946832
1.33909
0.911609
1.00856
1.06197
0.741029
0.922524
0.701151
0.644628
1.28724
0.842016
1.11482
0.901597
0.874743
1.02115
1.69983
0.744076
1.37313
0.77156
1.02913
1.18055
0.938754
0.990577
0.855867
2.29846
0.705176
1.61976
1.37526
1.18621
0.530304
1.08847
0.971495
1.2961
1.45996
0.692779
0.91998
1.21285
1.12881
1.74167
0.935935
1.17732
0.738906
0.95377
0.994853
0.984097
1.25399
0.975221
0.589867
0.620672
1.85851
0.52241
0.944577
1.05004
0.79073
0.78362
0.885892
1.13499
0.840864
0.609332
1.22039
0.907511
0.749586
1.72142
0.774897
0.727973
0.716457
1.25944
1.27136
0.88818
1.71697
1.31515
0.76461
0.90462
1.1637
1.59403
0.736816
0.859047
1.03678
1.01488
1.52112
0.95972
0.997922
0.747014
0.991444
1.02055
0.988901
0.994476
0.892371
0.6011
1.10462
0.869509
1.37971
1.40727
0.705172
1.04266
0.948418
0.739498
1.26682
1.10508
1.17688
1.29724
0.965705
1.33228
1.07932
1.18918
0.535631
1.34951
1.10225
0.868002
0.843533
0.703012
0.947946
0.787345
0.449501
1.85943
0.825686
0.667966
0.8751
0.642621
0.396109
0.714764
1.41614
0.603205
1.17403
0.958349
1.15773
0.763587
1.04431
0.915549
0.644738
0.846838
0.554412
0.611322
1.43731
0.732022
0.996928
0.881595
1.14182
0.819376
1.1277
0.510396
1.54753
0.748432
1.153
0.86143
1.42005
1.14836
0.887955
0.714888
0.514398
1.04658
1.32007
0.785087
1.08109
1.39807
0.612054
1.00376
0.849146
0.777492
1.14368
1.06971
2.04205
0.990854
1.18087
1.66535
0.617038
0.613061
0.771011
0.900301
0.858401
0.59508
1.11964
1.27171
1.21183
1.07519
1.15056
1.11588
1.84127
0.665908
1.20945
1.04311
0.913284
0.919315
1.23495
1.01462
0.593514
1.16449
0.881009
1.27427
0.986599
1.43788
0.626803
0.693138
0.807172
0.820845
0.994911
0.919289
0.462805
1.1168
0.487775
0.587062
1.26987
0.998956
0.961352
0.729753
0.716946
1.25403
0.855628
0.74089
1.35868
1.19588
0.874296
0.932273
1.21169
0.838608
0.659156
0.683674
0.781268
0.566252
0.444023
0.437845
0.592345
1.4631
0.920102
1.45241
1.13936
0.92445
1.27733
0.787398
0.586988
0.913971
0.608961
1.6107
1.07704
1.07979
0.731938
1.05709
0.934143
0.572806
0.413853
0.577891
0.963144
1.35957
0.752439
1.35861
0.400896
0.821403
1.25839
0.776119
0.758151
1.15385
1.06115
1.30274
0.85896
1.54741
0.716815
0.715439
1.1999
1.37339
1.23026
1.24189
0.758329
1.41906
1.06272
1.10295
0.731379
1.18226
1.08991
1.69352
1.47035
0.698003
1.16386
1.47518
0.999822
0.967406
0.631745
0.459005
1.38945
0.987533
1.12107
0.860282
1.19937
0.577137
1.1171
1.80576
1.19477
0.906636
1.17779
0.606695
0.81626
1.1745
1.05889
0.960904
1.04478
0.774877
1.26492
0.53848
1.38955
0.75148
1.50838
1.19977
1.0575
1.12573
1.60783
0.947553
0.842996
0.62925
0.84856
1.16325
0.94508
0.82906
1.3507
0.970284
1.09624
1.14299
0.799976
0.895215
1.85464
1.57834
0.762132
0.93535
1.0824
0.802962
1.37871
0.589861
0.902793
0.652076
1.39902
0.906903
1.48879
0.649056
0.691405
0.518548
1.26301
1.40235
0.977937
0.94519
1.02808
0.973125
1.1891
1.43696
1.156
0.69685
0.863131
0.648113
1.0137
1.38718
1.21101
1.25317
0.903675
1.48849
1.24263
1.05416
0.824195
1.22981
0.871168
1.16644
1.26771
0.966479
1.0623
0.867097
0.626105
0.57472
0.501785
0.958555
0.524333
0.9964
1.02346
1.22301
1.28601
1.49857
1.45075
0.750525
0.709947
1.34521
0.575166
1.48056
0.69379
0.482353
1.39146
0.723194
0.687922
1.35906
0.975605
1.54214
1.02318
0.899379
1.13106
2.04806
0.865179
0.665711
0.804321
0.940043
1.38273
1.17902
0.770369
0.823007
1.24413
1.01095
0.98066
1.95176
1.71339
1.33439
1.50077
1.3769
0.653781
1.1921
0.781573
1.05538
0.902049
0.986623
0.6082
1.08928
1.6923
0.861071
1.02006
0.553736
0.8974
0.853271
0.667426
0.595642
0.923213
1.02294
0.813646
0.567713
0.773447
0.928801
0.63234
1.09913
0.791997
1.08288
1.02715
1.56621
1.2368
0.976966
0.764903
1.07277
1.11475
0.984027
1.58507
0.931963
1.02121
0.892831
1.1572
0.964131
0.9202
1.06913
0.707307
1.04965
1.18514
0.292032
0.657391
0.684802
1.07041
0.720257
1.39014
1.70511
1.76892
1.27177
0.868746
1.12569
0.870336
1.50472
0.614626
0.646922
0.856507
1.18137
0.832154
1.06399
0.857128
1.41286
1.44011
0.578403
0.70474
0.812828
1.04349
0.756721
1.04113
0.691404
1.4644
0.789806
1.00291
0.941179
1.01711
0.742667
2.03426
0.96135
0.960482
0.76217
0.556634
0.626032
1.09341
1.38502
0.913725
1.38355
1.2415
1.64286
0.770296
1.1474
1.19152
1.04798
1.33036
0.713058
0.778634
0.897562
1.49865
1.17185
0.808565
1.06447
1.44153
0.873393
1.83766
1.11511
0.970058
1.19767
0.500505
0.993962
0.57761
1.17234
1.14546
1.80172
0.897911
0.838597
0.550115
0.907464
1.55668
1.25631
1.10361
0.958777
1.03833
1.21861
0.931711
0.993285
1.35523
1.1759
1.01969
1.26321
1.20591
0.637826
0.621902
0.727523
1.11711
0.730749
1.63667
1.061
0.692446
0.671443
0.891256
1.54372
1.10133
0.708071
0.963989
1.42408
1.01555
0.533645
0.491067
1.03271
0.969097
0.833055
0.835806
0.654245
1.30712
1.36765
0.986679
0.91557
0.822214
1.09156
1.16795
1.30062
1.37954
0.604205
1.86792
1.95282
1.09179
0.895829
0.872126
0.662181
0.67814
0.716863
0.636249
1.1224
1.31308
1.03944
0.797332
1.15924
1.11616
0.977356
0.394407
0.939786
0.535288
1.0167
0.624166
0.777621
1.07031
0.823287
0.762052
0.859808
0.585342
0.860536
1.09959
0.951293
0.968278
1.33786
0.672596
0.963971
0.522109
1.09122
1.32396
1.82391
0.903982
1.03165
1.24582
0.779076
0.825136
1.38625
1.08956
1.19401
0.235574
1.0718
2.28083
1.27999
0.753545
0.935824
1.38952
1.50924
0.734292
1.16246
1.15999
0.947318
1.15253
0.812662
1.32911
1.85022
1.67941
0.865514
0.910881
0.762806
1.44286
0.577924
0.830692
0.879056
0.986047
0.883424
1.08129
0.914525
1.56229
1.05856
0.751016
0.819573
0.646839
0.86839
0.722481
0.679126
0.91316
1.33897
1.06105
0.789027
1.31025
0.967687
0.997328
0.759225
1.09136
1.51806
0.988178
0.914239
0.890988
0.794443
1.33663
1.13361
0.845951
0.738643
2.53461
1.00278
0.946863
0.555111
1.29066
1.19918
0.510503
1.23499
0.733075
1.03026
1.3847
0.753992
0.851151
1.23374
1.0756
0.876179
0.901535
0.649075
1.38439
1.10782
0.4776
0.605525
1.03154
0.862562
0.796153
0.677218
0.943901
0.839256
1.17116
0.799718
0.848062
1.15246
1.29648
0.621627
0.919005
1.03409
0.700876
0.59339
0.85025
0.893829
0.804167
1.30044
1.72668
0.370491
1.04307
0.868224
0.882625
0.895578
0.944868
0.707207
1.19248
0.669219
0.89089
1.11314
0.733676
1.16224
1.04878
0.803014
1.06881
1.0949
1.08294
0.958147
0.663019
0.825463
0.343704
1.17552
0.71707
1.07327
0.653616
1.51868
0.808594
0.777268
0.844617
0.622124
1.11617
1.07731
1.57506
0.867921
1.26505
1.25225
1.025
0.919648
0.929866
0.9109
1.18973
0.968964
1.23412
1.50038
1.19892
1.01489
1.13597
1.55155
1.32886
0.857545
1.29508
1.1338
0.890209
1.64662
0.675022
1.33638
0.734856
1.19479
0.884222
1.0081
0.848387
1.07975
1.38866
0.81607
1.43996
0.778778
1.40801
1.07964
0.950338
1.41947
0.634758
1.2747
0.983453
0.723603
0.700401
0.643579
0.926198
1.34466
1.3699
1.34994
1.33443
1.52529
1.05241
1.38234
0.928272
0.78039
0.877011
0.739305
1.76514
1.24015
1.43014
1.25916
0.691212
0.985818
1.01594
1.53496
1.37575
0.997676
1.12854
1.14263
1.11062
1.09097
1.10566
0.550575
0.602376
0.992949
1.38072
0.796909
1.18125
1.12209
0.797677
1.00721
0.926972
1.53317
1.22583
0.795481
0.667362
0.536711
0.873628
1.82143
1.08987
0.990498
1.19794
0.795842
1.0372
0.906647
0.842496
0.246636
0.881367
0.584275
0.654401
1.35571
0.756573
1.00412
1.09163
1.12104
0.743755
1.11226
0.648878
1.19274
0.939115
1.63241
0.84464
0.81021
1.26805
0.683513
0.720866
1.70529
1.34662
0.673485
0.890198
1.27545
0.938257
1.41203
1.02672
0.642552
0.596583
1.0413
0.838213
1.23619
0.761776
1.13959
0.965803
0.769838
0.687036
1.29314
1.28718
1.30398
0.828673
0.76404
1.02528
1.00492
1.05184
1.62955
0.70007
1.2717
1.43207
0.948807
0.960175
1.39628
0.743734
0.765387
0.767194
1.00224
0.780187
0.553935
1.1031
0.625927
1.5198
0.68493
1.43453
0.787875
1.91283
0.757672
0.907413
0.801229
1.02566
1.22892
0.689429
0.429773
1.19168
0.598962
1.04476
0.791909
1.24935
1.2048
0.556491
1.11202
0.692493
0.319399
0.979352
1.16031
0.837634
1.55491
0.992887
0.846337
1.32627
1.67799
1.08493
0.975045
0.461815
0.934276
1.91444
0.588447
0.913182
0.681185
0.8917
0.727056
1.15918
1.31352
0.495625
0.869004
1.0534
0.460954
1.27465
1.01829
0.888404
0.706285
1.15218
1.29804
0.755005
0.910219
1.51693
0.697877
0.880221
0.977658
0.966428
1.40816
1.54158
1.76953
0.731913
0.49146
1.20777
1.23869
0.689424
0.7557
1.00423
0.671848
0.771338
1.29834
1.04813
1.02489
0.788857
0.971663
0.846845
0.588102
0.71356
0.822687
1.11131
0.740231
0.880507
1.55182
0.573221
1.43148
1.23976
1.4709
1.25572
1.26291
0.847689
1.03138
1.44947
1.08405
1.08082
1.32212
0.629504
1.15912
1.30176
0.839762
0.996853
0.980001
1.86253
0.8597
0.969538
0.521931
0.961142
0.800557
1.6098
0.883482
0.843826
1.13629
0.800645
0.836321
1.10408
1.0182
0.79766
0.717198
0.972368
0.771296
0.699504
1.34997
1.20968
1.23588
0.843908
0.763807
0.560993
1.21284
1.24144
0.642545
0.541173
1.23537
0.791334
0.573292
1.64897
0.838369
1.50928
0.584319
1.69548
0.458125
0.702364
0.896668
1.30434
1.12723
0.756962
1.15467
0.97972
0.522533
0.993383
0.711642
1.38637
1.46789
1.10206
0.637082
1.31394
0.897011
0.768656
1.10261
0.825592
1.23969
0.940415
2.1653
1.20956
0.911065
0.620132
1.6633
0.488791
1.63296
0.619386
1.58909
0.975404
0.819186
0.536336
1.04069
1.10111
0.903894
1.26641
1.46332
0.763833
1.14568
0.81979
0.740901
0.921166
1.14161
0.648972
0.953835
0.590415
0.766515
0.924371
1.13457
0.944959
1.11131
0.796932
1.02329
1.5575
1.73946
1.3107
0.940658
0.780058
1.90894
1.2089
0.521681
0.965062
0.87209
1.68925
0.829704
0.680058
1.46193
0.85064
1.31459
0.665065
0.929982
0.639772
0.989605
1.13776
0.94493
0.911637
1.06497
1.2033
0.542577
0.676595
0.789061
1.13516
1.53391
0.652574
0.95424
0.300279
1.33566
0.529742
1.00332
0.993029
0.487716
1.05281
1.44455
1.29866
1.88263
1.2517
1.59654
1.5016
0.723242
0.774196
0.849684
0.765511
0.750077
0.621121
1.25025
0.989594
0.950046
1.03065
1.17055
1.37027
0.840697
0.972307
1.03655
1.2146
1.13813
0.716596
0.511695
0.492987
1.03853
0.861859
0.978705
1.60803
0.832277
0.747983
0.825204
0.605268
0.829334
0.818935
0.920823
0.870563
1.31475
0.893689
1.92435
0.509845
1.35003
1.05877
0.894182
0.819238
1.13317
0.743927
1.15532
0.785305
1.14064
1.43332
0.746742
0.91087
0.881847
1.48745
0.82345
1.02665
1.17605
1.21984
0.927124
1.24677
1.09989
0.738583
1.21494
1.16691
0.696135
1.06814
1.3721
0.898163
1.38996
0.531138
1.3126
0.814974
0.722458
1.01208
1.1982
1.6251
0.930803
0.717958
2.37199
0.792668
0.848811
0.895968
0.813713
0.93284
0.606435
0.966486
0.995258
0.637343
0.802959
0.740374
1.52285
1.24029
0.740212
1.67271
0.639175
1.22855
1.10175
0.686823
0.902084
1.41127
0.760092
0.740587
0.594928
0.737249
0.656437
0.776315
1.13469
1.30601
0.719561
1.28735
0.722939
0.737354
0.756994
1.32793
0.71797
0.909289
0.798879
1.08749
1.38257
1.11858
1.10479
1.28324
1.02789
1.11022
0.806637
1.51654
0.825934
0.899386
1.06829
0.822637
1.06313
1.26483
1.20429
1.22211
1.17962
0.863598
1.29711
0.753319
0.883601
0.625551
1.34767
1.17567
0.779481
1.27787
1.01224
0.778084
0.959507
1.21409
0.865571
0.789219
0.833033
0.679693
1.12348
0.756539
0.644463
1.03498
1.25577
1.15025
1.23046
0.71248
0.660715
1.16482
0.516932
0.575918
0.817602
1.06289
1.3066
1.26429
0.790225
0.82905
1.6124
0.945275
0.777869
1.12284
1.50053
0.839329
1.11815
1.38652
0.639507
0.838007
1.3132
0.735864
0.977007
0.833903
1.29099
0.875568
0.849093
1.08793
1.37303
1.6847
1.6689
0.707216
1.24703
0.677985
0.662595
1.38449
1.2749
0.739208
1.08722
1.46065
0.948547
1.33158
0.92251
0.953179
1.47537
0.715295
0.659252
1.05425
1.38568
0.648719
0.955973
1.16034
0.54723
1.03838
1.16009
1.18002
0.788121
1.46529
0.967762
0.924182
1.23152
0.719174
0.780524
0.643972
0.616342
1.3577
0.888048
0.655232
1.25066
1.08811
0.819876
1.32015
1.1717
1.10859
0.809258
0.938066
1.07907
1.0563
1.23847
0.826026
0.989857
0.944517
1.10064
1.01126
0.945258
0.591782
0.723329
1.0614
0.63578
0.845344
0.59479
0.507025
0.425852
0.84132
0.94244
0.768341
1.23848
1.20923
1.1862
0.806648
1.31107
1.30051
0.401324
1.47075
0.944705
1.28773
1.03064
0.458961
1.02981
1.02504
0.737815
1.06573
1.04093
0.755551
0.689391
0.763792
1.22648
0.776308
1.04141
0.618963
0.637002
0.467634
0.520895
1.14385
0.745728
1.26875
1.58457
0.912315
0.812773
0.90028
1.03881
1.01639
1.32383
0.864212
1.41494
1.12917
0.904519
0.931048
0.744479
0.594525
1.16197
0.947234
0.938451
0.648735
1.29262
1.34202
1.24922
1.04074
1.51474
0.932464
1.01995
0.63693
1.04156
1.33851
0.581818
1.08571
1.56337
0.877418
1.05426
0.834711
1.21593
0.802865
0.805685
1.20913
0.791392
1.35087
1.56562
0.996242
0.608679
0.809793
0.68482
0.691557
1.05949
0.379418
1.06925
1.1237
1.20198
0.582776
0.929203
0.917978
1.28532
1.52167
1.05799
0.58558
0.842953
0.994714
1.33005
1.4032
0.912414
0.848949
0.969437
0.856287
0.658005
0.958867
0.513904
0.876539
1.15572
0.971634
1.12093
0.791513
0.493182
0.909224
1.44206
1.43097
0.711688
1.60633
1.06069
1.24651
1.49284
0.572187
0.579567
1.03141
1.24906
0.65318
0.594332
0.598878
0.623539
1.68384
1.26101
0.755149
1.62647
1.08673
0.620159
1.01195
1.02634
0.78801
1.00977
0.998043
0.731648
0.379808
0.94217
1.04476
1.08449
0.781025
1.27722
0.544149
1.04835
1.10302
1.22326
0.839319
0.63917
0.943951
0.53445
0.77111
0.833086
0.966308
1.19687
0.9925
0.821048
0.878449
1.35966
1.66837
1.03756
1.22506
0.835766
0.712648
0.541869
0.488935
0.583972
1.31892
1.10738
0.841354
1.30369
1.00433
0.838046
1.26026
0.97276
0.939042
1.22316
0.787121
1.06813
0.679487
0.949566
1.11588
0.751085
1.35111
1.83639
0.715118
0.801097
0.775569
0.857532
0.817485
0.940655
0.796271
1.45827
1.25113
1.03766
0.522353
1.0424
1.1777
0.744804
1.17055
0.996503
0.959353
1.13354
1.15343
1.06296
0.778301
0.758627
0.828436
1.09219
1.14044
1.12188
0.665791
1.34335
1.03548
1.84642
0.866423
0.88509
0.632259
0.50716
0.804976
0.804489
0.632302
0.61997
1.75895
0.578085
0.947975
1.01006
0.89159
1.29596
1.10186
0.850411
0.708669
1.29042
1.75922
1.20179
0.597393
1.11079
1.88903
1.1382
0.957644
0.67142
0.603401
0.547814
0.63748
0.988114
0.526571
1.32029
0.860408
1.42868
0.973007
0.645593
0.613921
1.11476
0.756897
0.418934
1.09388
0.956904
1.26737
1.28701
0.916328
0.944593
0.855338
1.54388
0.937422
0.741657
1.46213
0.940927
1.02374
1.12688
1.38575
1.17638
0.823242
0.630748
1.37783
0.684117
0.571445
1.5576
0.834611
0.663923
0.363204
1.0276
1.19703
0.831972
1.08956
0.977875
0.793733
1.1532
0.79842
1.24717
1.24493
0.764186
0.832754
0.969302
0.970931
1.17067
0.973343
1.26693
0.736976
1.10746
1.55192
1.06014
0.856981
1.25499
1.32894
1.62332
0.66482
0.914431
0.780647
0.955061
0.914683
0.978004
1.48203
1.16241
1.04367
0.892251
1.24716
1.10533
1.08452
0.981293
0.689603
0.867971
1.3085
0.701366
0.969274
1.21298
0.856181
1.24843
0.800854
1.14983
0.734919
0.206542
0.933258
1.52741
0.621923
0.780583
1.04637
0.749495
0.920764
0.497519
0.822324
0.356002
0.549685
0.848289
1.48225
1.07604
1.50405
1.46468
1.8808
1.31783
0.704062
0.767949
1.1672
0.836926
0.726394
0.811882
0.940356
0.931242
0.876632
0.659289
0.9181
1.20021
1.04589
0.935607
1.15714
0.993077
0.375907
1.59141
1.65311
0.702081
0.741245
1.324
1.12253
1.19824
0.716697
1.1567
0.758
0.842653
1.00718
0.663383
0.859916
0.870747
0.864919
0.67288
0.792169
0.930852
1.11293
0.991045
1.05427
0.809777
0.464526
1.07913
0.691746
1.10169
0.79256
1.0126
1.27642
0.950322
0.89975
0.899876
0.928591
0.519275
1.4116
0.892579
1.42341
1.07005
0.916583
0.438578
1.39951
1.51848
1.32147
1.78816
0.454806
1.45375
0.558349
0.707473
1.06841
1.05559
0.608486
1.24696
0.870193
0.858321
0.423179
1.33808
0.783722
0.95416
1.13171
1.01196
1.59414
0.940417
1.14098
1.41016
0.758578
0.93813
1.15588
1.21723
0.854827
0.896215
1.06255
1.07635
1.3618
0.882077
0.71236
0.719061
0.866041
0.957243
0.823664
1.21501
0.620877
1.08701
1.01063
1.02174
0.830871
1.13585
1.20245
1.4474
1.04823
0.666497
1.52142
1.36268
0.879996
1.13732
0.744315
0.730667
1.49081
1.1156
1.27549
0.991596
1.02641
1.3486
1.01654
1.04866
0.84524
0.663545
1.00836
1.25286
1.06244
1.19079
0.972413
0.718936
1.38234
1.05161
1.74074
1.58425
1.16644
0.61541
0.973759
0.998678
0.567677
0.787496
0.984194
1.31125
1.13203
1.2421
0.947626
1.58137
0.702498
0.771242
1.16226
0.780939
0.882142
1.01488
2.08646
1.66061
0.762332
1.30262
0.483613
0.566129
0.933977
0.527806
1.19499
1.77483
1.3471
0.668473
1.02206
1.57936
1.10307
0.605554
1.08675
0.971851
0.499692
0.859162
0.621871
1.61524
1.22339
0.677754
1.26682
1.07454
1.00088
0.652139
0.424733
0.990235
1.04764
1.15724
0.706286
0.441546
0.756153
1.18158
1.14874
1.01847
1.10888
0.830579
0.965179
1.15619
1.39708
0.691341
0.39733
0.802129
0.404002
1.28464
0.520765
0.803177
0.407938
0.812782
0.926776
1.06407
0.651368
1.14839
0.868985
0.517141
0.797801
1.30864
0.897134
0.864981
0.818225
0.920112
0.673524
0.723296
0.883304
1.41177
0.646318
0.53583
0.880993
1.33162
0.870127
1.27777
0.472358
1.04371
0.480218
1.65205
0.283366
0.743076
0.911511
0.760692
1.50135
0.70312
1.34136
2.01962
0.5784
0.473857
1.37711
1.48985
1.52055
0.719628
0.900007
1.32744
0.793399
1.09386
0.763952
0.867989
0.829628
0.795799
0.504561
1.22824
1.52205
1.11612
0.755591
0.773245
1.50947
1.0454
0.77323
1.20819
0.955377
1.0143
0.775814
0.886649
1.2191
0.755227
1.84459
1.25366
0.888096
0.820006
1.02348
1.94651
0.953015
1.29791
0.736636
0.289424
1.20731
1.71423
1.56427
1.00152
0.850685
0.882877
1.02413
0.611215
1.1027
1.97398
0.884744
1.25962
1.03772
0.826995
0.64414
0.69991
0.990278
1.05698
1.25396
0.850263
0.370808
0.970869
1.16755
0.994207
0.715394
1.28445
1.26757
0.532799
0.696859
0.674702
0.755585
1.23491
1.41701
1.89851
0.647414
0.96836
0.481918
1.10418
0.732909
1.11426
0.948075
1.22668
1.35783
1.92947
1.00085
1.21736
1.61526
0.436476
1.02043
0.958267
1.66178
0.847823
0.773554
1.28619
0.700011
1.21985
0.711036
0.885023
1.02343
0.867077
0.839704
0.660127
1.25411
0.443497
0.765495
0.970698
0.975081
0.892158
0.717763
0.914117
0.551857
0.722279
0.929299
2.19315
1.98017
0.608268
1.14508
0.750763
1.13942
0.968534
0.787384
0.583862
0.713753
1.29176
1.36716
0.935617
0.875939
0.672369
1.23858
1.52387
0.856873
0.651067
1.04251
1.72489
0.880901
1.06818
0.76962
1.22866
0.880208
1.06028
0.979879
0.723237
0.999144
0.895522
1.1011
0.936087
0.504757
0.56433
0.899438
1.09467
1.27434
1.12153
1.37821
1.32849
1.0289
0.710185
0.753486
0.50688
0.609401
0.85549
0.958736
0.983155
0.901732
0.90332
1.12138
1.01052
0.742695
1.07812
0.482313
0.78501
1.12971
1.01715
1.13743
1.28366
0.973513
1.39914
0.917242
0.676822
1.04793
1.56721
1.10047
1.2643
0.886902
1.12814
0.862757
1.46563
1.13116
1.59339
0.703131
0.666106
0.716013
1.11544
0.986435
1.0706
1.19958
1.22268
0.806704
0.505259
1.24108
0.798712
0.389034
1.40918
1.226
1.37521
1.10726
1.66836
0.947258
1.30345
1.03792
0.911395
1.05331
0.586273
1.00457
0.761827
1.11492
1.10944
1.07624
1.13728
1.18629
1.10766
1.37324
1.49392
1.27165
1.1228
1.1241
0.818583
0.732651
1.29102
0.994977
0.581862
0.746049
1.16917
1.27828
0.655483
0.773158
1.28667
0.950423
1.16419
1.69713
0.840993
1.07393
0.77983
0.799894
1.20056
1.27192
0.846398
0.819278
1.42232
0.756699
0.897199
0.774198
1.12008
0.952928
0.675733
1.35702
0.576972
0.990243
1.35441
0.742972
0.655154
0.535947
1.09952
0.670463
0.884092
1.04007
1.32109
1.54361
1.10155
0.657321
1.03192
0.426892
0.777428
1.16117
1.30089
0.884229
1.33772
0.870436
0.680203
0.876161
0.95513
0.874108
0.407772
1.20624
0.648802
1.69119
1.02347
0.881307
1.06091
0.859902
0.657349
1.0384
1.21715
0.896914
1.36378
1.03396
1.01846
0.675532
0.916923
0.992236
0.728799
1.27996
0.665687
1.02045
0.504271
1.00886
0.641092
0.901645
0.834188
1.29971
1.51816
1.28891
1.69382
1.06675
0.726607
0.703327
1.35915
1.8941
1.64193
0.825262
1.04902
0.784711
1.04062
1.14922
1.1942
0.776118
0.920723
0.900688
0.935254
1.16784
0.979815
1.01744
0.983028
0.40436
0.946416
0.390294
1.00444
0.878188
1.1132
0.573963
0.558884
1.07901
1.39927
0.533047
1.05921
1.09093
1.1594
1.1891
0.801365
1.19704
0.540061
1.71208
0.985082
1.00117
0.784905
1.07263
0.896722
0.717269
0.817736
1.01549
0.552095
1.17137
1.37699
0.487884
1.04942
1.37153
1.28642
0.884848
0.835176
1.52158
0.835548
0.582934
0.65821
1.28883
0.95103
0.916788
0.535296
0.973088
0.989944
0.843654
1.33783
0.893695
0.718654
1.29703
1.03752
1.51421
0.865846
0.660774
1.27547
1.35569
0.728178
1.22825
0.685643
0.789373
0.775282
0.816807
1.34828
1.38058
1.02327
0.973122
0.776349
0.672686
0.592813
1.37529
0.898703
1.15886
0.96771
0.872093
0.781649
1.48257
0.859971
1.32049
1.23663
0.673498
0.980012
0.977167
0.652128
1.24719
1.15022
0.697028
0.705493
0.58513
0.9165
0.644223
1.27668
1.01876
1.88759
0.485694
0.840392
1.09403
0.81475
0.703907
0.83247
1.08526
0.928789
1.18701
0.938337
1.23137
1.02609
0.800747
1.28934
1.15891
1.08897
1.35606
1.37359
1.24971
1.28266
0.827709
1.00219
0.549376
1.20212
0.89213
1.28261
0.807432
0.720365
0.506966
0.717181
2.16234
0.696995
0.863111
1.09592
1.077
0.968289
0.87003
0.655755
1.24702
1.25124
1.06356
0.905105
1.15574
1.33554
1.38525
1.25522
0.976727
0.998506
0.791209
0.59387
1.60951
0.861463
0.754698
0.678274
0.896977
0.593501
0.89592
1.09434
1.08029
0.758098
0.925732
0.515221
0.833617
0.755551
1.23427
0.685289
1.37854
0.933536
