0.369163
0.221712
1.45196
0.487507
0.109791
1.10364
0.24515
0.998534
0.269172
0.824578
1.22591
0.252648
0.911348
0.609713
3.12915
0.423198
0.735018
0.952014
1.08813
0.276463
0.110574
0.488872
0.935013
1.69233
0.87562
0.185381
0.42828
2.09584
1.48906
0.539003
0.42477
0.991501
0.640531
0.783454
0.173203
1.15855
0.893196
0.769615
1.56231
0.617179
0.422373
2.39674
0.567086
0.322754
0.697083
1.34267
0.905141
0.59491
0.910816
0.297593
0.246848
1.37348
0.543975
0.326029
0.585199
2.74269
1.28322
0.370525
1.1825
0.5378
0.681184
0.398084
1.22195
1.39456
0.222666
2.83885
0.63353
0.844823
1.27416
0.418884
0.622518
1.49937
0.524658
0.933384
0.934247
0.402872
2.05316
0.495001
0.302819
3.0606
0.274487
0.375144
0.363032
0.710673
0.518052
1.2648
0.57489
0.346278
1.19224
2.20023
1.35152
0.52693
1.81623
0.512346
2.04142
1.16223
0.575121
0.927397
2.0949
0.718575
0.143632
0.720869
0.928087
0.726052
0.83231
0.566775
0.842497
0.75794
1.17638
3.62912
1.27492
2.24558
0.122256
0.28643
1.61317
1.29577
0.241402
0.816416
0.58049
0.724272
0.940262
2.02007
1.47066
0.762207
1.31531
3.05605
0.532158
0.644083
0.977068
0.940309
0.828692
0.862171
1.59781
0.297248
0.434321
1.92529
0.647951
1.7552
0.774211
0.582927
0.832985
1.68115
0.587177
0.302524
1.65504
3.21062
1.70291
2.5014
0.733278
0.962792
0.881473
0.611122
0.53974
1.94872
0.554232
0.502842
0.518805
2.1525
0.413499
2.75407
0.72824
0.341448
2.79697
2.12835
2.99285
0.991591
0.225012
0.528083
0.981286
0.732655
2.03779
1.94821
0.347476
2.23622
3.24249
0.774619
3.25939
0.328651
1.36419
0.846733
1.25752
1.76211
0.852337
0.819995
1.54694
1.139
0.576864
1.20791
0.471337
0.459449
1.05585
0.573899
0.160954
1.55046
0.862267
1.46122
0.991768
0.75746
0.812482
1.20622
0.386019
2.22266
1.47161
0.679633
1.18748
0.244829
1.7538
1.08261
0.367506
1.28226
0.0795973
0.147967
0.643172
0.51585
0.535546
0.182111
0.935269
1.86826
0.234643
0.66923
0.924013
0.981982
2.30058
1.2161
0.378695
0.500292
0.896123
2.5449
0.787904
0.464553
1.12111
0.826399
1.1029
1.32644
0.32223
0.073516
0.591973
1.16299
0.688286
0.995441
0.989485
0.809709
0.0519741
0.709015
0.171694
0.890402
0.458091
0.713029
0.168508
0.168549
1.96292
2.44189
1.04519
1.3084
1.05345
0.310804
1.29286
0.407774
0.965496
1.09334
1.1377
0.424738
0.00695859
0.293535
0.48482
1.10503
2.15049
1.64878
0.551654
0.711266
1.69376
0.719135
0.941202
0.529595
0.529904
1.69516
1.44499
1.26595
1.01172
0.521246
1.36293
1.0238
0.337569
1.57574
1.10016
0.213187
0.304509
0.598323
0.65555
0.271817
1.07419
0.704516
0.273877
0.689633
0.343985
0.473318
0.76441
1.23411
0.234284
0.378963
0.924589
0.78544
0.464064
0.774687
0.630893
0.530309
0.661429
1.77557
1.67548
0.89906
0.548141
0.199639
0.90763
1.78548
0.866426
0.520393
0.171361
1.26445
0.488741
0.629929
0.315561
0.38791
0.414231
0.416432
0.828219
0.119806
3.77556
0.333676
0.352249
0.692143
1.78774
2.42273
0.582653
0.269286
0.256452
0.267868
0.739482
0.463993
0.718634
0.608479
0.270945
1.04564
0.505203
0.504422
0.398384
1.70524
0.322679
0.519157
0.465657
0.251734
1.29572
1.61433
0.657027
0.435124
1.39325
0.699301
1.48272
1.92173
0.96913
2.27177
0.194692
1.53742
0.190972
0.998492
0.322514
0.518453
0.17941
0.314451
0.589224
1.72428
0.812425
0.750163
0.590731
0.985382
0.892607
0.502091
0.756582
2.49319
1.03543
1.02896
1.74674
0.764284
1.26777
1.33741
0.974862
2.50512
2.25428
2.50317
0.651341
0.610649
1.10947
1.06306
1.4678
1.69115
0.525858
1.29027
2.31711
1.57569
0.397594
3.51458
0.551659
0.777918
0.512377
1.13628
1.16924
1.57517
1.1588
0.553469
1.03225
0.444603
0.253955
0.230811
0.723844
1.55224
1.33159
1.14321
0.663814
0.315148
0.46475
1.86569
0.0285266
0.810532
2.57628
1.22562
1.33392
0.212146
1.05779
1.76225
1.39325
1.99668
0.442969
0.466669
0.734657
0.446214
1.59992
0.506918
0.965212
0.176472
0.0598701
0.432125
0.368786
0.548626
0.428583
1.46186
1.4561
0.21898
3.21846
0.562925
0.445806
1.88901
0.961747
0.965092
1.0385
0.232618
0.240771
0.429201
0.869038
0.664851
1.21227
1.09899
0.829847
0.752733
0.511014
0.557329
0.961665
1.45437
0.340908
2.13348
0.136727
0.458684
3.16584
0.739869
0.676779
0.716537
0.278072
1.62026
1.09575
0.681546
2.03302
0.245549
2.27205
0.555996
0.477026
1.14697
0.261958
2.02408
0.688933
1.1328
2.04857
0.0549976
0.97174
0.908185
1.80117
0.40021
0.815714
0.129946
0.250976
0.373769
0.42514
0.116319
2.43032
3.75199
0.342062
0.398457
0.978647
2.70972
1.12125
1.27235
1.07463
1.07235
0.935315
2.9925
1.00052
0.29935
0.397823
1.20033
0.246237
1.9553
0.212699
1.07541
0.708222
0.0379392
0.98494
0.553206
0.397831
0.411027
0.743297
0.198546
2.79155
0.563567
0.857227
0.665358
0.567113
1.39945
0.407895
0.0911776
1.56398
1.04112
0.218588
1.4874
1.65937
0.699174
0.448254
0.806088
0.956183
3.368
1.71584
2.0385
0.792201
0.417257
0.236119
2.4338
1.99343
1.30486
1.17841
0.749707
1.05909
0.499522
0.929837
2.84571
0.380767
1.27896
0.916764
1.61632
1.33143
1.62843
1.58993
1.00402
0.643159
1.42185
1.53699
1.25806
1.13954
0.185497
0.692122
1.08529
1.15399
0.566272
1.2784
1.4763
0.772307
1.118
1.35088
0.582108
2.33314
0.103726
1.37285
0.76244
0.723632
0.284028
1.24994
0.685838
1.44356
0.503085
0.782904
0.251686
2.46324
0.590182
0.97314
0.669978
0.617317
0.768129
1.35734
1.46319
0.655553
0.406717
0.807172
0.734782
2.9084
1.56278
2.30586
2.74961
0.463642
1.20431
0.371312
2.09064
0.382801
1.91043
0.913561
1.7851
2.01925
0.518278
1.11104
0.816388
0.570548
0.498597
0.918982
2.12888
0.887317
1.10207
0.261134
0.291624
0.986851
0.734635
0.996268
0.262379
1.05566
0.481836
0.300445
0.478195
0.931019
0.51468
0.179813
3.4827
1.14256
1.40112
0.575063
1.2153
0.786194
0.472613
0.477041
0.36273
0.276309
0.42221
0.482392
1.33775
0.30363
0.253781
1.85181
0.616522
0.977568
0.859045
2.61392
0.153016
2.31221
0.935824
3.86991
0.163729
1.03919
0.474042
2.49058
0.1213
1.15931
0.627123
0.764414
1.01604
0.846953
1.65263
0.0205164
0.824852
0.19091
0.116067
0.778831
0.580689
0.448936
1.08221
1.56365
0.950676
0.0974734
1.43179
0.891626
0.800659
0.827708
0.480026
0.418433
1.70418
0.628351
1.16746
1.2001
0.676034
0.962948
1.09426
4.81888
1.87134
0.605616
1.44219
0.615354
0.517258
0.53463
0.0945204
0.688465
0.532361
1.12
1.87831
1.35867
0.556759
1.38195
1.6717
1.02604
1.63977
1.95818
2.39491
1.12537
1.43733
0.438891
0.885482
0.114504
0.410291
0.943971
1.12029
0.549479
0.472412
0.0208658
0.444507
0.61447
2.76279
1.20581
0.724881
1.0531
1.01041
1.44415
1.29251
2.12107
0.79942
1.43603
1.15647
1.09128
0.315698
0.9873
1.77102
0.955434
0.706922
1.0623
0.728976
0.960488
0.448222
1.33978
0.393746
0.322642
0.917135
0.685022
1.09863
0.635198
0.0503925
0.561149
0.507588
0.786655
0.258469
1.9633
1.57859
1.51414
1.68221
1.00189
0.193148
0.530028
1.52434
1.99621
1.37373
0.380755
1.86873
0.668433
1.06205
0.508957
0.732315
0.862964
2.08315
0.413716
1.28566
2.0455
2.37104
0.437023
0.556926
2.16577
0.866216
0.801842
0.395567
0.751775
0.198464
1.02962
0.753901
0.879944
0.486787
1.10529
1.38509
0.762742
1.12384
0.743536
0.945204
2.51055
1.39261
2.6704
1.2432
0.41383
0.832072
1.09732
1.15564
0.733292
2.65987
0.604634
1.67865
1.74874
0.439869
0.996562
1.43246
2.42522
0.333599
0.465713
0.374193
0.247077
0.637522
0.0890372
0.609797
1.33397
1.64631
0.232363
2.38543
0.794101
0.371349
0.677694
0.635025
0.320953
0.427208
0.890818
0.323169
0.424155
0.655215
1.78296
1.11949
2.86159
1.09386
1.28509
0.542855
0.138453
1.52375
0.306464
1.4547
0.201468
1.23188
0.550873
1.08026
3.2122
2.82519
0.497424
0.176647
0.604239
1.53044
0.853433
1.36493
0.795779
0.729712
3.00323
0.222632
1.36947
0.265339
0.63345
0.0805959
0.979329
1.64011
0.28843
0.376864
0.279582
0.90497
1.10304
1.92843
0.161654
1.48915
0.919712
0.372139
0.651953
1.08308
0.139608
1.19263
0.521048
0.091208
1.0452
1.61101
0.770243
1.61292
0.785165
0.89947
1.25906
0.59857
0.20808
1.72428
0.459507
0.377934
0.797747
0.133794
1.9661
1.05726
0.770198
1.74276
1.12868
0.477903
0.721825
2.53445
1.64538
4.59739
0.895976
0.47825
0.792234
1.07856
0.891477
0.838833
1.14605
1.62775
1.21283
0.685802
1.71913
1.32439
1.52631
0.467915
2.36194
0.962835
0.629379
1.22238
1.05056
0.556653
2.48852
1.06826
1.27146
1.62106
1.55373
0.285257
1.15712
0.609312
0.911351
0.639992
0.374482
0.6183
0.477698
0.77064
0.18148
0.418762
0.584607
0.227167
0.790383
1.47495
1.10355
1.10247
0.668427
1.23351
1.71313
1.0725
3.44321
1.76935
0.123632
1.26516
1.42804
1.599
0.528773
2.51113
0.881108
2.08841
0.629534
1.19371
1.61854
0.160942
1.59936
1.06803
2.09474
0.332587
2.95808
0.31406
1.13839
0.12574
1.43207
1.80778
0.68965
1.06184
2.08437
0.867761
0.472322
1.0537
2.49106
0.251258
0.125555
1.72498
1.58894
1.7264
0.716823
1.44834
1.87471
0.341584
0.638786
0.566082
1.86713
1.02626
0.328665
1.09823
1.10757
0.407549
1.24006
0.368189
0.580789
1.31847
1.23883
0.574527
0.520818
0.934824
1.7294
0.649128
0.227229
0.628946
1.25068
0.485608
0.899076
0.0629736
2.87424
2.30444
3.2099
0.215269
1.54216
0.564942
1.93265
0.278214
0.566169
0.813231
1.74602
0.852879
1.1967
0.170173
0.610088
0.216886
1.56092
0.498228
3.21416
2.68416
1.45696
0.37676
1.69837
0.629966
0.17284
1.52206
1.64437
0.761646
1.54555
0.68188
0.661085
0.482482
0.256179
0.83833
1.69224
1.83067
2.11376
2.15215
1.74497
0.601219
0.191922
0.0152316
2.47175
0.0188127
1.03628
0.254068
1.46908
0.315072
0.447043
0.992471
1.37901
1.48892
0.732853
1.20693
1.16691
0.578257
1.76498
1.0449
1.16397
0.851473
2.58757
0.0919169
1.78465
0.495902
0.588672
0.227379
0.984311
0.336225
0.822947
0.361155
0.307241
0.26308
0.553737
1.58866
0.981333
2.67515
0.189385
0.486064
1.22141
0.719851
1.15334
0.494594
0.457234
0.420718
2.02066
0.945572
1.17944
0.549711
0.693968
0.835135
1.41104
1.15559
2.86552
0.603173
0.378778
0.865752
1.35818
0.509811
1.13781
0.192507
0.953721
1.50187
0.983159
0.607559
0.282497
0.901762
1.00444
1.2928
3.69709
0.736167
0.286602
0.341189
1.13968
1.64704
0.0403109
1.58887
1.10805
0.593682
0.666247
0.309733
0.258728
2.29604
2.31815
0.397771
2.10486
0.739888
0.657969
0.954694
2.66755
0.28263
0.95734
1.09931
1.68373
0.523155
2.4956
0.547261
1.51653
1.48598
1.06764
0.667952
1.43105
0.807794
0.164231
0.4207
0.901321
1.48887
0.56831
0.545319
0.130556
0.678617
0.770408
0.485974
1.38965
0.542875
0.835381
0.866363
2.57347
0.458618
0.115437
0.667489
1.19687
1.00016
0.244929
0.330856
1.39772
0.83389
0.962055
0.285841
1.16919
0.492496
1.06343
1.72174
0.58674
2.12466
0.342697
1.03787
0.416479
1.17798
1.06748
1.45164
0.89163
0.970452
1.68302
0.71356
0.743712
1.02386
0.786574
0.724468
1.03716
0.908384
0.572997
1.34611
1.34846
0.71656
1.43575
1.31655
0.338885
0.145401
0.362232
1.99935
3.25973
1.75389
0.584942
0.472753
0.872845
0.533084
0.47731
1.24348
0.233033
1.09761
1.54759
0.491611
1.78942
2.57734
1.3587
0.326029
0.228412
0.904261
0.549713
0.372583
0.464472
0.464955
0.0988486
0.462698
0.0834375
0.230248
1.56587
0.610855
0.618693
1.61434
1.36841
0.541081
0.436176
0.437821
0.980332
1.4076
0.713764
0.578102
0.706287
0.238735
0.698238
0.251076
0.495071
0.728918
0.779791
0.766577
2.34995
1.55874
1.38435
0.394379
1.60792
0.62622
0.727449
0.824416
0.573606
0.819822
0.380911
0.244739
2.1787
0.919806
1.08737
0.624911
1.51654
1.70546
1.6867
0.343266
1.2354
0.77634
0.531242
0.0323978
1.09477
1.31901
0.956151
0.400006
0.687761
0.848567
0.845842
0.844259
1.77683
0.578206
1.05255
1.18398
0.413464
0.812332
0.743845
1.11757
1.09325
1.92302
2.61598
4.03805
0.367637
1.72808
0.0293264
0.339377
0.546979
0.990736
1.97224
0.439821
0.335595
0.457493
0.683193
1.89749
1.06195
0.857812
0.89104
2.09623
0.942153
1.18079
0.363668
2.90269
0.55562
2.37504
0.412326
0.398879
0.305281
0.309785
0.53962
0.95379
1.32489
3.25372
0.963387
1.57393
2.29478
1.93191
0.988806
0.381789
1.35194
1.21877
0.338864
0.83413
0.397822
1.19998
1.003
0.196837
1.63674
0.722991
0.971846
0.28584
0.798499
1.78485
0.370364
1.69716
1.24294
0.23801
0.193169
2.04258
0.619287
0.185843
0.410597
1.96135
0.498738
0.419271
1.69874
0.808426
1.01761
0.85201
2.25673
0.756377
0.745808
1.41939
0.897294
1.72262
0.351019
0.694929
0.564121
1.74176
0.471239
0.351204
0.517684
1.24603
0.595205
1.0049
1.26335
1.17438
0.720447
0.892584
0.543677
0.749612
1.7297
0.951195
0.504149
0.956643
2.08745
1.24822
0.400689
0.206293
1.22515
0.874233
0.410835
0.143262
0.443424
0.790038
0.943078
0.717287
0.579032
1.55261
0.802094
1.59791
1.0593
1.56026
0.675361
0.989583
1.3805
0.346839
0.693332
0.924514
1.09849
1.04913
0.238887
0.737058
1.40617
0.289694
2.12975
0.914863
1.46452
1.53059
0.253231
0.512079
1.81257
1.7357
1.63699
0.390888
1.01477
0.331508
0.423967
0.63447
0.224051
0.835076
0.15413
1.123
0.958623
3.24363
1.25429
0.210249
0.793991
0.851376
0.961451
0.55174
1.38444
0.832575
1.2928
1.23673
1.27166
0.971212
0.488007
0.989094
0.391083
1.13584
1.09303
1.0541
0.430638
3.01723
1.8506
0.284663
2.25847
0.502509
1.11411
2.75819
0.713706
0.701834
1.04062
1.31571
1.67521
2.16083
0.836734
1.42318
0.166274
1.50705
0.382107
1.13161
1.95331
0.864444
0.729975
1.13206
0.652618
0.382898
0.229939
1.02824
0.874235
0.242853
0.997335
0.23315
2.01634
0.946228
0.91975
1.10401
1.18713
2.27043
1.95377
0.569267
0.225043
0.269215
0.494435
0.41346
0.833596
2.11013
0.459736
0.919708
0.168047
0.419437
0.45432
1.51047
1.24639
0.351389
0.449164
0.324853
0.371918
1.6203
0.726777
3.37675
0.247975
0.848908
0.144319
0.466131
1.07726
0.422444
2.15344
0.408583
0.129307
1.66888
1.0809
0.988568
1.11396
0.754664
0.100412
0.260852
1.46867
1.30423
0.313659
0.2962
0.758283
0.991359
0.19504
0.248463
1.82032
0.496738
1.26663
0.672815
3.51064
2.30953
1.04824
0.781296
0.19974
0.982767
0.967531
0.621019
0.873335
0.435219
0.957728
1.09358
1.0862
1.16171
2.12559
0.868679
0.203624
3.18995
0.940268
0.470434
0.789463
3.11192
1.08843
0.692259
0.324675
0.808345
1.04276
0.206012
0.459692
0.361872
1.77371
1.20622
1.52971
0.627795
1.03072
0.94237
0.219735
1.03773
1.84758
0.0750989
0.00205664
0.677603
0.684575
0.552952
1.7018
0.941881
0.157814
0.336473
0.906623
0.662623
2.29662
3.32759
0.820937
3.3514
0.252372
0.920105
0.144943
0.911735
1.63638
2.13622
1.22418
0.3933
0.445374
0.515042
1.39892
0.624257
0.59196
0.41998
0.969359
0.759754
0.370795
1.33585
0.146188
0.895838
0.417219
0.934993
1.60437
0.876745
1.79204
1.41896
2.38649
0.295338
0.322253
0.767796
0.769133
0.150303
0.718779
2.4481
1.41127
3.288
1.98693
0.764325
0.200032
1.75663
0.5156
1.16149
1.01255
0.610524
3.35184
0.696435
0.611768
0.701808
0.770488
0.378305
0.514541
0.481008
0.68644
0.281284
0.412642
1.47504
1.76521
0.934992
0.166544
1.10922
0.15149
4.84697
0.927042
0.612294
1.27952
1.66416
2.90738
0.410538
1.07202
1.15116
0.764433
0.624957
0.573594
1.10731
2.00706
0.275121
0.332838
0.833024
0.0761895
0.740679
0.555096
1.84354
2.8777
0.876842
2.08435
0.325214
0.763815
1.84654
1.25238
1.65179
1.29414
1.68662
0.495456
0.6937
1.19092
0.207207
1.87761
1.42396
1.51697
0.374488
1.11432
1.41449
1.37319
1.80566
1.84101
0.757944
0.39398
1.70788
0.847299
0.972565
0.92925
0.856641
2.64066
0.405549
0.176465
0.235638
0.308413
1.69892
1.00894
0.25364
0.370859
2.42904
0.132811
1.43557
0.636148
0.793097
1.2938
1.24291
0.825848
1.4762
0.309421
0.706855
0.489836
0.63689
1.1451
0.71676
1.08945
1.18292
0.371695
2.01139
2.07098
1.23464
0.510725
0.696981
0.814146
0.447862
1.63056
0.983368
0.434714
0.818567
0.728326
2.23629
0.429284
0.62256
0.101833
1.74711
0.585072
0.560483
1.7716
0.280574
0.877346
0.133014
1.93948
0.751103
0.759024
0.452336
2.55864
4.4722
0.382062
0.423794
0.899736
1.81497
0.766891
0.892284
1.62918
0.540683
1.82338
0.0962686
0.752751
0.374112
0.185416
0.65645
0.0615839
0.423843
1.42492
0.448509
1.61933
0.914925
1.77642
0.64146
0.234861
0.535142
1.94659
1.35835
1.07308
1.50907
0.897958
1.94984
0.42395
2.37762
1.22781
0.406818
0.369554
0.800502
0.410543
2.17109
0.730805
1.65677
0.777353
0.910563
0.143583
0.351182
1.55633
0.138546
1.5067
1.08009
0.184238
1.34117
1.99603
1.31348
1.54532
0.487864
0.461244
0.859692
0.678257
0.721449
0.126249
0.603495
0.786067
0.217935
0.538144
1.23595
3.58966
0.89944
2.54667
0.530004
0.207459
1.68733
1.67289
2.76526
0.842444
0.731602
1.83495
2.04848
0.930425
0.438598
0.578317
0.39989
1.47273
1.06483
0.379715
0.329169
0.168687
0.611014
0.478032
0.867167
0.731894
0.552993
2.0496
1.18638
0.748131
1.00559
0.42372
0.723867
0.368629
0.931708
3.38216
0.86557
3.14115
0.599986
1.2157
0.745083
0.732301
0.359827
0.702655
1.06228
0.99013
1.47964
0.540142
0.417266
0.380475
0.232186
0.960301
0.164109
0.372211
0.484477
0.55352
2.30389
1.4847
0.57004
1.33491
1.37427
0.369083
0.837568
0.554779
0.570287
0.971558
0.116251
3.92867
0.461681
0.0864221
1.246
0.526926
0.278871
0.824364
1.01635
0.503984
1.35937
1.15307
0.124619
1.38321
1.27232
0.818075
0.513834
1.20099
0.810949
0.344573
0.908989
1.1023
1.81957
0.599929
0.985498
1.54557
0.546699
1.12705
1.88588
1.16791
1.14443
1.96278
1.09338
0.839806
0.610512
0.664709
1.52038
0.473858
0.787393
0.499893
1.80244
1.69815
0.983953
0.676439
0.448199
0.390468
0.854049
0.396468
0.245193
0.413931
0.263199
0.274991
1.72482
1.08818
1.64281
1.82324
1.42709
0.881916
1.02395
0.294781
0.216684
0.992822
1.06447
2.96647
1.65561
0.225274
0.676711
0.295868
0.898758
2.31835
0.848977
1.169
1.18934
0.393124
1.10189
0.342594
0.262189
1.31804
0.137152
0.561072
1.46648
0.170686
0.712326
0.602754
1.83365
0.817924
2.55928
0.320277
0.346356
0.412582
1.45191
0.966128
1.21223
0.927055
0.421555
0.311874
0.882181
1.0232
2.09765
0.874725
0.966638
0.772045
1.04883
0.706586
0.981558
1.32223
0.748476
0.252884
1.17106
1.03945
0.198526
0.0736206
1.30772
1.27857
0.674146
1.33448
0.67385
0.863769
0.728228
0.597746
1.28435
0.509007
0.119646
0.567343
1.02998
2.25136
1.25224
0.510718
1.3166
0.79462
2.45196
0.764308
1.84189
0.81623
1.36266
0.733387
0.68935
0.951757
0.316635
0.299921
0.283876
1.42285
2.13789
0.656047
2.03616
0.703443
0.593894
0.891994
1.04563
0.540223
0.556847
1.79732
0.178009
1.42989
1.07793
0.300989
0.0634863
1.35574
0.53269
1.92282
2.10566
1.44949
1.10848
1.63365
0.687427
2.28405
0.221363
0.291337
0.64044
1.85002
1.77823
0.701437
0.701294
2.85177
2.60046
0.447088
0.477406
1.15048
0.5785
0.425974
0.295758
1.43092
0.413623
0.785434
1.14191
0.940674
0.750285
0.846996
1.20864
2.31919
0.848079
1.58641
0.438577
0.117083
1.51398
1.81782
0.886556
1.30125
0.246155
0.312112
0.62394
0.243851
1.38396
0.520794
1.31665
0.729601
1.23315
1.33485
0.440639
2.61691
0.710314
0.817347
0.405606
0.723898
0.373436
1.17863
0.379213
2.19765
0.71768
0.385541
0.532389
1.47026
0.504233
1.33721
1.50759
0.327256
0.670925
1.08395
0.49677
0.869109
1.60116
0.497931
0.791893
0.0971857
0.839144
2.43633
0.537496
0.449954
1.78827
0.360056
0.965292
0.669489
0.223505
1.12436
0.187413
1.22856
0.169842
0.62392
1.28451
1.49801
0.727215
0.273942
0.221691
2.04716
0.707305
0.0876587
4.17657
1.32819
2.76001
1.70983
0.691145
0.439442
0.745826
0.690271
1.31644
1.15076
0.364817
0.328669
0.993495
1.14085
0.860689
0.552828
1.61193
2.35149
1.54133
1.14737
2.09747
1.21092
0.237446
2.18071
0.550107
1.73221
0.183069
0.378473
2.50026
0.621477
0.67388
1.24141
1.04269
1.38485
1.21089
0.513375
0.246781
0.514841
2.91101
1.60867
0.267987
1.53563
0.379441
1.84631
1.34544
4.75572
1.34758
1.62236
0.807042
1.43027
2.9598
1.25566
1.26087
1.22795
1.11979
2.4384
1.68306
0.524313
0.532943
0.439617
0.314788
0.122097
0.440267
2.49719
0.898033
1.08446
0.76438
1.62142
0.368673
2.00853
1.31356
1.73109
0.232941
0.222272
0.283236
1.06365
1.053
1.10486
0.380769
2.15722
1.54609
1.96211
0.260741
0.461888
1.33198
2.34183
0.96939
1.03686
0.747457
0.970453
0.718865
1.50168
0.833934
1.59
0.0216937
2.78415
2.15056
0.867794
1.86223
1.38677
0.125097
0.567894
0.852208
2.10007
1.61154
2.18077
0.849943
0.401414
0.878712
2.7871
1.10392
0.399373
1.43888
0.152244
0.307637
0.437149
0.704561
0.751834
0.205373
1.69098
0.567176
0.358541
0.558479
0.36813
1.39206
0.786801
0.946583
0.879271
1.95769
0.875682
0.735479
1.34957
0.863314
0.612054
0.795028
3.31811
0.959587
0.826332
0.54472
1.26794
0.11949
2.4115
0.556301
0.974385
1.70373
0.154154
0.844784
3.25118
0.239053
1.85742
0.736244
0.712565
0.560973
1.44515
3.10302
1.5113
1.47987
0.716443
0.120309
1.12528
0.562002
1.67315
0.274984
2.47188
1.50934
0.737815
4.31055
0.963737
0.726498
1.50664
0.432986
1.45108
0.294745
0.464138
1.28584
1.16095
0.298843
0.990239
0.624529
1.23425
1.9876
0.877017
0.60945
0.869399
0.89616
0.521113
0.45547
0.652761
0.138034
0.382935
1.00295
1.50931
0.987209
1.10814
0.39917
0.909292
1.20701
0.188569
1.18011
1.47379
1.31131
0.203358
0.845716
1.78006
0.907528
0.549834
0.105106
1.17572
0.202279
0.0743818
1.72967
1.17838
2.78363
1.29375
0.463612
0.361409
1.86874
1.4804
0.426498
0.577919
0.5361
0.564223
0.413435
0.775948
1.88309
2.11027
1.13144
0.422352
0.528816
1.28588
0.350361
0.615868
0.136836
1.19251
2.36433
0.686121
0.198197
0.249367
0.549413
0.0734984
1.70689
0.538673
2.13321
0.742328
0.966258
0.754065
1.46119
1.56155
1.7724
0.740469
1.9436
0.387535
0.306592
2.06952
1.68978
0.72348
1.53644
0.776612
0.445464
0.944831
1.54279
3.35054
0.77682
0.712143
0.281782
0.123986
0.600868
0.547964
1.64023
0.569637
2.09941
2.91911
0.347073
0.47797
0.532935
0.832761
1.52272
0.211183
1.05694
0.05013
0.81183
0.605263
0.538539
2.48472
1.09972
0.783723
1.30682
1.23692
0.971022
0.180729
0.336225
0.317053
1.90703
1.07416
1.51054
2.00649
0.957636
0.518183
1.50765
1.94573
0.66194
0.316278
0.3442
0.444165
0.214762
1.00187
1.92962
0.422236
1.03171
1.61976
1.09522
1.69863
1.2033
0.682307
0.589231
3.37598
0.575229
0.666202
0.595259
0.434548
0.640935
0.36287
2.13767
0.449947
2.12485
1.94026
0.807548
1.24628
0.480999
1.3499
1.22547
0.312694
2.78806
0.666859
0.651844
1.33062
1.03664
0.0814508
0.300452
2.34893
1.27581
2.12243
1.5471
0.408509
0.356613
1.78437
0.814068
0.657141
0.057077
1.32793
0.500745
0.84336
1.50158
0.856508
1.63064
1.09149
0.798006
0.250671
0.909332
2.56777
1.06885
0.427733
1.41151
0.348014
0.26815
1.74345
0.206032
0.709613
2.4785
1.09771
0.472221
0.790873
0.846657
0.696388
2.18269
3.22346
1.04827
1.3205
1.78755
0.139349
0.945125
2.09015
0.950188
1.22051
0.40725
0.477829
1.51595
0.870984
0.996895
1.47859
1.39432
1.56632
0.425683
1.31875
0.453546
1.68707
0.838415
0.937963
1.13314
0.164827
1.82968
0.767982
0.282336
1.591
0.506838
0.743788
0.0547489
1.08299
1.27092
0.968812
0.410843
2.29155
3.68746
1.03065
1.47154
0.897232
2.55333
0.204223
1.35812
0.182101
0.194673
2.44777
0.644916
0.273804
1.44766
1.20376
0.393493
0.764539
1.13778
0.284369
0.769092
0.42275
4.03955
1.8717
1.22525
0.96355
0.823137
1.63216
1.1362
0.332172
1.05956
0.947822
1.0293
0.581914
0.0466292
0.709583
0.30784
0.702414
0.238433
0.592622
1.98126
0.164184
1.03946
1.79023
0.681305
0.90425
0.244746
1.14415
1.52938
1.02029
1.47303
1.7169
0.879755
0.18145
0.468181
1.03675
1.72601
0.0816216
0.212542
1.50142
1.16292
0.561886
0.900249
0.48474
0.868753
2.64115
0.577112
0.932353
1.80438
0.804151
0.14549
0.312695
0.545692
1.04273
0.94817
4.34988
0.169528
0.52864
0.241376
0.378632
1.09982
0.896655
0.634208
0.796879
1.19831
0.960321
1.0605
0.508165
2.10637
0.403104
1.62522
1.6501
1.01411
2.64705
0.859915
0.198362
0.372741
0.612373
0.75999
1.92816
3.547
0.386895
0.314138
0.909578
0.57658
1.08093
1.15768
1.30317
0.752037
0.566644
1.64861
0.408832
0.836052
0.608841
1.05658
1.1632
2.97496
0.839368
0.299362
0.834284
0.604473
0.411839
0.851593
1.18963
0.4644
0.818136
0.527077
0.750658
2.21418
1.15169
0.194534
0.928918
1.02191
0.276223
0.178193
0.616193
1.2535
1.15144
0.685587
1.08402
0.462186
0.572148
0.505413
1.38908
0.23677
0.492677
1.12643
0.800923
1.48284
0.509394
1.03491
1.17111
0.219621
0.815967
0.582486
1.58826
0.647546
1.66166
0.842529
0.189289
0.677244
0.858538
1.13821
0.476081
0.121466
1.9901
0.74232
0.0622276
1.37582
1.08845
1.92668
0.664508
1.589
1.43575
1.47201
2.2178
0.486913
0.44012
0.228766
0.322581
1.49654
1.0153
1.74267
0.611605
1.46466
0.720948
0.506397
0.325025
1.36464
1.15736
0.314035
1.08222
1.57291
0.122119
0.780965
0.22931
2.1568
0.982371
1.9684
0.232299
0.682861
3.29753
1.56179
0.925827
0.999544
1.17026
0.731406
0.899271
0.751536
0.728453
2.16503
0.792065
0.483837
0.999223
0.451591
0.534319
2.16005
0.235628
1.94852
0.284556
0.375443
0.670207
0.738384
1.77424
0.715941
0.486677
1.37263
0.603882
2.34404
1.27976
0.686554
0.541267
1.32111
0.641737
2.19912
1.33493
0.934337
1.6489
1.54374
1.14206
1.67614
0.528749
0.340282
2.39459
0.553233
1.04043
0.141375
1.39196
0.634685
0.8335
1.32113
0.423829
0.101804
1.46867
2.31697
0.53757
2.40203
0.522791
0.335146
0.169036
1.28993
0.396188
1.139
1.98632
0.49454
0.792272
0.5
1.33649
0.24882
0.262799
1.3916
0.394215
0.151209
1.51551
0.404459
2.22482
0.320766
1.37428
0.386393
0.661116
1.70272
1.80743
2.59858
0.824116
1.58424
1.21414
1.22354
0.288925
1.29221
0.772757
0.562707
0.75543
0.736679
0.236196
0.373085
2.61119
0.96243
0.578423
1.01961
2.55708
1.69193
0.100373
0.308586
0.70438
0.751498
0.497237
1.41217
0.316807
0.235116
0.417109
1.69898
4.14287
0.757701
2.7412
2.3351
0.765704
0.843064
0.479812
1.44901
0.45519
0.391714
0.298195
0.188001
0.748321
0.708311
0.0341949
0.584969
0.762076
0.771264
0.169366
0.150354
0.55368
4.21528
1.20373
0.458993
0.396722
0.514736
0.595957
0.427871
0.801977
0.891244
0.382664
0.899179
1.01374
1.41654
0.207123
1.88019
2.2686
0.260165
3.10094
0.314974
0.330954
0.671954
0.634379
0.609838
0.680415
0.765071
1.08084
0.606381
0.704238
0.331636
0.53023
0.625489
0.890734
2.11202
0.564363
0.824399
1.80247
0.887846
0.236808
0.393171
1.57121
3.52458
1.81158
0.926053
1.03201
0.0736921
0.427432
0.743848
0.17812
0.237023
0.75887
0.366805
0.812106
0.142778
0.1713
0.786485
0.366831
0.627863
0.665548
0.0732444
0.530239
1.06574
2.20337
1.44678
0.74707
1.7457
1.27833
0.394583
0.975975
1.45868
0.352684
1.50189
0.386539
0.773488
0.575011
0.526388
1.47535
0.709466
1.65018
0.734575
2.1333
0.469633
2.23706
1.1464
2.01112
2.23689
0.848421
0.457606
1.15651
1.01855
1.15855
0.666404
0.350826
0.356584
0.412655
0.183869
1.5893
0.504899
0.467525
1.01338
2.20959
0.552554
0.999837
1.7164
2.54706
0.766102
0.466791
0.696854
0.597972
0.749796
0.157109
0.290643
2.45392
0.661546
0.244303
0.784292
1.0771
1.82798
0.403816
0.312397
0.550228
0.31442
1.13134
0.698982
0.518925
0.771968
1.97222
0.879646
0.78727
0.586594
0.998495
2.06301
1.06146
0.376497
0.81409
0.472815
1.23133
2.12675
1.78888
0.679042
0.572678
1.15443
0.585732
1.00573
0.866328
0.36234
1.53371
0.374125
2.50365
0.479238
1.16828
0.374129
1.14846
1.36047
1.02346
0.898446
1.22217
0.387299
0.592007
2.06302
1.61008
0.336065
0.918504
0.794886
0.778783
4.28775
0.551517
1.44145
0.609129
0.829936
1.39251
2.3114
0.445212
1.37885
0.431166
1.13684
2.18606
0.358504
0.862067
0.716054
0.117926
1.18107
1.57454
0.728015
2.22625
1.83944
1.96716
2.42142
2.32585
0.775015
0.194488
0.494802
0.452194
0.779021
0.443697
1.88346
0.615179
0.632262
0.460858
0.691332
0.858709
0.94303
0.339071
0.699493
0.483126
1.46058
0.438396
0.408223
1.04632
0.456792
1.50572
0.765254
0.589643
0.704089
1.04731
0.665869
1.8876
0.770651
0.462819
0.482941
0.625602
1.17985
2.96558
0.403221
0.253871
0.635342
1.0495
1.48415
0.99399
2.73436
0.88315
0.525109
0.138296
0.273409
0.356429
0.194728
0.499493
1.25521
1.40263
2.3281
1.71342
0.545662
0.533403
1.2472
1.11357
1.40144
0.996056
2.50295
0.369369
0.150695
1.47351
0.368246
0.97213
1.27405
0.2596
0.655355
0.487891
2.14888
1.03359
1.04801
0.673629
0.693068
1.03133
1.27224
0.0552535
0.199822
0.595605
0.449139
1.15855
0.430081
0.871651
0.348476
0.530099
0.387542
0.921474
0.568994
1.13476
1.13854
2.13399
1.44727
0.715429
2.20605
0.771046
0.20752
0.886443
0.294485
1.82515
1.00986
2.03377
1.23848
1.51387
0.96041
1.56162
0.457046
0.201154
0.666043
1.0418
0.905353
1.28473
2.45122
1.02221
0.654089
0.736512
0.754213
0.500237
0.150256
0.473153
0.292628
0.319454
2.06878
1.80167
0.622135
0.11061
0.437915
1.06896
0.604488
0.179804
0.20673
0.583495
1.04804
0.317636
0.204874
0.685378
1.00638
2.59126
0.477368
1.3986
0.532188
1.91829
1.4104
0.406203
0.639477
1.15769
0.193696
0.829167
2.36723
1.25087
0.0908216
3.15481
0.247416
0.897593
1.17479
1.1798
0.717605
1.12659
1.22009
0.427701
0.38687
1.24765
0.496374
1.61855
0.583548
0.733773
0.382448
0.365489
0.734731
2.53717
0.945865
0.99391
0.915304
1.34688
1.39517
1.57091
0.39791
2.06267
0.652514
0.225975
0.152838
1.51619
0.681264
2.20888
0.46627
0.88772
0.675493
0.47564
2.00524
0.425716
0.923251
1.08238
0.404896
0.886884
0.975805
0.45205
0.6536
1.43508
1.52806
0.923191
2.19131
0.58712
1.48478
1.99639
0.803118
0.50673
0.604298
1.96609
1.21855
0.185038
0.706447
0.989899
0.523948
1.57253
0.715823
0.663423
0.782933
1.00286
0.393718
0.463054
0.968721
0.0903229
1.26345
0.413004
0.40705
0.456454
0.481167
0.368077
0.430624
0.673649
0.449958
2.20358
0.489035
2.10972
0.166748
1.11152
1.12197
2.05398
0.572865
0.842375
0.556591
0.488099
1.57021
1.7127
2.50018
1.62518
0.540439
0.834587
2.08274
0.571765
0.529104
0.810063
0.335213
0.409577
2.02559
0.636232
0.705056
1.26154
1.29384
2.42645
1.14493
0.816735
3.70956
0.510425
2.05772
0.123406
0.940053
2.44049
0.134049
0.902005
2.42693
0.486938
1.59739
0.668712
0.301306
0.944795
0.512188
0.658921
0.960962
0.37297
0.604786
0.557811
1.07814
0.217624
0.354221
0.521579
0.427714
0.306142
0.382569
0.484094
0.312955
0.678137
0.964997
1.67335
1.30133
0.835359
0.93828
1.57024
0.538643
0.192698
0.500786
0.479439
0.506563
0.395311
0.759928
0.375246
0.905747
1.12105
2.38657
4.03923
0.746931
0.192617
0.782485
0.881281
3.41626
0.57205
0.873662
2.09885
0.501158
1.38989
0.484616
0.28058
0.823026
0.366315
0.673115
1.31754
0.957164
1.6523
0.254221
1.22043
0.237706
0.832584
2.30919
0.739093
0.652348
0.143449
0.0549152
1.14572
1.26571
0.402237
0.692708
2.0487
1.22547
0.559217
1.28761
1.00664
2.45425
1.16532
0.509384
0.854298
0.331141
0.790196
1.35289
1.54653
1.86843
0.502565
1.26405
1.40655
0.531216
0.109912
0.888325
0.63654
0.203721
0.522623
1.42249
0.75762
0.57036
0.824317
0.733136
0.993963
1.18645
1.24476
1.45708
0.511953
1.44207
2.44295
0.580978
0.225289
0.670025
1.24535
0.703078
1.38831
0.743994
1.14517
0.305697
1.02959
0.741885
1.07964
1.12849
1.12257
0.27825
0.659788
0.952482
1.22073
0.204262
0.809703
0.635243
1.37099
2.14892
1.29395
1.36502
0.570348
0.468189
2.91688
1.57187
1.09593
0.406403
1.27558
0.600096
2.9911
0.659553
1.32302
0.318172
1.09147
0.454874
1.70582
0.178885
0.263694
0.421837
0.326231
0.869927
1.3957
2.41536
0.164267
0.835612
0.27343
1.08048
0.449198
0.771846
0.991979
0.64376
1.10959
0.355343
0.997032
0.262203
0.216461
0.4841
0.529403
1.3414
0.751517
0.194394
0.742765
0.251788
0.611298
1.40236
0.925019
0.131171
0.27488
0.900959
1.52059
0.421722
0.589476
0.859857
0.869504
0.794398
1.95316
0.471479
2.91878
2.25514
2.98058
0.197329
0.462474
1.67804
1.01912
0.802509
1.81874
1.14938
0.982425
0.510344
2.07218
0.383474
0.832354
0.904864
0.523787
0.226098
1.33573
0.547724
0.372995
0.415914
0.614439
1.35145
0.233737
1.44807
0.479305
1.77965
1.72408
0.126309
0.529269
1.19221
0.354546
1.51749
1.20161
2.62953
2.64608
2.38493
0.108476
1.84543
3.06951
0.933992
1.57522
1.13065
1.26268
0.584026
2.13609
0.769258
0.329737
1.89756
0.274189
0.762623
0.218697
0.332634
0.443414
1.7892
0.958358
0.569397
0.441886
1.57696
0.424308
0.777231
0.771292
0.482025
0.246743
0.748596
1.86022
0.65171
1.32527
0.845184
0.438199
1.57362
0.359356
4.21938
1.52164
0.851521
0.48871
1.13597
0.82637
1.19176
2.65548
1.10122
0.756686
1.25258
2.53932
3.13535
1.47895
0.146612
0.505824
1.085
1.00614
0.567422
2.92584
0.0950006
0.868995
1.59081
0.531316
0.591105
1.24254
0.374869
0.679306
0.523566
0.85561
2.00964
0.702129
1.84554
0.556274
0.436025
0.904098
1.68425
0.437878
1.2835
0.863893
1.03793
0.276396
0.621277
0.981808
0.942735
1.37453
0.419626
0.53639
0.502029
1.28062
0.071712
2.26887
0.543632
0.150885
0.472029
0.663453
0.673787
1.00207
2.36237
2.09928
1.35768
2.25019
0.448751
0.954627
1.03117
0.428641
0.186385
1.88496
1.42797
0.473139
1.13357
1.33778
0.367737
0.963645
0.774157
2.13947
0.704289
1.72199
0.108639
0.894806
1.05551
1.18562
0.518173
2.73421
0.424386
0.212283
0.1502
0.229177
0.67467
0.786204
1.7056
0.190862
0.944578
3.40645
3.23202
1.35417
0.616481
2.04975
0.114818
0.463096
1.57713
0.71941
0.231284
0.210552
0.35135
0.320794
0.5829
0.334398
1.51498
0.36558
0.383405
0.529104
0.110978
0.626912
0.850763
1.74546
0.158942
0.426026
0.786363
0.783436
2.01642
0.854206
0.470929
0.805694
0.525178
3.29221
1.35198
1.45772
0.859787
0.821665
0.669779
1.07406
0.388646
0.44243
0.692464
0.846226
0.848234
0.139541
1.35917
0.69492
1.78157
0.764194
0.821045
1.973
0.732399
0.0757353
0.805903
1.20156
1.37749
1.31354
0.0879891
1.89496
1.60354
0.812941
0.542275
2.08522
0.348784
0.525658
0.406046
0.500247
2.3631
0.232279
0.0811027
0.643685
2.05949
0.802312
2.05372
1.17535
0.56729
1.32136
1.27943
0.918153
0.505577
0.0949962
1.4728
0.857758
2.04013
1.0739
1.26136
1.00182
1.90331
0.472368
1.33504
2.68911
1.07657
0.927061
0.640107
0.810557
1.50925
0.398894
0.871253
1.42014
0.252626
0.352869
0.334727
0.718269
1.29078
0.377081
0.230383
0.336766
0.382931
1.69803
0.478785
1.42532
0.378848
1.88003
0.91678
1.20711
1.03294
0.690163
1.77068
0.438517
0.89192
0.718499
1.12502
0.317539
0.400414
1.78943
0.764518
0.736441
0.697495
1.01457
1.51449
2.93665
0.986714
1.92643
0.25134
0.663195
1.55784
1.57052
1.84355
0.79403
0.209874
0.685805
0.735555
0.418047
0.868663
2.33904
0.294054
2.12084
0.113792
0.374113
0.878198
0.59803
1.61327
0.941341
0.126248
0.382876
0.869087
0.858348
0.878643
1.7993
0.896217
1.30742
1.26757
0.902191
0.242022
0.176628
2.30631
0.426904
0.830512
0.766718
1.88799
0.781948
0.776228
0.429077
0.627882
1.40956
0.775428
1.42387
0.242754
0.327851
1.49323
2.29072
1.3956
0.997759
0.8147
0.877387
0.709935
0.285567
0.788542
1.59325
0.362984
0.333826
0.754295
0.380597
1.03607
0.626258
2.48229
1.7321
0.383364
1.27007
2.53439
0.196933
2.02392
0.479526
1.20958
1.00938
0.233929
0.758387
0.361652
1.76154
0.570322
2.19481
0.608614
0.423633
1.17952
1.71214
1.48332
0.618733
0.369696
1.35388
0.491889
0.635355
1.02254
0.279623
1.08252
2.38329
0.959781
1.63765
0.41385
0.612713
1.00691
0.0566094
0.740161
0.831762
1.34383
1.46712
0.515585
0.284361
1.5674
0.18326
0.475419
0.587805
0.446713
0.638523
0.309655
1.50307
0.16408
1.4886
1.46074
2.0546
1.61256
0.185555
0.156478
1.03898
0.507666
0.51474
1.19589
0.0256861
0.241519
1.2262
0.393162
0.702001
0.862337
0.148606
1.58062
1.07205
2.32536
1.19448
0.68423
2.17726
1.27074
1.26908
0.451747
1.38532
0.1312
1.12129
0.610574
0.431474
2.25503
1.02869
1.01426
0.977539
2.1554
0.615687
1.32009
0.620989
1.47976
0.640077
0.326431
0.681059
0.49639
0.257112
0.147987
1.67373
0.589671
0.439937
1.11706
0.588433
2.58276
0.997176
0.845562
0.261379
0.836818
0.453841
1.08914
0.532575
0.950026
0.425252
1.75763
1.59949
0.0658214
0.467199
2.14284
1.81663
1.09025
0.310177
0.809347
0.0938107
0.940531
0.340542
3.19447
0.935804
0.532161
0.886565
0.756563
0.277802
2.17685
0.481994
0.38232
1.09309
0.654313
0.567854
0.0760887
0.441776
0.478299
0.895566
2.13272
0.219861
0.648597
1.18411
0.85889
1.62962
1.91908
0.279628
0.371099
0.692846
0.14968
0.907128
0.892705
0.975779
0.300881
0.378402
1.07653
0.762591
0.633904
2.53089
0.285306
0.652365
0.57212
1.49887
1.50281
0.493803
0.334221
0.843573
0.466221
1.03376
1.45728
0.558961
0.475626
1.54597
2.42446
0.653786
0.682934
1.40669
0.411416
0.441635
0.931849
0.174809
1.28399
1.17851
0.874528
1.36866
0.805569
0.644892
0.260257
0.456785
1.31529
3.04614
0.90481
3.83241
0.802506
0.558435
0.2308
1.02188
1.88052
1.08535
2.23432
0.53436
1.19803
0.124009
2.04659
0.385351
0.600134
0.674504
1.10564
0.821607
1.30514
0.408549
1.67016
1.8183
0.780588
0.173141
0.871298
1.69599
0.208299
0.262882
0.369756
0.760558
0.391054
0.225383
1.74066
0.434267
0.763583
0.909994
1.63823
0.399667
0.589423
3.04517
0.591244
0.33996
0.462852
0.728573
1.28341
0.472309
1.7436
0.979049
2.29769
0.894306
0.284139
1.07699
0.805538
1.32331
0.371529
1.00247
0.567686
1.59638
1.38162
1.57433
1.07638
1.07429
0.551584
1.11848
0.500255
0.921197
1.01651
0.675849
1.5707
0.119379
2.49387
0.901012
0.96955
1.10843
0.498774
0.793314
0.700513
0.976317
0.947094
2.29786
0.590488
0.727662
1.38839
0.949882
0.780599
1.57543
0.898722
0.369399
2.4556
0.277004
0.448169
0.890625
2.06341
1.17484
0.286312
1.36556
0.302962
2.45175
3.51946
0.675999
0.359856
0.186764
0.364473
1.42946
0.688711
0.642968
1.1867
1.50396
0.380264
0.635268
1.82296
2.44384
0.505443
0.943078
0.131704
1.59254
0.27746
1.29991
1.59667
1.51055
0.911542
0.681839
0.537448
0.659449
1.81587
1.23633
1.03732
0.485131
0.458078
0.0438799
1.89205
1.20158
1.87297
1.36224
1.28056
0.989948
0.222041
1.595
1.04643
0.372168
0.0402728
1.75896
1.3096
1.43284
0.931183
0.488161
0.71697
3.02015
1.33107
0.262809
0.918243
1.06154
0.987626
0.706774
1.14734
0.883141
1.14315
0.607198
0.553174
1.97451
0.192973
0.365267
0.797695
1.30352
0.572014
0.438301
1.45491
0.545445
1.25811
0.452005
1.70968
0.428052
1.00484
0.257738
0.631404
1.1562
0.648348
0.922056
0.689674
1.8551
0.927754
2.09685
0.935356
0.280041
0.187643
0.913404
2.13938
1.26582
0.237784
0.759231
0.706939
0.770914
1.08351
1.54472
1.10198
0.873519
0.639067
0.324005
1.01539
1.11585
0.870901
0.93861
0.853786
0.857636
0.591357
0.404838
1.92934
2.48898
1.72032
0.966079
1.57469
0.681794
0.645712
1.05197
1.85125
0.980762
1.20292
1.42663
0.133105
1.20238
1.32371
0.66066
0.474778
0.587502
0.180484
0.409583
2.14043
0.852597
1.70303
0.656415
3.34278
1.42204
0.680859
1.51243
0.868067
0.807969
0.667216
0.910327
1.07176
2.66928
0.523186
0.417561
1.79483
0.562944
0.617297
0.44603
0.431484
0.463445
2.60113
0.272819
0.49311
0.712124
0.42377
0.914183
1.56531
0.925955
0.934679
1.04351
1.33458
1.7607
0.729787
1.08674
1.90638
0.933146
0.753776
0.598856
3.30825
0.670967
0.768913
1.02555
0.889596
0.313916
0.857528
0.933268
0.236544
0.313309
0.0552247
0.758505
0.160212
0.367241
0.200508
0.769455
2.28755
0.892485
0.603728
1.05505
1.37602
0.609817
2.05728
1.11
1.26959
1.23406
0.634041
2.54602
0.956931
1.37727
0.593318
1.03829
1.89494
1.32212
0.989955
0.646585
1.42284
0.848197
0.545351
0.398369
1.33633
1.65079
0.302541
0.332525
1.36748
0.347279
0.687771
2.56493
0.956066
0.284521
0.82717
0.590664
0.826254
3.68607
1.10915
0.263913
0.924823
1.41367
1.02307
2.40397
2.24781
0.70184
2.4357
1.26742
1.1048
1.08365
2.12983
0.361196
1.75959
3.16852
0.484063
0.978251
0.437183
1.55867
1.75269
1.03071
3.31243
0.85844
1.31724
1.18221
0.665411
0.696087
1.8459
1.30863
1.26371
1.39808
0.418201
0.930323
0.200399
1.46221
1.53618
0.963037
1.71209
1.52552
0.109173
2.17087
1.31774
0.425981
0.393035
0.308196
2.12783
0.719444
0.827789
2.45094
0.85306
0.498927
0.256564
0.218013
1.57574
1.91465
0.289555
0.71141
0.765138
0.0774827
0.151326
1.27954
0.788052
2.06905
1.60994
0.15102
0.537612
1.20427
1.1037
0.248337
0.415833
1.28299
0.477478
0.827359
2.05442
0.475858
0.787715
1.89142
0.484921
0.203926
0.955144
0.691881
0.327769
1.73702
0.606159
1.06938
0.896988
0.368921
0.530155
0.879675
0.855893
0.259087
0.880208
2.35314
1.78826
0.114256
1.00401
0.899278
0.646952
1.12243
1.10532
0.805827
0.718292
0.260063
0.724053
0.430252
1.22352
1.70057
2.03049
0.730857
0.60857
2.2466
0.472578
1.57156
0.900398
0.234797
3.2898
0.774802
0.88835
0.373472
0.390053
1.69951
0.301853
1.93754
0.331547
0.612327
0.195243
0.801176
0.874781
1.67693
0.36149
2.00295
0.120305
1.07391
1.084
1.12456
2.12121
1.35189
1.91888
0.360226
1.80397
0.641294
0.372383
1.91222
0.799486
0.841123
0.526066
1.94048
0.370157
0.871867
0.40198
1.48103
0.401545
0.444224
2.02254
0.521639
0.673178
0.840944
0.887412
0.747896
1.94908
1.49876
0.38694
0.551896
1.41773
1.06082
0.169843
1.02365
0.482582
0.508876
1.51387
2.70173
0.320208
1.65172
0.7724
0.802365
0.967746
0.461694
1.3518
1.64976
1.25191
0.770135
1.07203
2.18048
0.954693
0.737265
0.693836
1.94698
0.520829
0.506664
1.64206
0.569952
2.19796
1.93252
1.8498
0.789415
1.20603
1.84919
1.57765
0.636919
0.566775
1.02269
1.30811
1.54091
0.668918
1.61112
0.492414
0.869765
0.273706
0.53699
0.507326
1.559
0.696009
1.78397
0.368773
1.84232
0.168937
0.654987
0.389219
1.35076
1.66878
0.292087
0.882272
2.3044
0.411263
0.463755
0.147535
0.81308
0.592065
1.0068
1.54999
1.75443
0.266383
0.227022
0.620854
0.814197
0.69994
0.279468
4.10167
1.70109
1.48019
0.810299
0.262204
0.665061
0.636391
0.272522
2.57083
0.688655
0.277651
1.51452
0.412805
2.31177
2.25169
0.481592
1.72497
1.26249
0.937241
1.1652
0.332254
0.721413
0.909131
0.466485
0.962257
2.87337
0.0783871
0.283828
0.824138
1.97024
0.41471
0.552585
1.64894
0.185145
1.65385
0.880392
0.19256
0.438511
3.94482
0.915881
0.552784
1.45136
0.206001
1.14085
0.810637
0.442327
0.574356
0.881533
2.27494
0.611233
0.883684
1.55021
0.362827
1.68479
1.06004
0.359334
1.38557
1.40094
1.47399
0.724588
0.493858
0.787156
0.976164
2.32715
1.6188
0.254704
1.23202
1.35195
0.402592
1.74635
1.66494
0.302927
0.498942
0.832822
2.11291
0.985769
1.11839
0.693792
1.47729
1.21633
0.371171
0.937051
0.999971
0.504692
0.445832
1.2747
1.20588
0.385932
1.01843
1.21489
1.06601
1.32812
0.303
0.121298
0.891287
1.87039
1.98798
2.26469
0.882244
0.598935
0.395766
0.941257
0.667935
0.174877
1.65427
1.84153
0.468335
0.849541
0.691086
1.56248
0.645149
1.54415
0.469031
0.20625
0.378685
1.05457
0.405013
0.30238
0.675885
0.75636
1.62211
1.13983
0.233344
0.40626
2.78184
1.14063
1.37638
1.83137
0.981988
0.326735
1.39119
0.158031
0.271954
2.45782
0.503004
2.35258
1.12726
1.23807
0.563693
1.18348
0.100222
1.20571
1.02784
1.59998
0.861101
0.992324
0.894075
0.479577
0.787984
1.12443
0.705653
0.996897
0.168012
0.596032
1.07122
0.502497
0.533341
1.54544
1.63387
0.631954
0.472604
2.97556
0.227358
2.54931
0.518845
1.10418
1.15096
1.54501
1.33182
0.164973
0.444147
1.00138
0.668931
0.807428
0.777813
0.540191
0.105244
1.4074
0.225162
0.525989
1.42412
1.54523
0.700438
1.42587
0.607977
1.25161
1.03171
0.949448
2.14314
1.15763
1.44632
0.260117
0.17427
1.99653
0.387722
0.821531
0.403186
0.739623
0.197677
1.07655
0.974536
1.81156
0.240963
0.403951
1.30435
0.145058
0.842134
0.877861
0.670445
0.701912
0.198894
1.32033
0.478672
0.454138
0.807947
1.68594
1.02488
0.552369
1.52463
0.707906
0.897907
0.706067
0.885144
1.11364
0.883508
0.526093
0.781712
2.31749
0.748847
0.335681
1.08184
3.06388
0.689514
0.339381
1.21729
1.26774
0.964127
0.372246
2.23181
1.91137
0.861725
0.504978
0.439589
2.14621
1.36163
1.03679
0.977334
1.09172
1.11447
0.121939
0.428423
0.672258
0.640049
1.02699
1.01275
0.179225
0.642151
0.397011
0.572174
0.348132
0.597973
0.67677
3.02729
0.871692
0.013123
0.931344
1.00884
1.57523
0.250337
1.35459
0.463619
1.39258
1.14793
0.717875
0.33489
0.790013
0.596046
1.80232
2.97264
2.02741
2.12177
0.429241
0.808437
0.626708
1.01552
0.87283
0.792036
0.691822
1.0195
0.337775
0.706298
0.368789
0.729549
1.66452
0.819614
0.154102
0.449182
3.3001
0.671032
1.38216
1.45908
0.361615
1.26735
0.883424
0.584195
1.53558
1.3803
1.26585
0.276541
0.852048
0.722646
0.635207
1.15913
0.691684
1.72465
0.838343
1.04271
0.222734
0.983452
0.262106
0.176982
3.82008
0.854123
0.554343
0.425979
0.244439
0.825293
0.314207
0.779183
0.239685
0.755815
0.654799
0.661653
0.693834
1.14272
0.890825
0.188606
0.339642
0.453425
0.603267
0.340923
0.289479
1.53191
0.34808
0.718326
1.58811
1.15425
0.343297
1.30989
1.68947
0.577813
0.84296
0.217363
0.750768
0.219375
1.19628
0.918134
0.882086
0.117274
0.877644
0.526899
1.0414
1.11955
0.995861
1.30672
0.456545
0.697444
1.77927
0.438083
1.61205
1.23941
0.892975
1.18545
0.980779
1.41721
0.500304
0.585811
0.730906
2.32371
1.20033
0.620491
1.22865
0.634593
1.63296
0.645088
0.734434
0.805091
0.870838
0.952269
0.812124
0.877824
2.70131
1.78921
0.511765
1.05296
0.766038
1.71185
0.424438
1.03465
1.37708
1.34454
1.55396
0.548804
1.59048
0.444535
0.261414
1.16313
0.230909
0.44633
1.29205
0.4004
0.535691
0.527627
0.474935
0.255603
0.256921
0.773397
0.219099
0.817989
0.50398
0.947295
0.20855
0.261829
0.342404
0.98678
1.5148
2.25766
1.55787
0.289835
1.01619
0.968372
0.170412
0.555938
0.134864
0.388655
1.3746
1.64903
0.0399487
0.238538
1.39217
0.345712
0.248454
2.60351
1.55364
2.47987
0.154885
0.253015
1.07239
1.19116
1.04724
0.766789
0.890416
0.0873085
1.4333
1.09347
1.15024
1.73202
0.766634
0.63706
1.07073
1.49761
1.02103
0.570492
0.849026
0.389995
1.89384
0.459998
0.263368
0.558773
0.577408
0.855884
0.417985
0.373286
4.01721
2.66652
0.862636
1.21939
0.702855
1.34304
0.898088
0.194071
2.05586
0.332767
2.82216
0.884054
0.773549
0.561476
0.184093
0.363297
1.60848
0.661435
0.904493
0.0705227
0.607723
1.26172
0.474
1.78842
0.571481
1.31987
0.450401
0.442955
3.88291
1.11879
1.05703
3.39121
0.553682
0.185077
0.416938
0.172614
0.874666
0.260003
3.07611
0.41315
1.13373
0.149761
0.254613
1.44948
0.336131
2.07565
0.520225
1.15825
0.878563
1.92017
1.07898
0.469209
0.435534
1.18566
1.75671
0.879618
1.05559
0.98352
1.52799
0.404854
0.160801
0.587156
1.84591
0.200148
1.02448
1.05297
1.17372
0.155772
1.38376
0.421407
2.64694
1.11294
1.35528
0.535604
0.343246
1.25753
1.02397
1.14549
1.846
0.191841
1.07002
3.0482
0.138653
0.82273
1.63517
0.750665
1.70234
1.68842
1.28446
0.359687
0.96084
0.377501
0.488698
1.40942
0.952017
0.26592
1.94342
0.583212
1.07764
0.549151
0.876818
0.410691
2.35813
0.739836
0.227913
2.13925
2.34111
1.25057
2.47812
0.812709
0.366389
2.09228
1.50005
0.411024
0.792473
1.29138
0.31995
1.26474
1.53153
0.678129
2.79193
0.850704
0.937193
0.624899
0.932478
2.14113
3.20583
0.694125
1.75853
1.4216
0.246816
1.35921
2.92594
1.00703
1.73919
1.19137
0.847101
0.656548
0.704618
0.325411
1.62269
0.913226
0.507503
1.30571
0.500917
0.790077
1.45846
0.296653
0.297256
0.774222
0.757466
0.952577
1.15206
1.54556
1.44189
0.279052
0.269154
0.813101
0.311046
1.30738
1.15817
1.25985
1.46044
1.45587
0.163569
0.637389
0.588333
0.668049
1.2247
0.10271
0.746631
0.678009
0.0621483
0.68935
0.454409
1.36127
1.18343
0.329173
1.08961
1.04043
0.456278
0.828705
0.0203462
0.0858879
2.06234
1.04513
0.184883
1.25003
0.0703754
1.09314
0.980962
1.95936
0.709485
1.55914
2.45991
1.13828
0.789701
1.70688
1.19903
0.395879
3.97305
3.29455
1.91014
1.58376
1.19864
1.68561
1.38918
1.37061
0.54489
1.65403
0.264502
0.951672
1.02232
0.729183
0.591432
1.78343
2.56391
0.496765
1.84085
0.614277
1.37479
0.255088
2.39603
0.246089
1.81768
0.68343
0.578023
0.623948
1.36316
0.115838
1.8995
1.61287
0.600727
0.111738
1.62748
0.555578
0.385863
1.00871
1.75904
2.33084
1.97085
0.28411
0.300656
1.69736
2.20187
0.173732
0.701183
2.24226
0.457304
2.72819
0.480159
3.01323
0.753995
0.576606
1.31958
1.23169
0.401531
0.836411
1.05237
0.293658
2.33564
1.70386
1.04219
1.05374
1.75352
0.811611
0.377158
0.318523
1.22013
0.277667
0.578191
1.31473
0.627705
2.92592
0.698201
0.647499
1.04077
0.310648
0.871039
0.406938
0.384606
0.300784
0.915601
1.22142
0.907949
1.66367
0.941987
2.71446
0.865752
1.95119
0.666714
1.29717
2.2468
1.27876
0.11426
0.986718
0.649644
0.510417
1.22512
0.467269
0.693361
0.691137
1.40721
0.916449
1.12943
1.54196
0.473806
0.751904
0.361599
0.883375
0.365442
1.63611
2.71224
0.263167
0.235793
1.08556
1.16113
0.275246
0.479586
0.582868
0.667969
0.431629
1.76509
0.982305
0.343891
0.8421
1.90745
1.24651
0.372421
2.8477
0.316335
1.06034
0.700158
2.4689
0.871277
0.0855384
0.927105
0.73498
0.455854
0.855693
0.681724
1.60182
1.63352
0.535943
0.813787
1.15033
0.55723
1.28216
0.948026
0.389714
0.764854
0.368747
0.775145
1.13297
1.15232
0.59983
0.808092
1.40102
2.59656
1.75747
0.181834
0.463925
2.00888
0.821462
0.164201
0.462299
1.37366
1.36028
0.485853
1.32486
1.36208
0.105562
0.789718
0.46853
0.228539
0.292694
1.61155
0.372082
0.854178
1.52846
0.435593
1.06143
0.870926
0.49079
1.39268
0.464116
3.24919
1.5796
0.604387
0.310505
0.9276
0.534232
1.17676
1.29569
0.949645
1.97301
0.688355
0.525388
0.0955154
0.276499
0.368195
0.581976
0.775027
0.146615
0.736282
1.13567
0.625775
1.3577
0.863049
0.292099
1.13236
0.166423
0.739336
1.99523
0.676628
1.54375
0.737622
0.43232
0.171159
1.14527
0.731119
1.01258
0.650389
2.13001
0.742189
1.30067
0.295415
1.12359
0.48584
1.93151
0.348578
0.74994
0.23804
0.461223
1.18826
0.974301
0.937526
1.18519
0.677575
0.187866
2.4165
0.583129
0.286582
0.917766
1.0739
0.0784833
0.290384
1.77641
0.543765
0.185865
1.53719
3.20006
1.46729
0.663147
0.468378
0.439231
1.21035
1.00491
1.91435
1.80059
0.344696
0.67429
1.25128
0.363899
0.858634
0.505023
0.782611
0.246811
1.38039
0.479152
0.169137
1.0913
1.67034
1.94305
0.562519
1.55983
4.44678
0.716931
1.19288
0.183667
0.812876
0.179815
0.491376
0.361219
1.29365
0.184235
0.0912371
2.83869
1.69327
1.20502
1.61884
0.265866
1.14373
0.597963
0.559725
0.468589
0.0848447
0.790289
0.826866
0.611488
1.61798
0.585519
0.169879
0.358482
0.433381
1.12003
1.95125
1.40587
0.373746
0.973544
0.602261
0.242913
1.36568
1.24857
1.05205
0.613276
0.798756
2.38076
1.27515
1.58771
0.411443
0.378398
0.227622
0.122361
0.785751
1.08295
0.574223
0.687455
1.13167
0.623968
2.16336
1.64425
0.661884
1.3685
0.576763
0.44629
0.526227
0.076535
1.31033
0.267232
1.30592
0.501218
0.607752
1.45547
1.44968
1.61735
2.34932
0.0921272
0.706657
1.71074
0.571791
1.28653
0.714403
0.758453
0.474278
0.844626
0.728655
0.337557
0.265196
1.74833
1.72466
0.589436
1.88185
0.608536
0.41124
0.435342
0.901729
0.474788
0.656882
2.15132
0.937474
1.47845
1.78374
0.617757
0.807126
1.20812
1.08482
0.0893104
0.715675
2.34293
1.03033
0.532352
1.65612
2.19856
0.876988
1.69815
0.757337
0.754385
1.83678
1.43025
1.47214
0.311833
0.249524
1.03923
0.660616
1.391
1.64966
0.129644
0.190835
0.736986
1.37742
0.235492
1.20024
0.278257
0.820307
0.549732
1.42276
1.87497
0.231954
1.11033
0.655157
0.788801
1.53497
0.285713
0.705877
0.546504
0.228543
1.11518
0.692259
0.458132
1.11274
0.619062
0.224533
2.25966
1.34519
1.85676
0.388782
0.430945
1.85132
0.455898
2.0063
0.0679899
0.493824
0.753858
0.10358
0.756414
2.66134
0.119628
0.985123
0.505831
1.15771
1.56048
1.83934
0.805822
0.596772
1.26859
1.18583
1.22296
1.11855
1.33277
1.44622
0.314471
0.927153
0.4279
2.96309
0.400479
0.19212
0.779631
1.78075
0.0579455
0.855346
2.05231
1.11008
1.82384
0.427395
1.1734
0.51492
0.207954
2.11263
0.423503
1.14976
0.690968
0.996632
0.504339
2.35912
0.931024
0.385951
0.280853
0.72355
0.324701
0.59381
1.22257
1.77209
0.432893
0.683246
0.134508
2.04038
1.03817
0.593847
0.854118
0.706665
0.381658
0.869746
1.79733
1.57158
0.815636
1.03876
1.78076
0.748168
2.48222
1.85086
1.06352
0.605444
1.43497
0.261542
0.668917
1.79151
0.405437
2.30365
0.433194
0.8475
1.82558
1.88857
1.19504
1.96982
0.197197
0.0322141
0.917485
0.141252
0.477283
0.524919
0.784112
2.25792
0.728133
0.570088
1.92312
0.31253
0.800111
2.57152
0.179002
0.961509
2.08178
0.11407
0.325243
0.314554
0.337452
0.254127
1.37677
0.404268
0.9482
1.36491
0.589859
0.460849
0.722629
1.88283
0.151479
0.801382
1.94667
0.633654
3.85224
0.577748
0.542702
1.40704
0.194156
1.03255
0.713651
0.137936
1.51228
0.623559
0.740467
2.02106
3.05893
0.812537
1.16297
0.329889
1.6025
1.75725
1.36441
1.70616
1.08418
0.895045
0.411622
4.97938
0.167104
2.21505
1.4645
0.153907
0.310345
0.72708
0.670896
0.474336
0.656988
0.947474
0.89654
0.529002
0.6118
1.3764
1.41442
0.781759
1.74638
0.611059
1.20176
1.24092
0.156536
0.172018
1.18351
0.625255
0.82126
0.457147
2.1194
1.74272
1.84584
3.06465
1.10078
1.24362
1.10098
1.99766
0.353882
1.03959
0.621906
0.605423
1.84294
1.49596
0.651622
2.08853
0.473433
1.97059
0.380242
0.854883
2.51978
0.456601
1.53141
0.617916
0.195787
0.266091
1.13966
0.974798
1.52157
0.153453
0.199057
1.31859
3.65168
1.13721
2.6746
1.05142
3.16036
1.39318
1.81807
1.816
1.11208
0.928074
3.99073
0.284551
1.06876
1.77894
0.419493
0.621451
2.62166
0.0295367
0.220489
1.33496
1.19631
0.239568
2.26255
0.347063
1.94629
0.908172
1.46914
1.00205
3.98887
0.77979
0.527869
0.569384
0.803174
0.210817
0.709092
2.13825
0.406791
0.415686
0.827732
1.63168
0.127832
0.874634
0.799642
0.644365
2.31282
0.335579
0.748342
0.582365
1.04002
1.92244
1.12949
1.037
1.38246
0.609108
0.324339
0.340208
0.253719
0.0622671
0.975186
0.193923
0.431036
0.154937
0.790698
1.25408
1.55616
1.36248
0.270502
1.74104
1.12225
0.860487
2.00592
0.255446
2.64607
1.53223
1.33735
2.19335
0.710078
0.704543
0.588458
0.237405
0.867941
0.967562
1.21339
0.733897
1.5716
0.768441
1.16142
1.12818
0.928081
2.47683
0.314305
1.50381
1.12746
0.430859
2.03597
1.52015
1.15361
0.502211
0.485402
0.462191
0.557871
0.768203
0.0696171
1.5485
0.338872
0.439651
0.539036
4.31283
0.659799
2.56735
0.661414
2.00193
0.542941
1.12527
2.59972
2.44704
0.673338
0.4484
1.03533
0.135953
0.761659
1.42242
1.32793
0.910215
0.493617
0.340185
0.384293
0.437208
1.3029
0.370415
0.270767
1.66201
1.21092
1.20798
0.172333
2.02916
0.387642
0.0918605
2.02022
0.176965
1.05056
0.443113
0.704853
1.95047
1.21397
1.12472
0.280103
0.520827
1.09015
0.778461
2.47246
1.21218
0.977873
0.50161
1.26579
0.283544
1.20024
0.976069
0.660269
1.02077
0.696649
0.763386
0.970534
0.55702
0.319077
0.709035
0.806918
0.495937
1.13059
0.686385
0.314824
0.662282
0.794938
1.55737
0.863288
3.32804
1.28176
2.06028
1.90335
0.35046
1.15677
1.17031
0.574168
0.0831919
0.520975
0.218685
0.830398
1.83327
1.06262
0.875194
1.50253
0.311668
0.611474
0.209619
1.23
0.995517
1.00054
1.47592
0.646908
0.895627
0.153138
0.464625
0.785695
2.09789
0.178145
1.45505
0.410594
0.757885
0.940457
0.217113
0.903589
0.377444
1.45645
0.562523
2.70828
2.06065
0.201043
1.55223
2.04002
0.950042
3.54405
0.453001
2.92302
0.354649
1.27001
1.06192
1.59333
1.64873
1.57778
0.304808
0.12467
0.127678
0.222635
0.399737
0.268384
1.96432
1.91686
0.943818
0.613868
1.2457
0.155081
0.908048
1.40659
0.849146
0.8194
0.691659
1.88747
1.57487
0.571761
1.51567
0.122509
1.08621
0.337239
1.10956
1.1903
0.91347
0.506334
0.565366
0.306951
0.68581
0.366289
2.47727
0.74676
0.465496
0.525544
0.613394
0.362232
1.08426
1.43434
1.9426
0.742419
0.255795
1.46533
0.256619
0.67214
0.992863
1.49254
0.603687
0.943386
0.108879
0.677198
1.37167
0.214256
0.718251
0.474485
1.77103
0.969262
0.561471
2.38003
0.181678
2.65071
0.67123
1.12837
1.22673
0.22376
0.741846
1.63046
0.408814
1.2731
0.67967
0.203408
0.293551
0.1874
0.16016
0.499967
0.994518
0.524391
0.353443
1.47143
1.55537
0.419653
0.759973
0.12642
0.287951
0.396991
0.841115
0.377494
0.359294
1.04716
0.223458
0.779737
2.99716
0.775108
0.908596
0.326205
2.97283
0.133494
0.42235
0.401377
0.482475
1.35028
2.12059
0.680468
0.752879
1.90156
0.838538
1.19534
0.0303249
0.602906
0.285985
1.68977
0.421848
1.03018
1.34952
0.934486
0.599566
0.453239
1.07113
1.00743
1.19577
0.860679
1.85353
0.690621
1.6988
1.56507
1.03876
0.2891
1.23037
1.68924
1.51021
1.02103
1.48392
1.06203
0.411608
0.595666
1.30747
1.56696
0.225383
2.02503
1.03327
0.299582
1.48014
0.784093
1.6503
1.69795
0.141276
0.374546
0.882502
1.26165
0.696398
0.879012
0.791835
0.64804
0.190289
2.23974
1.36598
1.96538
0.726929
0.557875
1.3742
0.501368
1.15693
0.134655
1.16065
1.28795
1.38236
0.54753
0.861214
0.418624
1.1657
1.84465
0.459954
0.822731
2.76158
1.11758
0.897417
0.822526
0.642058
3.11139
2.31927
0.422981
1.20219
0.905474
0.492206
0.429299
0.157957
0.60632
1.54861
1.60492
0.511986
1.7924
0.459757
1.08577
0.732415
2.09681
1.50655
2.06924
1.06929
0.61728
0.549391
0.515321
1.39886
2.22667
0.736673
0.600726
2.21616
0.545386
1.04359
0.564559
0.713611
0.461079
0.743368
0.429505
0.913134
0.277071
0.392366
1.93578
0.22394
1.52995
0.0672129
0.187014
0.958418
0.573786
1.17085
3.86909
1.15855
1.73046
0.265086
2.30655
0.0334126
0.179362
0.972988
1.01054
1.13964
2.13374
0.317311
0.559862
0.711915
0.409559
2.06236
1.36743
0.240187
0.556633
1.75349
0.395708
1.40714
1.0322
1.5915
0.354424
0.421081
0.275679
0.752709
2.52056
0.484534
0.809747
1.04356
0.685197
0.658315
0.253218
1.31534
0.650171
0.571252
0.862364
0.690353
3.84411
0.693729
0.823954
1.61057
1.08324
0.857685
4.07197
0.329057
1.50634
1.13487
0.524463
1.88563
1.58125
0.713641
2.72466
0.708357
0.231243
0.912717
1.80851
0.496546
1.40009
2.38667
0.258396
0.360411
1.24312
0.159047
1.52998
2.1801
0.631699
1.89747
1.33412
0.777681
1.61628
1.72131
0.341236
0.3725
0.454735
1.36302
1.48121
0.518744
2.1948
0.133067
0.184193
0.92436
2.08901
0.504183
1.25753
0.598873
0.982916
1.02823
0.3104
2.30038
2.85532
0.716178
0.948761
2.31416
0.739465
1.1055
0.88338
1.34867
1.06327
0.241596
1.0962
0.552897
0.598277
0.301312
1.16851
0.484074
0.677425
0.568363
1.42316
0.417806
1.38495
0.340165
0.230572
2.25375
1.5933
0.845488
2.44958
0.718527
0.272447
0.540917
1.11543
1.06164
1.59878
1.189
0.538355
1.0099
0.874115
0.816642
3.20608
0.900793
1.01012
0.79746
1.02033
0.556988
0.662068
0.82231
0.625236
1.67761
0.549741
1.59471
0.811505
0.270622
2.11263
0.79288
0.603159
0.250227
1.62853
0.545768
1.68481
0.332312
0.41021
1.2964
1.26162
1.39882
0.403592
0.839914
0.227934
0.884104
2.29627
1.34866
0.728636
1.15681
1.66495
0.651581
2.24922
0.479128
0.698868
0.676959
0.746614
0.551852
1.11901
2.52947
0.704015
0.754083
0.712927
0.487571
1.44789
0.423913
0.500736
1.80642
0.740651
0.433004
0.730626
0.421381
0.517716
0.402807
1.41118
0.417495
0.602863
0.488594
2.44683
0.849756
0.658771
0.876971
1.23573
0.684614
0.321136
0.371339
1.78427
0.292843
2.33999
1.71254
0.67684
2.58504
1.68836
1.64601
0.355377
0.844497
1.34161
0.943522
0.803269
0.940359
0.362455
0.56357
0.25857
0.709999
0.914401
0.321423
0.921702
0.2097
1.06283
1.25974
0.341423
0.946791
0.430568
1.78493
1.82051
0.296502
0.675693
0.217945
0.160587
1.26913
0.590001
0.858782
0.538836
0.0912209
0.966269
0.695144
0.0676487
0.492455
0.534708
1.60473
0.671455
0.502295
0.179185
2.37901
1.56736
1.13034
0.690148
1.40776
0.602888
0.561591
0.147834
0.172974
1.60438
0.353111
0.521289
0.421762
0.821859
1.37479
1.06299
0.879362
1.17108
1.05882
0.350174
0.28293
1.07036
2.07732
1.36157
0.309409
1.16862
0.158289
1.39834
1.85494
0.530066
0.831435
2.18153
1.03922
2.24559
0.340359
0.679255
0.131627
0.464994
1.0263
0.0828694
1.10719
1.36388
0.889975
0.45336
0.427878
0.460485
0.634222
1.39254
0.813212
1.58149
0.457725
0.724536
0.56191
1.47748
0.331685
2.09971
0.613784
0.945685
0.244113
0.662398
2.15615
1.3259
0.377179
1.27889
0.453179
1.84564
0.871871
0.87902
0.431929
0.0795681
0.667802
2.80121
1.48983
1.18011
1.11638
1.56316
0.240268
0.23998
1.80431
0.418949
0.244946
0.728479
0.874072
2.57464
0.113935
0.964445
0.410207
0.884898
1.28001
0.327743
2.30688
1.02515
0.675686
1.85241
0.674907
0.825855
1.03927
0.891467
1.39826
0.815646
1.58879
2.95958
2.52634
0.583301
1.19042
0.243331
1.04253
0.473375
1.8767
0.350149
0.869255
0.794491
0.926626
0.383237
0.838158
1.36441
2.03223
0.806675
0.578814
1.50612
1.01662
1.77969
1.75392
0.674664
0.723181
1.93958
0.401092
0.451447
0.635182
0.893268
0.460855
1.48717
0.49399
0.474196
2.35426
1.68914
0.843429
0.395257
0.516623
0.583296
0.930463
0.751976
0.95267
1.4224
1.69064
1.50543
0.295846
0.779991
0.456273
0.185205
0.426299
1.40327
0.19543
0.695212
0.828381
0.573071
1.8168
0.612978
1.43363
1.16895
0.36308
0.906831
2.19903
1.8572
0.419865
0.989597
3.79662
0.327401
1.35136
0.430099
0.673953
1.69362
0.336116
2.44319
0.653355
1.50489
1.69176
1.05971
1.44339
1.59957
0.29221
0.521821
1.40871
0.520228
0.180956
2.85952
0.529528
1.81273
1.84548
0.644999
0.452636
0.540893
0.566011
1.27043
0.266248
1.51803
0.799078
0.805579
0.507011
0.566955
0.91578
0.248963
0.660402
0.741244
1.14244
1.45525
0.419386
0.360584
0.720167
1.15904
1.57443
0.435724
1.70478
0.703759
0.69859
0.266408
0.435224
0.912535
0.695646
0.255196
0.758801
0.774377
2.76455
0.404544
0.643807
0.258219
0.800078
1.09105
0.861435
1.12478
0.33401
0.337898
1.43177
1.16135
0.138915
1.43043
0.946309
0.415103
1.12353
0.976742
0.800908
0.758671
0.77002
0.20821
0.720153
0.216954
1.14186
0.962123
0.861246
0.629094
1.31108
0.6628
2.12264
0.243502
1.25043
0.835995
0.76126
0.848529
2.31506
0.506496
1.60762
0.624371
0.837788
0.796635
0.95875
1.0831
1.00851
0.928809
1.92292
0.680102
0.157666
3.16579
1.39313
3.15556
1.69207
0.214238
3.1578
1.1238
1.62316
1.03263
0.612822
0.561867
1.82565
2.55741
1.67842
0.991886
2.16998
0.717837
0.442986
1.18735
0.516466
0.978552
1.42664
1.46805
1.0683
0.495614
1.02761
1.50573
0.399454
0.492012
0.588847
1.14788
0.691832
0.680493
1.12498
0.429748
0.694274
0.969205
1.17244
1.25803
2.83412
0.524424
1.94839
0.439395
0.206839
0.761958
0.507166
0.128701
0.573033
0.489529
0.52763
0.217803
0.240584
0.846957
1.99768
1.09533
0.629207
0.933181
2.02505
0.89633
1.07847
0.972642
0.978263
1.23826
0.917634
1.2688
0.502178
1.17193
1.52293
1.5542
0.13487
0.953837
0.575476
2.45317
0.967864
0.626884
1.55446
1.23477
0.820411
0.7734
0.514781
0.544681
0.445857
0.984309
1.14855
1.12716
2.3363
1.36652
1.11633
0.699243
0.462702
0.628295
3.12408
0.95011
0.868495
1.66647
0.25482
1.26037
0.994539
0.542667
1.13268
0.941845
1.51527
1.62196
0.782676
1.13133
0.704602
0.129516
0.898028
0.355036
0.057526
1.70832
0.896699
0.252182
0.662953
0.915945
2.15077
1.87919
0.781167
2.04191
0.53639
1.42141
0.341728
0.136469
0.687574
0.195617
2.95738
0.153367
1.48842
1.46613
0.193029
0.485343
1.25827
0.740088
0.414183
1.83218
1.48728
0.848744
0.884092
0.167566
2.52474
1.09836
0.628205
0.654899
1.10591
1.13139
2.04874
1.44942
1.73256
1.3239
0.636364
1.60151
1.7823
0.734592
0.41255
0.41918
0.29873
1.1327
0.824225
0.116745
1.71524
0.0897527
0.601451
0.415525
0.546704
0.861743
1.08428
0.237487
1.66695
1.20745
0.552677
0.184697
0.369669
1.29733
1.73802
0.872531
0.82275
0.724334
0.495663
0.969138
1.53701
1.34173
0.728358
1.53781
0.501346
0.559556
2.4113
0.236329
0.382003
0.0489285
1.92479
1.33037
1.31162
0.913955
1.4216
1.124
2.93538
1.13917
1.49187
1.47485
2.274
0.658763
1.22132
0.515815
0.257498
0.4664
1.35487
0.660431
2.44155
0.463118
1.03278
0.620658
0.806434
1.47684
0.968957
0.746203
1.0744
0.781748
1.32141
0.754875
0.507472
2.15862
3.30095
1.31288
2.14872
0.801379
0.232079
1.91779
0.758818
1.18299
0.903952
0.860123
0.970996
0.580154
0.460665
1.71274
1.80657
0.658446
1.20677
0.977729
1.38972
2.67126
0.576922
1.19404
0.288796
0.766687
0.625215
0.676501
1.25795
0.590582
0.621437
1.99005
0.902728
1.13698
0.573421
2.02937
1.19964
0.889876
1.07524
1.86531
3.24032
0.432621
2.35313
0.191868
0.697853
1.39419
1.19414
0.501489
1.62004
0.564864
1.35667
1.37003
0.18602
0.697632
0.731724
2.53133
0.444966
0.842836
0.694069
0.210914
0.710689
0.499756
1.94379
0.922713
1.69393
0.430076
0.228356
0.66091
0.569695
0.275722
0.816154
2.29476
0.484248
1.83628
0.0366687
0.170529
1.01959
3.61411
0.494964
1.5598
0.534763
0.651481
0.696766
1.23107
0.263424
0.14111
0.538798
0.779405
0.55954
1.49214
0.68022
1.19834
0.941002
0.87294
2.86615
2.30284
0.97935
1.20152
1.49136
1.30304
1.09611
4.08074
1.63937
1.32967
0.723062
0.0529637
1.1601
0.0426533
1.51423
1.291
0.638825
0.322947
4.06177
0.981472
0.408798
0.230676
0.436408
0.296062
0.793809
1.32052
1.13523
0.336613
1.39636
0.100965
1.0351
1.1311
0.162879
2.22941
0.568198
0.407994
0.24408
0.666283
1.14737
0.96432
0.592969
1.47098
0.417286
0.531823
1.26184
0.580429
0.818741
2.06766
1.07436
0.171667
1.11166
0.484836
0.78663
0.694727
0.78343
1.97348
0.296852
1.3705
2.67504
0.219232
0.422019
0.494101
1.18711
0.452288
1.11658
1.86989
0.514959
0.756398
1.21841
0.550253
0.454776
0.284151
1.27511
0.616796
1.64731
1.87586
0.386977
1.17795
1.92661
1.14535
0.507669
0.456998
1.14756
0.338646
1.96078
0.165068
0.0972827
2.00683
2.92176
1.48958
1.33513
1.41664
0.928253
1.16066
1.6383
1.18899
2.27608
0.230441
0.232921
0.577391
0.950956
0.449709
1.52195
1.00838
1.42032
0.319781
0.501625
0.954715
0.293234
4.31709
1.12408
2.42542
1.05744
0.475492
1.45872
0.779729
0.80067
1.33837
0.520649
0.936548
2.41005
1.16435
1.2021
0.463456
1.07931
2.63348
0.701682
1.66565
0.624696
0.547652
0.258237
1.51128
0.415697
1.04138
0.41675
2.07325
1.54573
0.255962
0.295072
1.00367
0.437486
1.0378
0.884018
0.925517
2.23961
1.8692
0.469626
1.69735
0.441328
0.862195
0.993643
1.3596
0.341864
2.5433
1.01688
0.49173
1.87756
1.39466
1.01184
0.120913
0.0788134
1.76117
2.35946
1.90885
0.939692
0.588384
2.15927
0.0901039
1.47654
0.710434
0.758049
0.192555
0.899565
1.07872
0.899965
0.579336
1.93984
0.133111
0.883214
1.63825
1.74799
0.613238
2.39197
0.87001
0.466155
1.38627
1.11996
1.89674
1.17105
0.728669
2.00617
0.834943
0.792998
0.487607
0.38243
0.03764
0.459301
0.0875082
2.02266
0.611478
0.845825
0.212687
0.87443
1.14261
0.615583
0.720722
1.07458
0.738419
0.21401
0.469797
1.80384
1.08998
0.68043
0.604039
0.658382
0.489233
1.77683
0.763918
1.10556
1.83923
1.04773
0.404375
0.891736
0.861121
0.659175
1.27192
0.815509
1.19017
1.32384
0.494951
0.0876174
0.211217
1.46898
0.889274
0.721613
1.39599
0.461982
0.333987
0.512994
1.77383
2.68876
0.311305
1.78536
3.28023
2.24704
0.655444
0.841573
0.385485
0.483308
0.21242
0.49354
0.637343
1.71976
1.76905
0.737843
1.97915
0.872037
1.32462
0.599605
0.195008
0.946144
0.739397
0.561946
0.922351
1.20192
0.697255
0.90324
0.291758
1.06004
0.289706
1.6205
0.230097
0.161456
1.69173
0.772788
1.80415
0.214479
0.184394
0.535665
0.813483
0.294883
1.03184
0.369351
0.918578
0.710995
0.850639
2.87094
0.460092
4.08089
1.29381
0.155601
0.588071
1.00165
0.635588
0.459582
1.12681
1.38844
2.34938
0.323796
0.717211
1.09086
1.13893
0.785176
0.125674
0.500202
1.04975
0.336334
0.299588
1.04159
0.308229
2.20961
1.4507
0.273596
0.826827
1.27499
0.425723
0.317026
0.608546
0.285079
1.15825
0.8779
1.26068
0.148388
0.900868
1.58276
0.533598
0.511617
1.55409
1.31146
0.682465
0.886695
0.581824
1.55059
0.520837
0.511235
0.955471
0.993157
0.212172
1.73344
0.44134
1.11585
0.447705
0.102
1.70626
0.764099
0.247694
0.530113
0.323839
0.547522
0.375494
0.972864
0.558901
1.65544
0.285007
0.473551
0.935477
1.47831
0.421411
0.408203
0.925048
1.97
0.820563
0.97021
1.10306
1.77542
1.40344
1.09679
0.140572
0.0460103
0.169905
2.01995
0.633634
0.997577
0.693012
0.790026
1.3492
1.83344
0.938135
0.58437
0.803808
1.04782
1.13951
0.482198
0.980806
1.50882
1.91453
2.32073
0.891828
0.0446191
0.306105
0.778534
0.568017
0.721385
0.175803
0.261915
0.181742
0.991087
0.281159
0.682901
0.581136
0.609147
2.27099
0.585421
0.777961
2.2578
0.415147
0.815409
0.452148
1.09831
1.07621
0.722683
0.524897
0.790475
0.571538
1.23763
0.388406
1.45696
0.64204
1.03472
1.75375
0.65353
1.84821
1.71966
0.227503
1.10584
0.86513
1.13127
1.77252
1.4823
1.5586
0.0545562
0.606256
1.96241
0.264839
0.54005
0.742419
1.80793
0.826964
0.284372
1.01648
1.1723
0.444847
0.9363
1.60726
1.46291
0.844134
0.748259
0.758404
1.16655
4.09037
1.30737
0.491731
0.604353
0.366009
0.50765
0.281413
2.73839
0.356897
0.400588
0.925227
0.866928
1.3243
0.886332
0.596829
0.609055
0.273086
1.52886
1.65821
0.444678
1.4481
0.602982
0.83637
0.222851
0.404761
0.7203
1.80726
0.839924
1.46922
1.88297
0.250802
1.2512
0.706603
0.552512
0.338054
0.39793
0.333537
0.358152
1.7224
0.925605
1.38024
1.87886
1.01539
0.373661
1.85263
1.05547
0.41517
1.11636
1.33874
0.344821
0.300926
0.50051
0.242127
1.24362
1.73298
1.2641
1.67547
1.29969
0.656362
0.543314
1.00304
0.210476
0.752714
0.333155
0.842954
0.710973
0.634891
1.27806
1.35663
1.59877
0.320321
2.87304
0.413756
0.436984
1.49032
1.29444
1.34794
0.510981
1.06605
0.612357
1.32441
1.85101
1.17757
0.971137
1.80252
1.06608
0.750003
1.65848
1.06479
0.146039
0.779358
0.703837
1.50047
0.314028
0.325437
0.742442
1.58711
0.466647
1.7804
0.782207
0.908153
1.60473
1.31629
1.24504
0.648325
0.345524
1.40218
1.36998
0.703968
0.177864
1.25868
2.27221
0.952253
0.909604
0.888598
0.307551
0.750079
0.73081
0.618061
0.321645
0.760398
2.70292
0.423149
0.542881
0.482761
1.24951
0.433421
0.330693
0.254758
0.545341
0.0680736
1.27927
0.149816
0.212
0.615405
0.125945
1.76153
0.332128
0.831016
1.69517
1.23373
0.894763
0.685203
0.667102
1.31877
1.26269
0.676784
2.11362
1.35089
0.931496
0.468206
1.14224
1.12041
0.998746
1.59308
0.349027
0.545036
1.4282
1.14769
1.17019
3.26314
0.970952
1.00211
2.32544
0.794436
0.374115
0.171609
1.15955
0.375332
0.619601
0.624185
0.441
0.268599
0.216657
1.8944
1.1146
0.546563
0.434798
0.381541
0.333594
1.06038
2.55203
0.492364
0.104162
0.824341
0.450055
0.485344
0.625336
0.86481
0.635318
1.68047
0.846413
0.15408
2.11867
1.29683
0.907925
1.20574
0.571623
0.0985207
1.50508
0.84643
0.557812
0.390831
0.433239
1.27952
2.27961
0.323264
1.55589
1.8634
0.791277
0.474468
0.926564
0.246015
0.973
1.65409
0.234839
0.75636
0.404626
0.147248
1.89963
0.65156
0.509296
0.494976
0.161495
0.174554
1.50023
1.77818
0.342201
1.1519
1.61147
1.11197
0.389332
0.720915
0.798351
2.28319
1.24263
2.9552
0.585285
1.38757
0.173593
1.75769
0.871735
0.304362
0.953527
0.498787
0.22766
1.92291
2.94356
0.921279
0.553487
0.133875
0.561071
0.793439
0.101396
0.629393
1.11382
1.05913
0.571003
0.531512
0.882463
1.05263
0.271107
1.33423
1.01268
0.687546
0.722708
0.341385
1.56467
1.72898
0.475733
2.03675
0.62763
2.5089
0.948994
0.275051
0.605927
1.75663
0.362551
0.87048
0.910663
0.495932
0.463216
0.350244
0.31603
0.396661
1.169
0.589447
0.583881
1.57443
2.84039
2.49397
1.55505
1.33423
0.355531
0.229165
0.0633603
0.289389
2.04153
0.182485
0.29618
0.434214
0.498106
1.95026
0.824994
1.93188
0.179391
1.02081
0.541528
0.841322
0.325966
2.62893
0.67297
0.272155
0.548754
2.05797
0.488951
2.33115
0.18291
0.3862
0.312335
0.722231
2.62459
0.746957
0.967795
1.31497
0.634781
0.643847
1.02731
0.167833
0.267831
1.67737
0.127179
0.166526
0.906129
0.635665
0.758662
0.525649
0.3711
0.912533
1.54103
0.593082
0.0364254
1.91386
1.50894
2.7242
0.872021
0.278054
0.434017
1.20602
0.178427
1.40804
0.851716
1.82673
0.493851
0.226993
1.42378
1.23739
1.29978
1.91943
0.233269
2.08857
0.549539
0.596268
2.20599
0.54539
0.320738
0.44188
0.938856
0.689771
0.258552
1.74977
0.415222
2.06668
1.5524
1.23597
1.60848
1.79174
1.71686
1.5054
0.36787
1.71674
1.57899
0.721255
0.73324
1.02828
1.45506
1.25562
1.25428
1.04861
0.439185
0.53205
0.701765
1.30705
0.299631
0.649839
1.02193
1.03102
0.423992
0.931726
0.164511
0.0590926
1.42534
4.44742
1.0919
0.354258
0.449496
0.879368
0.973277
0.544062
0.747636
0.123859
0.736041
0.709559
0.706923
1.02513
0.950463
1.6951
0.604902
2.08148
0.921729
0.60041
0.601226
0.205565
0.763712
1.25362
0.204945
1.32824
3.27349
0.490899
1.32501
0.847951
0.217443
2.01669
0.238329
0.870351
1.17245
0.7073
0.49875
0.349642
2.03434
0.908046
0.909129
1.10694
0.204835
0.103442
1.51813
0.633723
1.25739
0.85624
1.22652
0.379547
1.38481
1.26965
0.353008
0.619782
0.427238
0.758209
1.82989
1.99684
1.65519
0.478294
0.841292
0.838062
1.22494
1.24198
1.65619
0.479219
1.27933
2.65485
0.240482
2.40184
2.54186
0.965058
1.44094
1.22916
1.28702
1.05
0.72304
0.772527
0.894688
0.687263
0.454233
0.698897
1.88913
1.52428
0.967423
0.327069
0.501556
2.05899
2.08157
0.44486
1.21047
0.462227
2.45397
0.192952
0.881295
0.647763
0.970424
0.753713
0.199765
0.395851
0.769257
1.09466
1.42507
0.201607
0.6519
0.550759
0.311324
0.473493
0.468236
0.330405
0.926477
1.05483
0.081921
0.935545
2.46348
0.364549
0.310056
0.914403
1.11579
0.638602
0.351005
0.907346
1.89556
0.0908947
0.421251
0.526336
0.652413
2.13805
0.19809
0.190863
0.307709
2.69759
1.39491
0.504693
1.46558
0.375596
0.605558
2.27319
1.32398
0.485121
0.618146
0.654266
1.33597
0.676671
0.678899
1.07151
2.20491
0.497247
0.307542
0.809817
1.23269
1.11559
0.535586
0.55158
0.403406
0.910202
0.207413
0.655835
2.0254
0.979116
0.542559
0.499883
0.814323
0.784658
1.39519
1.84205
2.16271
1.64277
0.600463
1.37131
1.1063
0.403175
0.0934622
1.44238
0.983827
0.758919
1.48852
1.34652
3.77058
1.23028
0.36477
3.54177
1.8227
0.792203
1.05453
0.335967
0.988908
1.03167
1.21572
0.665391
0.134968
0.826497
0.527915
0.716063
2.04765
0.965089
0.920838
0.902291
2.37248
1.38194
0.274636
0.795351
1.41019
0.585143
1.41755
0.451799
0.473665
1.08276
0.633106
0.16516
1.1504
0.723383
0.577977
0.661309
0.763259
0.760629
0.488174
2.67437
0.51545
0.494928
0.431573
0.868563
1.30333
0.0873523
0.453271
0.456328
0.590395
0.465221
1.12023
0.104062
1.53549
1.46784
0.161577
0.482269
0.666721
2.11025
1.18925
1.57759
0.870483
0.42914
0.4892
0.629019
0.474575
0.613387
1.32841
0.610842
0.356577
2.2388
0.700939
1.18063
2.12841
1.37099
0.761576
0.0481514
0.628213
1.54183
0.700248
0.667022
0.653352
0.823231
2.35382
0.710232
1.26575
1.10761
1.98583
0.618311
0.583823
1.51195
1.1091
0.744644
0.235713
0.718108
0.994846
1.40961
1.24087
0.987867
0.472113
1.23114
1.85958
0.324784
0.937576
0.582104
0.711818
0.394722
3.20094
2.22835
1.25409
0.209778
0.314145
0.130174
0.0773309
0.348297
0.54354
0.164981
2.65679
1.58401
0.676559
0.708031
0.255824
0.448252
0.682879
0.500754
0.400124
0.0989553
1.60093
1.52647
0.0981867
0.176418
0.982248
2.85175
1.14911
0.717065
0.427568
0.510309
3.94711
1.64231
0.204547
1.86329
0.225512
2.36354
1.48355
0.504945
1.39913
0.564955
0.600057
0.264835
0.723256
1.12204
1.31084
0.153901
1.27132
1.02996
0.0695021
0.739229
1.31304
0.566402
1.46365
0.904638
1.59166
1.86151
0.780477
1.14012
1.0062
2.36646
0.344925
0.115246
1.83248
0.564003
1.04976
0.800924
0.167714
1.5372
0.57723
0.712635
0.512256
0.74181
0.579609
0.527154
1.31368
1.28986
0.92942
3.79771
0.602797
2.0101
0.388089
2.25792
0.216314
0.432859
0.410769
1.42809
0.0935481
0.996959
1.44059
1.2644
0.960933
0.347305
2.08962
1.96915
1.25932
0.180641
0.987457
1.01268
0.652332
0.382738
0.886598
0.334123
0.404047
3.56605
1.09267
0.408598
0.862427
1.53767
0.29807
0.477162
0.982133
1.43337
0.855775
1.09427
1.1705
1.23347
0.406882
0.49552
0.356905
0.422536
0.583328
1.01969
0.775621
1.02097
1.80889
0.68271
0.359438
1.16113
0.577338
1.07473
0.841821
0.796059
1.29077
1.26224
0.384577
0.0132326
0.355451
0.935848
2.07721
0.605804
0.155152
0.75542
1.18755
0.257578
0.762607
0.317879
0.119407
1.44561
0.0667466
0.898111
0.804854
1.72114
0.706882
1.00785
1.38198
0.516443
1.04647
1.16737
0.516382
1.58654
1.07311
0.679958
0.590516
1.9775
1.79703
0.586945
1.05934
0.387465
0.978684
0.857775
1.30062
0.487647
2.31846
0.191704
1.63573
0.612541
0.823418
0.685229
0.295559
0.805968
1.2189
0.814276
1.13083
0.148913
0.800277
0.411921
0.332924
0.897363
0.497327
0.823779
2.29559
0.600409
0.567828
1.10179
0.159341
0.531447
1.09303
0.503226
2.09067
1.72293
0.223896
0.491446
1.35084
0.127232
2.06667
0.767181
0.386828
0.768131
1.18533
0.519882
1.91532
0.700432
0.421908
1.73521
1.65721
0.0164886
0.82391
1.33057
0.386338
1.55728
1.32825
0.648927
2.4698
0.558696
0.258793
1.19714
0.879686
0.614413
0.928842
1.31615
1.33922
0.859134
0.65387
0.614274
0.820891
1.16723
0.29318
2.79588
0.769338
1.04235
2.1106
0.775086
1.15466
0.174833
0.602533
1.5384
0.676626
0.460374
0.830547
0.797891
0.780468
1.06334
0.439166
1.08841
1.32863
2.2177
1.95131
1.69976
0.309517
3.35825
1.76315
0.266337
0.901278
0.718324
1.34862
0.359779
0.785576
0.32549
0.961636
0.64053
0.310009
0.194309
1.6214
1.94568
1.18361
0.057611
1.18126
0.352307
1.16692
1.15867
0.748911
1.08852
1.19246
0.522602
1.45377
1.33965
1.14802
1.40163
0.0956236
1.02323
1.19335
0.730995
1.06177
0.988662
1.04319
1.03611
1.32514
0.397738
1.62866
0.329418
1.42116
0.854152
1.011
1.49789
2.3483
0.86895
0.131797
0.153071
0.540184
0.290115
0.642342
2.81961
1.21823
0.507445
0.189541
0.939336
1.31742
1.57434
3.31882
0.347248
0.695901
0.418573
0.288389
1.03507
0.527191
0.43621
1.37242
0.643367
0.629194
0.620453
1.51531
0.665037
1.83241
0.222442
1.1983
0.974374
0.83694
1.28151
1.07338
0.122046
0.525263
0.536249
0.772935
0.86451
0.513129
2.1721
0.566127
0.452643
0.693421
1.6994
0.691725
0.41717
1.08614
0.228831
0.951136
2.45188
3.02403
1.22483
0.353055
1.22283
1.2203
0.545716
1.99864
1.26768
0.263418
1.64831
0.671917
1.06905
0.666541
0.469944
2.81282
0.579191
0.201536
1.03955
0.119227
1.05914
0.347513
0.439263
0.935456
1.20264
1.19397
0.447534
1.46768
0.615141
0.372822
0.864133
1.4206
0.409497
0.282772
2.32554
0.86176
0.189641
0.565146
1.2883
1.29744
0.744898
1.33473
0.17833
0.789961
3.53449
2.37377
1.29828
1.21562
0.538141
0.841211
0.316378
0.36297
1.39962
0.85383
1.24317
1.31956
0.949751
0.751684
0.385996
0.102145
1.29143
0.659183
0.835588
0.221446
1.24451
1.32084
1.04807
1.96386
0.368775
0.717371
0.468329
0.650709
0.610433
0.91672
0.975541
0.500471
1.06966
2.2013
1.38317
1.57052
1.07177
1.44845
1.43653
1.11205
1.0509
0.820133
0.386912
0.370334
0.146887
0.870716
0.798702
1.0265
1.8082
0.760257
0.604089
0.195924
1.37435
0.30349
0.793745
0.66812
0.446059
1.13692
0.704739
0.289222
1.22613
0.515771
0.277256
0.513365
0.576246
0.267301
2.45681
1.68942
0.557803
0.36672
0.916277
0.399826
0.746985
0.466226
0.213375
0.787184
1.09801
0.407362
0.755192
0.877096
1.14521
0.101114
0.615196
1.72867
1.26803
1.66463
0.65779
0.956514
2.11194
0.459065
1.55651
0.404415
1.12583
0.822423
1.1943
1.04331
0.468487
1.7935
0.418109
0.420669
0.421917
0.248423
0.38319
1.71188
1.33122
0.832911
0.796765
1.13854
0.444041
1.12759
0.354234
1.38153
0.716636
1.10134
0.783084
2.48043
1.78318
0.652067
0.680197
0.679529
0.511277
0.174821
1.55386
1.36477
0.79027
0.602771
0.727131
0.826721
0.523263
0.257292
1.1257
0.844487
0.908813
0.57448
0.148182
1.80936
0.129245
1.18797
0.508909
1.33621
0.373033
0.2949
1.57591
1.08615
1.74751
0.287085
1.45538
1.02615
0.683506
0.3471
0.454857
0.466036
0.0917211
1.00689
0.57934
0.337499
1.19355
0.856353
0.793405
3.20209
0.372314
0.774886
0.414988
1.17092
0.385491
0.981056
0.240506
0.625231
0.750684
0.92652
1.47644
0.414028
0.244024
0.422309
1.20472
0.993355
1.18223
1.73322
0.843365
1.85354
0.175862
0.768576
0.829863
0.339509
2.18246
1.28964
0.460079
0.429786
0.406282
0.149879
0.531669
1.15057
0.866661
3.209
0.839088
0.424597
0.193608
0.962146
1.0591
1.22458
1.80149
0.788608
1.2573
0.572448
0.843444
1.12774
0.553455
0.765368
1.15116
2.51009
0.785092
0.645687
1.03118
0.530179
0.314657
1.9794
0.418019
0.449076
0.190783
1.12023
0.887309
1.38075
1.09504
1.29136
2.40894
0.193391
0.434414
1.75205
0.0238476
1.63717
1.13875
0.32221
1.23791
0.693113
1.24536
1.27963
2.01648
0.680418
0.586851
0.739427
1.63592
1.81062
0.903556
2.24027
1.61737
2.00607
0.412998
0.139655
0.811918
0.437532
0.979478
0.309478
0.968019
0.505762
0.409223
2.03253
2.70731
0.426149
0.728857
0.853664
0.269519
0.631234
0.590078
0.538117
0.515701
0.301702
1.46428
0.218437
1.82503
0.0952041
1.28156
0.525232
2.22371
1.15827
1.29268
0.884979
0.431276
0.228043
0.899565
2.41314
0.136094
0.633033
2.98376
0.79069
0.921943
0.343366
1.23225
0.676836
2.40431
0.919892
1.61225
4.7635
0.872156
0.135578
0.607813
1.85701
0.981686
0.361921
2.79088
0.706813
0.438889
0.619728
0.820367
0.191634
0.535699
0.278478
0.338988
1.76842
1.48974
0.846031
1.33319
0.652234
0.61173
0.533248
2.41242
0.576742
0.780805
2.23365
0.305235
1.49036
1.36443
1.42579
0.705615
0.124507
0.40995
0.763148
0.812624
1.81778
0.357967
0.57149
2.81048
0.709615
0.383876
0.496602
0.237723
0.603088
0.840696
0.406773
0.221752
2.0233
0.931849
1.89945
1.28874
0.643689
0.536886
0.704966
1.68057
0.404415
0.730344
2.02423
1.37881
1.0386
1.86597
0.0290701
1.05698
0.599013
0.232648
0.738096
0.55865
0.611043
1.06803
1.82038
0.051573
0.228936
0.461807
2.67311
0.503498
1.69965
0.700934
0.279595
1.64369
1.75674
0.150663
0.728905
0.999555
2.08232
1.26849
0.776264
1.00188
0.790124
0.326463
1.37236
0.646111
1.583
0.353528
0.86879
0.484692
0.349175
0.68968
1.57419
1.34213
0.454325
0.413973
0.6797
1.62345
1.04797
3.98534
3.06528
0.897414
2.71267
2.85627
1.21533
0.333315
1.03365
0.717886
2.3065
0.968552
0.738823
0.530472
0.868048
0.327747
1.05652
0.681079
0.224176
1.42007
0.9734
1.41264
1.08733
0.602162
1.03301
1.48652
0.983692
0.172118
1.82865
1.46813
0.884929
1.75279
0.813722
1.30499
0.0745338
1.11051
1.47138
0.327778
0.0739616
1.36772
0.979324
0.0139125
0.287892
0.139321
1.49347
0.591257
1.51063
1.0083
2.621
1.70974
2.47127
0.158911
1.2759
0.220022
0.32095
0.23636
0.746642
1.73437
1.71577
0.453212
1.11217
0.258219
0.584068
0.664359
1.09178
1.51122
2.36304
0.248563
1.38591
0.563388
0.780817
0.838131
0.556415
0.165229
3.58474
1.34347
0.492119
1.81828
1.06
0.67489
1.10405
0.734498
0.631315
2.20634
0.119018
1.45333
0.800841
1.84393
1.02441
1.20481
1.08779
1.2208
0.82288
3.06352
0.598257
1.01104
0.607942
0.573518
0.539422
1.8173
0.979107
0.806387
0.398496
0.295317
0.1905
0.312848
0.261652
0.258076
0.678283
2.77457
0.290892
0.283137
0.726755
1.70983
1.0491
0.806413
0.818552
0.258478
0.89977
1.63639
0.762173
0.628172
0.540412
1.71857
1.36675
1.2298
0.139934
0.552741
1.40317
0.868591
0.43942
1.63678
2.39648
0.533759
0.419103
0.456606
2.40055
0.327054
0.72687
0.685045
1.91593
1.09925
0.712494
3.09133
0.314569
0.656054
0.210885
1.60374
0.382805
3.33555
0.137839
0.153
2.04223
0.417956
2.49325
1.0582
1.38268
0.344525
2.94462
0.298447
0.162234
0.733406
0.278048
0.551018
0.444524
0.782417
1.11293
0.636365
0.344904
0.895465
0.514388
0.278232
2.1788
1.48699
0.495904
0.435745
0.321185
0.832418
0.966079
0.617065
0.657842
0.785433
0.0827875
0.602439
0.375859
1.46501
0.756581
0.227228
0.618255
2.7553
0.560456
1.24818
0.516395
0.749924
0.058742
3.69745
0.929447
0.360784
0.227148
1.68714
0.766287
1.31148
4.40209
0.666552
1.51899
0.656776
0.58765
0.355908
0.64436
0.279466
0.543233
2.04407
0.481346
1.04313
0.888252
0.192393
0.0922763
0.296307
0.0811022
0.759269
1.24639
0.604788
1.4877
0.607086
0.411975
0.328468
1.06687
4.03462
1.14918
1.64388
0.250704
0.795175
0.88821
1.35497
0.914115
0.227524
0.351539
0.59509
0.260567
0.244193
0.922159
0.433649
0.530487
1.42004
2.84388
1.69239
0.0812519
1.45603
0.429621
0.607367
2.60293
1.77385
1.69752
0.529465
0.557515
0.36924
0.773963
0.419653
0.230221
2.01766
0.511854
1.14642
1.0798
1.12005
1.1681
0.525847
0.736515
0.379443
0.763498
2.11982
0.430739
0.523969
0.363653
1.56894
0.29734
0.0403637
0.660826
1.83314
1.44554
0.834247
0.794597
0.254603
0.381748
1.20313
1.02881
0.939551
0.926574
1.29049
0.864896
0.490678
1.29158
1.00492
0.686809
0.970241
0.425476
0.39044
3.38399
0.558383
2.04561
1.04165
1.91605
1.22244
0.0758736
1.91367
0.876824
2.06743
0.96273
2.12795
1.08959
2.09885
0.655748
2.25981
1.58271
1.42284
1.14041
1.46535
0.763706
2.11707
0.612257
0.955357
1.27932
1.47749
0.480637
0.244618
0.209975
0.813701
0.442775
1.46584
0.353941
0.838249
0.764586
0.251932
0.460334
0.572207
0.238102
3.06505
1.86721
1.33195
0.815112
1.06538
0.870703
1.47286
1.09708
0.94395
1.80534
1.584
0.337468
0.637291
0.908666
0.806977
1.26213
0.862772
1.33016
1.95749
0.400263
1.11889
0.351868
0.757032
1.1585
0.964856
1.27148
0.827749
0.638724
0.334202
0.876294
0.198071
1.87593
1.386
0.816167
1.1378
0.922251
0.544433
0.795152
1.13007
0.7601
0.453368
2.14794
2.60586
1.68904
0.0914917
1.60873
1.39018
0.0936132
0.343825
0.426898
0.527249
0.122246
0.368105
0.615763
1.80111
0.385403
2.55429
1.28836
1.14131
0.303584
3.03349
0.800717
1.11167
0.761801
0.259633
0.946346
0.759465
1.88376
2.36337
1.00465
1.54139
1.15135
0.812062
2.69578
0.53717
0.108979
0.326447
0.354016
0.996575
0.378389
0.721912
0.411508
1.70057
0.510404
2.59225
0.387039
0.848433
1.19209
0.223435
0.962161
1.26244
0.359287
0.693747
1.11239
0.973316
1.59572
1.5565
1.14308
1.88952
1.28003
1.69031
0.432163
0.750521
3.56911
0.772234
1.71345
1.24495
1.05351
1.33584
0.661559
1.65964
1.55365
0.80345
0.989903
1.62674
0.12863
1.36909
1.45829
0.943108
0.829318
0.79664
0.886368
0.245667
1.39531
0.729857
0.653844
0.382543
0.473649
0.665695
2.43179
1.08899
1.09752
1.54426
1.06322
1.04388
1.95596
2.53838
0.168499
0.275375
0.724761
0.119294
0.90459
0.805405
1.45563
1.56799
1.16145
0.115698
2.07123
0.716781
0.832679
1.18703
0.612142
0.297188
0.257125
0.584037
1.35343
1.14073
1.35592
1.77739
0.63738
0.975853
1.90669
0.504336
0.458631
0.49985
0.901925
2.13007
2.28894
0.535193
0.466747
1.14316
0.61269
1.05281
0.408987
1.9399
0.939538
0.948443
0.537961
0.325155
0.547868
0.997062
1.71307
1.48478
0.469696
2.83914
0.879995
0.267418
1.47656
1.61494
0.754793
0.48321
1.12098
2.27684
0.607987
0.270733
1.92773
0.880393
0.640329
1.07062
1.51901
1.18177
1.9136
0.459258
0.196082
1.11029
0.77217
0.727461
1.14345
0.594418
0.378493
0.737998
2.09411
0.282324
0.241047
0.946689
0.528999
2.04165
0.424028
1.36873
0.399451
0.668535
0.233614
0.632147
0.430757
1.13016
0.732338
0.677018
0.864901
1.34099
1.23667
0.699164
0.736966
1.44531
0.756746
0.121882
1.72624
1.48423
0.654775
2.4772
0.7333
1.01533
1.04462
0.289833
1.24439
1.55836
0.821586
0.776942
1.10125
1.58962
1.37615
0.499345
1.03845
2.00479
0.37459
1.6923
0.923701
1.68076
0.683329
0.891367
1.15929
0.767897
0.260717
0.14714
0.532196
0.460602
1.26369
0.609412
1.46013
1.31591
2.38786
0.942759
0.637766
3.34302
1.34548
0.886441
1.21401
0.455162
0.951394
0.713015
0.567068
0.360002
0.993466
0.660973
1.67771
1.49882
2.16972
0.993175
0.269262
0.724961
0.609825
0.282504
0.14446
0.828919
0.500387
0.620302
2.63926
0.355079
1.58309
0.474832
0.168025
0.14211
0.556144
1.50778
1.50495
2.30468
2.00166
0.665575
0.524153
0.800361
1.30218
1.25576
0.353527
0.571209
0.391232
1.68311
1.20133
0.668161
1.27156
0.79387
0.211418
2.47861
0.390035
1.96458
0.0672331
0.226974
1.60347
0.213103
0.391795
1.44659
1.05822
0.49425
0.64811
1.26057
1.52202
1.18085
0.767312
0.74821
1.65767
0.101741
2.5867
0.327199
0.247472
2.44866
1.18743
2.17711
1.12467
0.758405
0.531813
1.46311
1.99799
0.720779
0.817773
0.652471
1.53847
1.81769
2.05561
0.884402
1.00511
0.653215
0.947407
2.7493
1.60412
0.368588
0.598212
0.344174
0.271345
2.08417
2.06825
0.971733
0.389676
0.742151
0.775763
1.29182
1.59959
1.61409
0.418494
0.344095
0.34177
0.260812
1.17799
1.29448
0.275708
0.102552
1.11217
1.3998
1.63196
1.15003
0.690554
1.2229
0.185341
0.136449
0.504204
0.683812
1.41276
0.157318
0.135955
0.131319
0.796525
0.875261
0.755585
0.640068
1.00908
0.362504
0.591761
0.24957
1.90458
1.94033
0.242585
0.280964
0.649031
1.08367
0.201792
0.785991
0.698444
0.70761
0.933658
3.13412
2.38105
1.56977
0.40008
1.18203
2.12752
0.492279
0.946447
2.40165
1.30724
0.7635
0.696123
1.33988
1.65925
0.795478
2.07319
0.76945
1.57848
1.50702
0.267258
0.320646
0.452361
2.18408
0.177462
0.598222
0.570756
1.52907
0.43062
0.393279
1.14919
1.13572
0.191153
4.27886
1.81359
0.940086
1.68747
0.887763
0.370315
0.284894
0.37093
0.393794
1.66987
0.945871
0.730615
0.78784
1.31115
1.14757
0.242763
0.490698
1.74621
0.676435
1.69467
1.14161
0.0754776
2.28494
1.13959
1.08128
0.861275
1.06002
1.0746
0.541027
1.50488
0.163776
