0.0822488
1.09716
0.00980667
-1.78193
1.86296
-0.1887
0.972496
0.355211
-0.141766
-1.03206
1.0934
1.69031
-0.814552
13.9435
-1.35146
-2.44355
-2.05318
0.224871
-0.61642
-1.20066
1.05787
-1.21566
0.379831
1.48554
0.275943
1.42366
0.91404
-16.3824
-0.754576
-1.15823
0.527862
-1.40668
-3.40505
-0.651802
-1.32994
-0.269786
0.427064
0.260813
-3.44561
2.79359
-0.462488
-0.000133197
-2.41545
-0.0587473
2.27109
1.22562
0.979034
-0.142484
40.4451
0.174189
-1.40987
-3.96369
2.41036
1.76954
0.102951
2.50995
-0.470334
-0.836755
-7.52773
-0.215692
-0.732283
0.301894
0.613673
-0.100888
-1.50854
1.92968
0.223855
0.830497
1.54602
0.882953
-1.36867
2.76982
0.86099
1.33831
-1.09312
0.702979
1.34473
-0.356693
0.498032
-0.447873
-2.42826
-0.665219
-0.383154
-2.50754
-1.20165
-5.47884
0.237322
-1.27226
-0.239446
-0.243691
2.15572
-31.0716
2.94493
-1.39221
-1.09037
-0.135827
0.57842
0.0350694
-0.371574
-6.14868
-0.398022
-0.380596
-1.56085
-2.92185
0.995223
17.7068
0.167943
-0.493779
0.32654
-0.330155
-0.932211
0.00839887
1.54745
4.91733
-0.572981
0.314021
0.0870319
1.64463
0.88408
1.43807
-7.57793
0.609153
-3.53473
-0.433477
3.83616
-0.781559
-2.95607
0.109943
1.01621
-0.961905
-3.38516
-0.322253
-13.1971
-0.0754347
-1.23636
-0.0824596
-0.434209
-0.277587
1.11973
-12.7799
-0.285906
2.83124
-2.1222
-16.9313
-0.922351
-0.336123
1.23619
-1.14171
-6.13342
2.0084
1.73395
1.00614
-3.41144
-3.18101
-1.96084
-3.06789
-0.279301
0.398656
0.867395
35.7784
-1.18182
-2.58391
1.69916
-3.78469
-0.0855935
-0.215517
3.60829
6.80559
0.227334
0.708127
-0.354638
-0.162478
-0.0508189
-0.536171
0.591619
-0.248652
0.85596
2.83659
1.82678
-0.218164
2.58957
-28.7591
0.117758
-0.37702
-5.34609
0.256077
-2.48477
2.61062
-0.757066
0.139701
-0.289097
0.369828
-4.7253
-0.900651
0.336573
-0.257186
0.371999
6.36697
-4.14448
-1.77044
0.0431916
1.0434
-1512.94
1.6489
0.486868
0.575732
-0.498846
1.09086
4.11967
-1.16901
0.100924
-0.359682
0.246626
0.0491932
-0.280854
-3.62656
-6.3915
1.93999
3.8351
-1.57128
0.181468
-1.7258
0.346031
1.60478
-1.24872
-0.209654
-2.50229
-0.111287
1.42334
-1.09075
-1.57875
0.129221
1.53217
1.07292
-5.24382
0.684788
-0.909892
-0.0404969
0.533004
1.14661
1.15514
-1.69955
-3.36406
21.131
0.540354
0.805591
0.173585
0.202173
-0.651447
1.21189
1.41653
3.06992
-1.86639
-0.230263
-0.880788
2.72351
0.0582101
3.31714
-3.41945
-0.866737
-0.183648
-0.533294
0.858135
-1.13438
-1.81284
-2.28184
-0.431231
-0.823492
1.22435
1.73829
0.145799
0.498504
3.85787
0.586459
0.22626
0.434902
0.225792
-1.88616
-0.342723
-1.65614
-2.65816
-2.18034
0.273579
-0.325337
-6.72516
0.468629
-0.126943
-1.9111
3.08707
-0.0123828
-0.162079
-0.110604
-1.42973
-2.2447
-4.65306
-6.72833
-1.03062
-1.59982
0.967619
1.89374
0.952123
0.34307
2.54134
0.370097
0.856655
0.0700215
1.66449
-0.66383
0.819167
-0.186071
0.345861
-0.812523
0.925264
1.33018
-3.3962
-0.141792
0.552573
-16.9119
-6.47955
-0.376694
0.684596
0.378935
-0.662128
1.46057
-0.923408
-0.58033
3.83376
0.409828
-0.112499
-1.98018
4.23771
0.179507
1.66119
-0.551916
-0.948815
0.720163
-1.99746
0.0262161
-0.854968
1.5999
0.0685264
-22.5451
-0.889056
-6.05363
-5.81994
-0.0507431
1.21655
-1.62623
-0.503378
1.2562
2.64677
0.692586
0.664729
0.044477
-1.04992
0.112578
0.520855
10.8254
2.91346
-0.52125
-2.32784
-4.9635
-0.938277
0.535014
-1.47189
4.07564
1.7976
0.315588
1.08142
9.87571
-0.710521
-13.6564
-0.182909
0.298348
-0.63668
-3.54166
0.0324546
-12.0468
6.65591
-0.311355
-0.379566
-1.08234
-0.695672
-1.94754
0.385215
-4.62509
-0.374033
-0.337562
-1.51161
-1.26127
-11.4107
0.438555
-3.22072
-34.6781
-0.736994
-0.446689
-0.906602
-0.310443
20.6196
1.12575
3.28957
-0.885343
0.236101
-1.00009
0.0341897
-0.520668
0.730975
4.16388
1.39845
-0.508722
3.92229
-1.18734
-0.644929
-1.42142
-9.57722
0.00549991
-0.0702246
-0.0276797
-0.193101
-1.3581
2.26131
1.0617
3.38895
-0.806846
1.90548
-1.25958
2.08526
0.884849
1.78946
0.908258
0.938436
-0.601341
6.16595
-1.81708
-1.43913
-0.770268
-1.57783
11.8796
1.5438
-2.04925
-0.734825
-0.921965
-1.37407
1.40523
-0.217402
0.594192
-0.654907
-0.0943563
4.53687
0.106621
1.66551
-0.528616
14.2111
-0.391716
0.757179
1.06047
0.892935
0.240547
1.43112
0.359873
0.244787
-1.8013
-2.94031
6.11772
-0.796268
1.57781
0.789896
0.844751
1.82947
-4.87603
8.90582
-0.938407
-1.14408
-2.45953
-1.15283
-2.74843
0.00410986
1.06474
-3.12703
-0.680418
-0.963867
1.98732
2.36168
-0.581685
-0.366226
0.167997
-3.65694
0.659286
-1.71038
0.241741
-0.672628
-0.450478
0.963042
-0.858173
1.12089
-2.94198
0.701717
-1.69688
1.43049
0.565761
-10.2943
4.07892
1.27424
-1.30151
2.07337
-0.572922
5.13727
30.6218
0.543816
1.40962
0.971651
1.22367
0.890369
-36.2044
0.469453
2.06719
0.635885
-1.1965
0.5535
-1.22759
-50.24
-0.355694
1.24617
-0.195905
2.66006
1.18098
21.1845
0.128782
1.434
-2.80189
-0.82168
-0.328823
-1.57516
1.01396
-0.369875
1.83097
-1.8622
3.66805
-14.6554
-1.51504
-2.53729
-1.24896
-0.0968788
0.213593
0.313902
0.469078
1.73444
0.00373918
-0.639707
-0.173429
0.696726
1.21511
0.0571115
-4.14124
-1.89498
1.13192
-1.00951
1.99631
1.17975
-21.5357
0.120976
-0.88364
0.168191
2.00536
2.49719
0.268457
-0.0424466
1.19088
0.806916
-0.0103821
-0.462107
5.24008
-0.422136
0.500569
1.55784
-0.128102
-0.213091
4.30366
-1.6635
0.0841258
-0.00560977
1.83649
-0.577187
0.456921
-0.0925633
-1.37938
-0.46745
0.0372126
0.566016
-0.0911753
-0.167515
4.06362
-0.450511
1.84188
-0.328381
-0.124207
-0.0952822
-2.93761
-0.310119
-0.35404
0.0406854
2.67858
-0.287436
3.38911
-0.309703
1.09229
1.02773
-0.265288
-1.71297
1.34613
-0.237433
2.40747
-5.25847
0.633146
36.5211
1.4975
-1.7086
-0.160309
-0.48886
-0.69422
-0.0299512
2.40094
0.207166
0.547793
-0.283382
-0.530511
-0.218126
3.06649
-1.17958
1.35088
-0.275691
-6.09053
3.61017
-0.25899
0.690869
1.57207
1.13078
-1.20679
22.7466
-2.75075
-0.192998
-0.561491
0.695197
-0.0271985
-6.17397
1.31114
-2.86552
-2.2772
-4.82375
1.99148
-0.460302
-0.378617
-0.676793
0.292807
-3.30766
1.89353
2.24468
-5.50012
-0.734307
19.8572
-0.622801
0.130914
-0.978854
0.132369
-1.27884
0.814894
0.340756
-1.45287
-0.735673
-0.323452
0.124084
10.4988
-0.0686677
-0.646562
-2.84956
7.98618
6.76213
-0.744871
1.00406
-4.02128
0.678393
-1.83063
0.328544
0.241656
1.04587
2.18513
5.75528
-0.0240968
1.85374
-1.45894
1.09592
2.10469
0.230885
0.455611
-1.46447
1.87947
0.321655
-1.4146
-13.8237
-0.491769
0.254196
-0.662865
0.383302
-2.13079
1.9162
13.8906
11.7918
2.46857
-9.05831
-0.392145
2.84545
0.517181
0.18452
0.469947
-1.58498
-1.64967
-1.20494
0.246014
-1.39362
-2.67224
-0.563861
-0.347503
-1.70064
-19.4954
-0.306086
2.4829
1.51256
-0.099701
-0.0744549
-18.8652
-1.3432
-2.09703
0.454429
0.559078
0.285766
-1.85035
1.09734
14.1629
-1.1757
2.37719
-2.28031
1.10696
0.728544
0.125466
-1.77612
197.745
0.188479
-0.144223
-0.929644
0.80976
0.977901
-0.464519
1.01474
-1.84804
140.278
0.553328
-1.09938
-1.61615
0.542065
0.253224
-0.671933
-0.0343001
0.00961238
3.90818
-1.99741
-0.971981
-0.609193
-3.94963
1.47536
1.2494
2.97615
1.02518
-0.475904
-1.61305
2.56612
7.53492
0.960956
-35.2455
0.380283
0.0979725
0.256325
0.875705
-0.410047
-10.6233
0.415459
-1.29024
-0.925907
0.915106
0.605159
1.59108
7.2253
7.20535
0.176885
-3.7104
-0.522757
-9.32442
0.305515
-2.38753
-0.0253207
1.96286
-1.57285
-3.34949
-0.345403
0.540334
-0.0382187
-2.10056
0.470193
-25.1896
-1.11964
-0.0840954
-2.48981
-0.758762
-0.202465
0.274486
-1.24303
0.365259
-1.89275
-1.28988
-0.0653148
2.7955
-0.694721
-3.50027
0.922131
0.208152
-0.462003
-1.20453
0.922264
-11.3178
2.15896
0.564898
-0.0650407
-0.563432
-0.913046
0.188274
41.2158
-0.314505
0.707885
-0.392428
-3.38624
3.4652
-1.28711
2.19113
-316.544
0.204599
0.177118
0.463981
6.01833
1.16399
-0.577549
0.0703499
8.1646
0.685884
0.732511
-1.28147
0.455843
5.91039
0.911782
-3.3022
-0.0266789
2.63429
-0.00701753
-1.41048
-1.32668
0.385937
-2.13002
0.0881122
-1.73224
-0.698872
0.893392
-0.657834
-3.19369
-5.40969
-3.13537
0.460208
-0.900609
-0.823245
0.16022
0.241712
0.563273
0.717551
-1.27744
2.25272
28.1323
13.6694
-0.517785
-2.15821
0.44096
-2.49608
12.0687
-20.7119
-5.21303
1.86115
-0.656614
16.4831
10.5753
1.76453
-1.25037
-0.237406
-0.160437
0.23314
-0.155236
-6.78475
-1.20155
-0.577046
2.41533
0.0853443
-4.80453
-0.0883516
0.855473
-0.0819103
1.48015
-0.0918525
-3.64577
0.20999
1.30659
0.625302
-0.5712
0.450947
-0.550973
-0.0240714
0.155938
0.121088
1.44779
-5.5764
0.0935803
-0.0425542
-0.0582893
2.12994
-0.675712
0.600278
-0.324807
1.52529
1.59993
-1.26572
-4.70735
0.377043
-1.13932
-1.28107
-1.70292
2.12844
-125.392
-0.105853
0.479435
0.268298
-0.443727
-0.973424
3.13793
-0.360082
1.18298
0.335626
0.674132
0.374121
-0.037273
0.460523
0.853199
-0.664912
-0.703602
-2.51551
-0.603721
1.0586
1.88875
-7.33571
-1.10101
-0.447973
6.35182
-5.54591
-24.7957
-0.0261935
1.32691
-3.23711
0.872208
-1.81829
0.601793
0.392931
-0.445308
-605.237
-0.162122
0.982724
-3.66142
0.796839
0.269173
7.74184
-0.148109
-0.683699
0.514755
-0.174716
0.0679733
1.81611
0.685488
0.4692
-0.490366
5.70293
1.98616
1.41514
0.0939264
-1.94475
-0.68357
0.289624
-1.1841
-0.0767421
0.777824
-4.65396
2.14664
85.7436
7.44041
-0.759648
0.280079
19.2599
1.22042
-7.76964
-0.141343
1.761
0.213116
0.364485
0.693904
1.35277
-1.68295
1.53592
-2.0595
-0.137402
0.339611
-0.995052
-14.1434
1.3147
5.29013
0.433348
1.77
0.531557
1.00756
0.687335
0.109378
-1.54823
-0.892533
-1.71763
-0.670328
1.62367
251.449
1.48761
-0.554904
7.4519
0.0244641
0.607325
-0.95657
-1.21102e-05
-0.278135
0.388882
1.40409
1.22351
-0.412474
-0.324932
-0.0116474
-1.05041
0.0918579
3.08424
2.06599
-49.1349
1.30592
0.0229663
2.13477
0.68225
-0.37672
0.241026
-1.69553
1.46736
2.07578
-2.65732
-0.835177
0.679813
3.04871
-4.96178
-0.821507
2.15087
1.1004
-2.95089
0.125807
-13.8045
-0.121397
-1.10943
-5.49208
-0.32719
0.816925
-1.47474
3.96938
0.771973
-0.326689
1.49256
-1.02197
1.46572
0.393207
0.579627
-0.357925
8.59609
2.4354
0.000671649
-30.9292
1.96882
-0.308229
2.69001
-2.37947
-0.593897
-0.113469
-2.30018
3.26715
-0.64135
-9.2689
1.20548
-0.56482
2.2503
0.542141
-0.255544
-2.70384
0.774933
-1.55655
-2.31723
-1.71333
-0.00725928
0.13946
-0.0373699
-41.6498
-2.00147
0.0471302
-0.290317
-1.01725
-8.28332
4.13905
3.60203
-0.0605276
-0.435242
0.105024
-5.3157
1.28418
1.78383
-0.634447
2.22526
-5.08898
1.55409
-0.308062
-0.255361
-0.274899
3.43409
1.74446
0.702838
-0.696167
-2.2486
0.301019
2.46155
0.139722
3.11996
2.85304
0.262453
-0.318693
-0.823657
13.1429
3.17239
0.0264881
0.362075
-0.046089
-4.02762
0.761689
-1.39886
46.0819
-1.12093
-0.0856996
-5.10334
-11.8862
0.686961
6.16195
-0.743958
1.42155
1.91961
-5.57667
0.436592
0.925364
1.0942
2.25715
-0.242764
0.521212
-3.62967
0.724989
0.0898006
1.66939
3.56823
0.991507
1.72754
2.2613
3.0184
0.117307
15.6776
0.596564
5.22198
-1.20803
0.27683
0.344779
-5.34614
-62.1344
0.905627
-0.387046
0.131841
0.485461
-1.93603
0.354165
-0.702536
2.38871
-1.33211
-8.20021
0.0103938
-71.1676
1.47758
-1.72091
-111.522
2.01741
1.26852
-0.049121
-5.47906
0.0235472
-3.59918
-1.33664
-0.0364443
0.110719
-4.24999
-0.64514
-0.000872001
-0.213841
0.740153
-67.3665
-0.0990283
-0.608409
0.0773107
-0.417512
0.80078
4.15885
3.70504
-0.069837
29.9696
-1.99952
0.122769
0.598665
0.218503
-1.39813
-0.0266598
0.126478
-3.74327
6.36422
0.31782
9.80736
2.6091
1.26836
5.56609
-0.155392
-0.116014
-0.165046
-101.831
-0.341854
6.68009
0.566373
-3.04528
2.6822
0.84986
0.786737
-0.08428
0.44758
0.480335
-1.73832
0.112973
-10.4339
0.69465
0.688785
0.713323
-1.4949
1.03773
15.4247
-0.321617
0.253779
-0.953672
-0.728018
-5.35032
-0.87439
-0.272081
-0.35276
0.0356465
-0.0657865
1.52378
1.74606
-0.0350723
0.351905
-0.835719
24.2936
0.365815
-2.5232
0.250903
1.03238
0.748105
-1.17981
0.0580269
1.94557
0.557189
1.05401
-3.79519
-5.2387
0.356216
0.383003
-0.636966
20.3565
0.294401
0.576653
-0.17809
-0.73498
0.328154
-0.832906
-3.91241
10.6641
-16.3223
-1.2435
-0.335612
1.13104
0.0537723
1.62019
-0.550725
0.0116009
0.6677
1.59566
-0.0421937
0.518781
-0.316069
0.466987
-0.850396
0.0637466
0.439014
1.76238
0.475338
-24.7969
2.83683
11.559
0.233576
-3.35233
-0.0349334
2.80828
-2.95332
-5.52008
16.5913
-0.135767
0.684874
1.37204
0.713282
0.552339
-1.41296
0.617547
-0.234363
9.1033
0.635635
0.437253
0.265848
-0.368268
-0.2743
0.432633
-1.05029
-0.3793
-176.775
6.68678
7.29678
-0.831492
-1.45323
-0.191441
1.08188
3.04757
-1.14055
-1.48326
14.6672
-0.919004
-0.822119
-0.335056
0.196827
1.05527
-1.37823
2.91559
-1.12679
-0.857324
0.0402883
-1.5032
1.29378
68.0736
-0.385868
-2.27988
-0.285454
-2.20943
-2.06006
-2.1592
-0.397561
-6.57298
-0.516547
3.20363
-1.52785
0.115093
1.83589
-2.8882
-0.640053
-9.49019
-0.244014
0.716165
-0.205176
0.168204
10.3022
-0.148523
0.975302
-1.96923
0.169126
12.6196
2.09799
-0.502181
-0.727713
1.59522
0.457192
0.877493
-0.571431
0.460918
0.464045
-1.25023
2.49206
0.428979
1.64915
-0.554599
0.483126
-0.0294568
0.421776
1.42845
2.13417
2.48863
1.68561
-3.0593
0.590421
0.155613
0.796237
-0.275565
-1.06502
-6.83426
-0.436645
1.54387
-0.246921
-1.27758
0.065969
-1.18135
-7.57396
0.0569857
1.07311
-2.62996
-92.7418
-2.31085
-1.70005
0.127216
-1.6359
0.865484
-0.313749
1.2004
-2.35625
0.661319
-0.157199
0.121803
-2.87882
2.19578
2.49979
-6.25397
2.0675
-1.34984
-10.8697
0.0640933
0.259344
7.60615
4.2401
0.92507
-1.95359
-2.87347
-3.33175
3.58004
0.03573
-1.7413
0.751446
-2.60467
0.888783
-0.570054
-0.0306964
-2.14274
1.13171
-2.00829
0.211247
0.125709
1.05964
1.77
-10.7599
-0.47876
0.54602
-0.143411
1.71121
-0.337699
1.63895
0.812126
-5.22049
1.29801
-0.753848
0.210045
1.32975
-0.795343
0.858759
-0.0112682
-0.405142
0.265802
0.771194
0.219062
0.0284479
3.94709
3.84
41.6326
-10.6573
1.43866
0.0208126
1.64307
-2.41117
0.151404
0.36277
0.918779
-8.41389
0.176115
-0.185025
1.39225
2.02826
1.02616
0.888291
0.484942
0.222064
25.5764
6.48671
-6.38825
-5.77098
1.00437
-0.678787
0.275317
2.76836
-0.223078
-0.00378264
-3.99426
-0.790367
0.407997
0.941166
0.486996
-0.0622829
-0.146324
0.135236
0.66089
-1.32336
0.179474
1.25512
2.53145
2.3219
0.318244
0.069461
0.163669
-0.437116
12.7811
2.29253
-7.61806
-1.17855
-2.37364
-0.387442
0.18183
0.706878
0.833439
-1.88558
0.186441
4.75827
-123.42
-0.30844
-2.90887
-1.20514
-0.163375
2.44688
3.63355
-0.40092
-1.56804
0.379595
0.174884
-1.00175
2.75138
-0.542595
6.78107
0.625159
0.86941
-1.13895
-1.09101
-0.965627
0.0149677
1.44508
-4.00212
-1.70111
-0.162117
-1.2548
-2.24325
-0.832975
-1.4743
-4.50235
1.23024
0.257473
0.63128
0.899168
0.196422
-0.600684
-0.106204
0.802479
0.0370799
4.12705
-0.0541799
0.440043
0.133683
0.292942
0.235993
0.946059
0.319671
0.822079
-1.98844
-3.75448
5.69949
0.0044705
8.20468
0.69332
-4.83911
44.6786
10.6631
-4.31486
-0.555585
0.874419
-1.24773
-11.2121
-1.87005
-2.03963
2.80881
-0.614803
-0.722572
-0.841639
1.71562
0.82827
-9.09781
-6.94023
0.514219
-0.0838521
-1.04964
-0.740908
-0.634756
6.14551
0.589346
-0.00596965
1.66474
0.758244
1.76269
0.887444
-5.45673
0.094496
0.00947749
-8.64419
1.11388
0.216606
-3.38076
-0.135821
-0.268455
-2.19383
-1.36245
-1.14179
11.6023
-0.593554
-5.43843
1.19159
-0.616299
-0.218782
0.609677
-2.23752
1.36005
-6.58108
-1.22857
-0.0916274
3.43705
-3.15302
0.372006
90.9018
1.05773
-0.20746
4.27049
-0.991637
-0.553441
0.253951
-0.872569
40.9432
-1.982
0.494471
0.104611
-0.794349
-3.88898
-2.67918
0.503912
0.49661
-0.529144
-0.451285
0.015815
-0.561993
-6.83646
0.00298813
4.75929
0.288958
-30.8099
-8.75597
-0.232215
-1.52322
-0.385102
2.81138
1.06617
1.15042
-0.369004
7.4655
-0.024397
-0.19701
-1.43848
-0.0472394
0.0392282
2.14779
1.39593
-1.44094
-3.68515
-1.08168
-1.74002
-0.680014
3.30431
-2.14225
-0.536096
0.858465
-0.188285
1.62645
2.53239
-0.0551766
-1.52598
0.162573
0.414578
21.2327
-1.12816
-0.64471
-0.0856277
-0.497437
-4.98156
0.378348
0.304592
0.0848961
0.866025
8.44876
-3.2023
-0.412759
-43.4869
-1.10133
1.22523
-2.61248
1.07966
-0.428381
-0.128152
-0.579242
-0.664204
0.371078
-0.152396
-0.931943
0.472564
0.806614
1.65133
0.0824084
-1.91346
2.25769
-0.0480513
-0.123993
-0.61627
-0.390685
2.50354
-0.266204
1.05458
0.569995
-1.15277
0.364666
0.298015
0.335948
-0.0967879
-0.129159
1.18002
-3.36738
0.024162
-2.11619
1.11475
0.42415
-0.393868
-1.75766
-1.04319
0.882086
-0.790274
1.7164
207.158
-0.422877
58.7754
-1.4743
167.289
0.52702
-0.442659
-0.220333
-1.60957
0.183939
-0.54441
1.27235
-0.163596
6.53185
6.65738
0.986943
-0.277718
0.0328021
0.201783
0.696355
1.47498
-0.165762
-0.338223
-1.13954
0.0293641
0.884028
-0.404861
-0.385585
-1.46763
-15.3539
-0.0363811
0.312015
2.43783
2.74386
0.948278
-1.1169
25.2531
4.66847
0.546816
0.509558
1.08999
-0.149491
1.10553
-3.22759
-2.03276
-6.07019
3.24736
-3.87477
-0.344171
-28.4951
0.0520263
2.49354
-1.91024
-61.9594
0.568489
0.0297773
-0.0184461
4.60736
-109.976
0.656574
2.16991
0.319516
-2.06791
55.3931
-1.56558
-1.78702
2.48634
-1.72697
0.81805
-1.15349
0.396325
2.20511
1.82548
-11.1503
7.00083
-8.3716
-0.528145
0.325724
1.60175
-0.864142
2.51857
0.300307
-4.9186
-0.797961
0.273228
0.75754
7.84871
-1.27466
2.06387
-0.621896
-0.343799
-1.17783
-3.64406
0.512509
0.3301
0.778695
-2.0578
114.607
-0.874568
-1.3213
0.235788
0.729091
-0.709301
-0.0663904
27.5943
-4.61159
0.10218
0.426314
-41.0789
1.5152
0.386678
-0.709975
-0.562815
-0.489619
32.8466
-2.98704
-0.000324824
-5.22715
1.405
0.322059
0.543378
0.41838
-0.0137866
3.83043
-0.861033
-1.05243
-1.50508
0.356031
1.13848
0.516847
-0.802943
-0.419225
2.43102
-0.00860368
0.499749
-3.67252
0.868889
-1.18078
-1.60113
2.32847
2.8305
-0.0223166
0.775382
0.433666
2.14327
-1.15597
-0.528631
0.212028
-0.619159
-0.482447
-1.14217
-2.60736
0.426459
-0.480204
15.2798
3.01173
-1.09788
-13.3668
-1.45471
-0.00104387
-0.466686
-1.07431
-0.593464
0.197293
-0.813297
-1.26435
1.99734
-6.3062
-0.569778
0.0530396
-2.3777
-0.945335
-50.3045
1.29018
-0.928578
-2.03723
-0.841076
-1.217
-0.38435
-3.16782
1.55966
0.410002
1.25495
-8.30069
-0.37341
-0.0802744
8.97487
0.290229
-39.5676
4.05522
0.325619
-0.230833
-0.701892
-0.0169376
-0.0435623
-0.890634
1.76985
-0.872078
0.554078
-0.740882
-1.31914
-0.396477
80.9169
-0.080516
-6.31182
0.298942
0.495786
-2.35219
-1.51582
8.22243
-1.9044
0.836934
-6.84858
0.565614
-5.80873
3.78358
-12.7312
0.14327
-0.365243
0.300432
2.75029
1.61445
92.5867
-1.26006
-0.234147
-8.00762
2.23139
-10.846
0.606998
0.449746
0.756114
2.51617
4.11887
-1.31505
101.839
-119.779
0.846421
-3.61918
-1.6123
-1.04317
0.172003
1.53434
0.246224
-1.13092
0.0734291
-0.131184
-6.56187
-0.211547
-8.78253
-2.82738
-2.25806
-384.444
0.508107
-1.68269
0.707446
-0.644049
3.87515
-23.5489
6.50424
2.54339
0.25977
3.12316
-21.0983
11.4354
1.23401
0.281134
-0.0151922
-1.55109
-12.517
-4.59265
-0.425685
-0.957371
-5.22301
-83.5857
1.83654
0.210043
-0.0789317
2.98583
7.13308
-1.20377
16.1006
-4.16392
1.14828
-0.0371763
0.430053
-0.892119
-1.97813
-0.48506
0.306195
-2.17016
0.521913
0.166648
-1.94551
-2.87906
-1.29932
1.28507
-2.85692
3.88344
0.499584
1.17605
-0.35376
0.391635
1.72699
2.95729
1.29249
-0.303831
0.496007
13.0713
0.136286
-0.308747
-0.42708
-0.77187
1.90266
0.0519517
5.77472
2.27193
-0.536962
-0.182187
-0.0176743
-0.123267
-1.28616
-0.543119
2.73685
0.346453
-79.7475
-2.44623
-0.207118
-0.206671
0.368835
-0.0692157
1.67382
-5.88096
-0.439638
1.27571
-0.848203
1.80864
1.18404
0.0989272
-0.312037
0.0594883
-4.31537
-1.44478
-0.827766
-0.493938
-1.31754
-0.34651
-1.81184
-0.309332
0.53072
6.68944
0.0590478
-1.5817
0.238261
-0.800601
0.964172
0.109217
-0.236301
0.31431
4.63646
-0.610599
-0.370274
-2.81392
2.19167
2.81222
-0.56489
1.22112
-0.948515
0.331736
5.30002
-0.977101
2.90906
3.37264
-7.25787
1.28069
-0.410627
2.63317
1.65512
0.44989
1.04025
1.77863
-0.769289
1.62046
-1.16209
-4.7002
-1.12837
0.40861
-0.258672
-0.982624
-1.70964
1.33608
-6.2073
-0.588936
2.3877
0.114041
-9.33034
2.53791
-1.32431
-1.69103
-1.38542
7.17974
-0.253884
0.919468
-0.147653
-1.82288
-0.84062
-0.993433
0.195689
-0.955475
0.0445719
-0.543612
0.31571
2.57776
2.11216
-2.44196
-3.88486
-79.8883
2.20663
0.364976
0.0561444
0.748703
0.1566
2.58504
7.38128
-0.544391
-0.0573892
0.501686
0.0201438
1.14909
-0.740557
0.725499
-4.42503
0.282764
2.77487
0.954557
-0.0236177
3.90101
-8.66286
-0.162285
-0.52897
1.53741
-1.93276
0.0595695
2.88729
1.12574
0.0356336
-0.39355
0.59125
-3.99125
-6.94656
2.2809
-0.33654
-1.13998
-1.08078
-0.348068
0.865088
-2.83665
-35.3026
-1.73416
-2.58761
1.13695
-0.12323
3.47171
-0.174967
51.8483
-0.540014
1.89927
-26.5
-0.791699
1.38025
-0.418406
0.856006
0.570642
-2.63246
-1.81659
-1.17206
0.345337
0.238963
10.1647
4.31443
1.49732
0.790794
-4.61716
3.37115
0.419906
0.259652
-0.789393
-0.177068
0.98697
-1.84593
-4.22949
1.42676
7.04917
0.484913
-4.49386
-1.94129
-0.701618
-1.48871
-2.98709
-0.565842
0.414705
0.839322
-6.04278
-0.156137
0.232851
-6.17987
1.44773
-3.79042
-0.138125
-0.146056
2.90671
-1.39213
0.341906
-0.317759
0.539677
0.189111
-0.379821
2.86317
0.599945
-4.06509
-1.70959
0.196574
-0.434169
0.386812
-1.528
-0.960945
-0.751743
-0.449844
-1.42195
-0.256255
-1.82779
-1.22343
9.12644
0.671178
0.0187149
2.32294
-0.222582
0.292564
6.79313
-0.664578
-0.95888
-0.849924
-2.09626
-1.05976
-0.210623
1.02545
-0.648255
-7.63885
0.988934
-1.665
0.361364
-2.23106
-0.154261
-0.750121
-1.34745
-1.82364
-4.65406
7.3402
0.474984
-1.08018
-0.536599
0.494268
2.12399
0.402795
1.64822
0.0883497
1.23328
0.358766
-0.618407
16.9717
1.84006
-1.09628
-4.32513
-0.888245
-1.17834
-0.87751
24.7326
-0.36795
-1.22077
0.150477
0.493588
0.562034
-0.620589
0.480783
6.63366
-0.643527
-0.950235
0.222805
4.69244
0.232048
-5.89801
-4.5117
9.74173
-1.11697
0.692577
15.3867
-2.37535
-103.318
-0.150968
1.03829
-0.435919
0.420222
0.145565
0.190402
4.0039
0.217203
-0.0615383
3.121
1.21613
-7.52291
0.271963
-0.727714
0.119607
-0.378684
27.9374
-0.328616
0.590234
0.9561
-0.13818
-2.67885
-0.376115
-0.566615
1.95436
6.42051
-0.109718
1.62564
-164.188
0.130058
-5.67275
-20.5967
0.764553
-0.589793
-3.51953
-1.30827
111.536
-2.07893
-0.0537801
-5.1302
0.893323
-0.530599
-3.60341
30.1978
-0.885799
-1.48503
-0.0547018
-37.3033
1.18827
-12.9347
-0.655509
7.24656
0.636959
0.835472
-2.64073
0.0878846
-0.760727
0.680957
-1.39045
4.85139
-0.0474236
29.1023
0.812594
-2.82566
-1.03212
-0.143171
-1.49122
-132.976
-0.133699
0.604007
-0.906688
1.72552
-0.738082
1.42388
-1.087
3.73719
-1.37266
2.7072
-8.81752
-4.64815
-240.633
2.817
1.08468
1.22445
1.29286
1.87202
-3.17862
-3.1527
-23.3282
-1.51353
0.143995
-2.03104
0.443663
0.295802
-0.366885
13.1397
-1.23455
1.55676
1.28242
1.89945
-0.332339
0.789599
17.015
1.5787
-0.152656
-1.3343
1.43642
-0.135459
0.787461
0.870199
-1.89245
-0.876226
-0.918446
-0.477245
0.260312
0.358209
8.00089
-0.567676
39.8882
2.65673
-0.362374
-0.416717
-0.903218
-0.285623
-12.2988
-0.362526
4.57522
1.71443
-0.946631
1.79527
0.557789
1.93868
-0.68388
0.349082
0.714217
-7.20311
2.08156
32.6063
-0.814905
1.63259
0.430275
0.381158
-0.953776
-0.61837
9.52891
2.10814
-1.28528
0.421984
0.518208
-0.174546
-1.42765
4.33014
-2.43121
-0.703408
0.243791
0.174394
2.5014
0.786668
-2.37527
0.196935
2.1785
0.567222
1.08806
0.234242
1.49165
0.75745
1.80598
-3.16253
0.282884
0.365206
-1.75832
0.120467
-2.97746
0.0925458
-2.14459
-2.18735
-0.90316
-0.16294
-0.136603
-1.981
-0.460281
-2.40018
-0.91305
-4.65386
0.883168
0.859908
-0.967583
-23.7314
-0.0723954
-1.39074
0.98319
0.87256
-0.323626
0.54857
-0.284707
0.447201
-0.27915
-2.85119
-0.622544
0.297447
3.15825
-1.19711
0.515834
-0.417659
1.4319
-2.87519
1.64888
1.74085
10.1054
-1.59692
1.47581
-5.10759
-0.46198
3.19404
0.982092
-0.13143
-1.18398
0.969498
0.865108
-0.421873
0.0608572
2.18827
0.848116
-0.224615
0.945015
-72.1979
0.0513821
0.479797
0.295887
0.734918
0.0720652
-0.436696
-3.7685
0.403784
0.371741
0.0255733
-0.160411
0.838903
0.39004
-10.0306
5.03799
-2.75124
-2.67535
-0.507792
1.14143
2.86778
-0.710177
-0.336126
0.254383
-0.0065906
-0.980954
-0.190855
-1.31173
-0.949478
1.2599
1.03705
0.425027
0.355251
4.38168
0.0107633
2.00763
-3.4814
0.306817
4.40165
-2.32238
-0.69829
0.867717
4.45439
7.30383
0.483823
-0.341579
-9.20733
0.223186
-2.46421
16.5947
-103.288
1.64328
0.733996
-1.56467
1.35946
0.500353
0.221299
-0.0888208
-2.612
0.236804
1.74419
-11.3589
1.98365
0.414018
1.4286
2.03088
3.61465
-4.28982
2.14646
-0.110325
-12.3484
3.67996
5.7337
-2.32549
1.58914
0.0208511
15.6271
10.8451
0.481314
-2.23604
1.14078
-0.987603
-5.66109
1.69342
5.14852
0.609073
-3.75457
-1.54683
-1.37102
-0.191409
0.703722
-0.588484
-1.20511
10.2564
0.0351785
-1.58301
-0.678305
0.590938
0.235864
1.03339
0.640438
3.7395
-0.156764
-2.60802
0.673043
-1.37955
0.449835
-0.43463
5.62371
-5.86156
7.08371
-0.259793
-0.299364
1.79207
-80.1986
0.0982358
-1.09151
2.36313
-1.55306
0.673539
0.101342
-0.606555
-5.3858
-1.27099
-73.6129
0.534808
19.9654
1.63452
-0.613781
-4.89766
0.0566126
-0.427225
-0.63506
-4.45697
-0.732352
0.374389
2.9989
1.52808
-0.258185
-0.144897
1.70745
-0.554241
-0.736083
0.654831
-1.2141
-11.8466
-3.06449
0.791609
-0.584748
-1.35311
0.62275
0.844714
0.10082
-1.88865
-0.241633
0.138816
2.47141
-0.330001
5.62078
-1.6545
0.812898
-1.04088
52.911
-8.02603
0.833793
-0.41807
1.50931
0.710277
0.213526
-15.5326
1.41164
0.0103137
-2.63698
-0.596897
-0.0243732
-5.26053
-1.1784
1.93982
-0.132862
-2.64859
0.895975
-1.5312
-3.36724
-2.57796
-2.54133
-1.60122
-0.496042
-0.905351
22.0339
2.51368
1.62037
1.06972
-3.5551
-1.74295
-4.28313
-0.177319
-50.1236
1.32542
-0.896989
0.145652
-0.750685
0.487712
-9.87211
-2.4284
114.613
0.695238
51.3172
-5.11179
-2.21459
0.857866
-3.89701
-0.382071
0.339494
-6.85629
-6.67594
1.23682
-4.68376
28.0128
-2.3626
-0.266758
2.34142
1.88411
0.609509
-11.4441
-0.0825143
0.261131
3.38631
-1.13774
0.245329
5.52587
-0.872007
0.622685
0.724282
3.21288
0.311405
-2.3334
-0.861161
-0.199547
2.09477
0.0329175
16.1464
2.02513
-2.60885
3.92875
-0.722708
0.255532
-1.38152
-2.82825
-0.291276
-1.08585
-0.65911
1.05334
0.830905
0.110106
1.00239
0.826274
-0.659042
-0.0895985
0.411847
11.4256
2.1952
7.08225
1.37979
-0.723286
-0.019594
1.87958
-0.710638
-0.237336
-0.171471
-0.899204
-1.45951
0.695888
-0.586636
-0.848622
-0.845967
0.447494
-1.62701
0.469662
-1.01319
0.453086
0.746096
-0.356581
0.222745
-2.24942
0.674329
2.78379
-3.48614
4.43352
-2.2849
-0.839014
-6.34586
1.02761
1.11032
0.0636499
0.956065
-1.0405
0.216946
6.26577
3.07717
-7.17548
-1.98651
-0.319119
-0.467717
-0.0831403
0.619937
1.7687
2.39859
-0.420222
5.16672
-0.377715
-1.15587
-0.457254
-1.83623
0.560084
-3.56456
-0.144744
-0.844656
-0.559059
-9.79847
0.995764
0.0590514
-0.653109
-2.97458
-1.01496
-0.605692
2.17474
0.630231
-1.10131
-0.403824
-0.952226
-0.0626185
-0.578366
-0.874859
-0.316223
-0.811014
-1.64806
1.44523
0.276193
-0.232143
-0.108044
1.51548
1.82371
-2.0062
-0.422473
10.9663
-3.45224
5.88257
-218.432
-4.78212
-0.116826
-0.785483
-0.236371
-0.82
-0.19992
-0.574141
0.731541
0.476822
-0.17986
-2.31905
-1.46175
-0.617633
1.84936
2.0966
-0.67294
-0.0610493
-1.89055
5.61946
-0.971103
0.0986744
-0.536485
-1.28882
0.933739
-0.0899914
-0.305264
0.0291869
0.542886
2.49685
-0.369835
-0.78301
-3.19031
-4.01361
-5.80995
0.453986
-0.204436
0.52139
-0.616922
0.338662
0.33788
-4.03986
0.532651
9.18834
-0.757966
-0.620584
-1.08171
0.0752272
-3.2232
-0.434715
10.5766
-1.64542
-0.217275
-0.273453
0.452585
-1.0254
-2.33036
-13.9538
7.56357
0.302223
0.798542
0.629904
1.09473
6.18664
-0.0862452
-1.89846
-0.19949
6.17382
0.517966
-0.251251
-0.0226177
-5.95057
-0.0138092
-10.3861
-4.34108
-1.85797
-5.41822
-0.128509
0.11508
-0.688508
11.235
-33.259
-4.06515
-13.6037
0.939727
-4.97206
-0.642945
0.0276789
1.22533
1.54451
-0.891908
2.58729
0.110731
1.87133
1.32644
-0.0592762
-3.08807
-0.716142
5.41639
-2.85667
-4.21168
7.59448
-0.807643
-2.19977
-3.3179
-0.430831
-1.82758
0.223521
0.17908
0.283515
-0.216531
0.00200051
-31.0132
-0.348401
0.463398
-1.37599
-1.96721
-0.773692
0.234222
0.905904
0.977419
-0.838167
0.50826
2.455
0.174936
3.21755
0.571239
0.243497
2.33734
1.15832
2.43603
-1.46591
-0.176235
1.68512
0.41351
0.164544
-0.485217
-1.79895
5.30434
0.27875
-1.56185
-0.404715
4.75628
2.63059
0.93707
10.0558
1.21316
1.07376
-25.1649
2.46298
2.22011
0.118741
1.49825
1.06417
0.897677
0.904299
-0.420907
-32.1514
-0.0750087
-0.0395483
2.76623
2.36448
-14.382
-2.14226
0.256727
9.01293
0.342776
0.104616
1.91544
0.286779
-0.170129
-0.361792
0.971237
7.10221
-3.83604
1.51576
0.307668
-2.00319
28.2795
0.341397
-0.714916
-0.453512
-0.553584
0.201363
0.0606017
-3.42655
-48.4473
0.199254
-2.95894
0.708798
-0.898398
0.355186
0.198902
-0.0661947
0.000390324
0.66939
-3.57054
-1.73227
0.57261
2.23032
-0.736663
-1.69127
0.232409
-0.81486
-3.8173
1.21202
0.148382
-1.95308
-0.083117
1.39887
0.435164
0.802052
-0.85846
-5.68398
-0.0113341
1.07358
0.0573477
1.33858
-0.00140934
1.09894
-3.7053
-0.496447
-0.471635
-0.604506
0.107649
4.59436
0.789566
0.16215
-0.148726
-0.903804
0.911738
0.671481
-3.10034
0.474955
0.0743915
-0.702464
-0.275643
-3.07885
-0.0699408
-7.06625
8.72193
17.0157
-0.110649
0.107675
-1.72929
-1.03831
-0.264069
0.101432
1.7425
0.00957822
-6.69832
-0.20926
-1.31629
-0.0903504
-0.530194
-0.140871
3.28225
-31.1426
-0.562134
-0.0641065
-0.143371
-5.32486
-28.2377
0.661877
-0.852703
0.206172
-6.47543
0.956746
-1.95355
5.91763
-0.166052
-23.244
1.77468
0.785817
-0.404434
-2.54245
1.08918
-1.10053
0.746451
2.68488
-1.1093
0.137347
-0.747
0.000363798
1.9522
0.964784
-0.673057
-1.66898
1.04386
0.593949
0.995942
-0.414129
3.26431
1.19678
2.7544
-0.756561
-13.1219
-2.37235
126.522
5.66275
0.725391
-0.764984
-0.364739
-1.45348
-0.772018
-1.45332
-2.96485
1.78396
1.1798
1.56052
10.5805
3.47682
0.931314
1.03166
1.24479
0.191738
0.827552
-1.78295
-0.933339
0.100865
-1.56348
-0.634189
-0.42094
-0.946402
-1.32605
-8.26786
-0.301279
2.57858
0.745448
0.486471
-1.98767
-0.4974
0.614207
0.760972
1.02499
0.116229
-0.769321
1.32875
6.60152
0.294779
0.219498
0.868938
-1.72744
3.13406
3.11753
-1.68469
1.61409
1.4358
0.150099
0.201978
2.24578
-1.34279
1.68763
-0.779811
0.634858
13.1057
-0.411263
-0.291458
0.0832582
-0.690018
0.141947
-9.83998
-1.6807
-0.476163
-33.9705
2.31807
-0.57317
-0.470685
-0.70904
-0.326328
1.11257
-8.32733
0.862986
-0.316973
-0.222641
-0.610068
1.69777
-3.29375
-1.6744
1.2978
-0.105073
0.420427
1.91304
-0.594032
0.110547
2.40073
-1.37333
1.67128
0.924108
-0.681433
-0.0257176
15.7224
-7.03962
-0.273933
-5.37825
-0.732855
-0.72508
-0.54338
-2.57989
11.1566
1.36263
1.38217
-0.671691
-0.701576
2.27144
-0.763529
-1.14529
1.59849
-6.23661
-6.93795
-1.03483
-2.08288
-1.36321
-1.91403
-0.186308
0.598424
-9.53046
-1.08086
0.194776
0.658781
0.153156
0.852358
0.258753
0.61574
-10.0007
1.75656
0.282355
2.38491
-0.281261
0.800261
-1.13025
0.0590163
-2.24699
-17.7618
2.78219
0.0221201
14.5572
17.9588
3.96403
-3.53902
-2.24391
-2.17723
0.0721133
3.52089
9.31726
-0.0980817
0.4235
-7.36112
-2.17116
0.314613
-4.08543
-0.507936
5.19278
-19.9234
-0.878111
-4.49192
-3.21737
-0.807281
-0.882327
-2.86042
-2.44354
2.7414
-8.80542
1.25593
-0.366779
-0.376821
-0.0131815
-0.855669
1.41959
0.690872
-0.659842
-2.33985
1.60191
-5.82417
4.47781
-0.527723
1.92248
0.279644
-0.758249
-0.219249
-1.33737
-3.17855
-2.70361
1.76462
0.931066
1.17247
3.7263
196.903
-0.635177
2.57517
0.383777
-2.45347
0.443059
-6.05022
5.39549
1.66948
-4.8693
-1.0534
-0.0165714
-2.52654
0.36476
-2.50728
-1.69232
-37.4016
-20.4707
0.972761
-0.455027
-0.686799
64.8693
2.27046
-0.0958459
-2.70725
-2.03842
0.478093
-0.233998
0.0357555
0.185621
-0.56066
-1.3432
17.5322
-2.95399
3.65885
-0.362175
-0.859004
-0.91929
-0.997361
3.49668
-0.0934084
0.317355
-1.46835
-5.41061
5.90254
-15.5264
1.89219
1.01728
0.191928
1.05253
-7.07615
-0.462592
-1.92666
-10.1322
0.676053
-0.58028
18.6816
-3.14111
-0.348052
-2.06541
9.17225
6.7043
0.908984
0.623959
-3.00572
2.37521
-0.155724
15.733
11.1505
-0.0941936
-0.0204944
-0.359564
-5.20717
2.94049
0.0560762
-3.95851
4.38957
-5.09391
1.51177
-0.699674
-16.3353
-5.02927
2.36997
-0.554058
2.73234
-0.104526
2.11594
0.199339
-0.0960445
-1.12263
-0.86706
23.5365
-0.0551189
0.0566245
1.84825
-6.45895
3.86106
1.04961
1.66804
0.934392
2.77605
0.434205
9.47593
-1.36092
0.173043
0.00203635
-0.344287
0.308567
-0.313364
-0.729377
-0.787204
0.068403
-3.24345
-0.60495
-0.241376
-0.0817668
5.55835
-0.227357
1.14497
0.0411359
-1.53149
-0.218846
2.72834
-6.07994
-3.21478
-573.486
0.563594
-3.13166
2.77135
1.85949
-11.8542
0.556394
0.0362228
3.65615
42.356
-0.997198
-0.664749
1.10084
-0.358024
-0.350207
0.126244
1.84702
-37.9874
1.13535
-0.615582
0.922348
-0.187709
2.10029
4.93805
-0.563909
-0.366099
-9.23025
-4.52309
1.21506
1.17992
-0.568679
-0.139511
-4.10266
3.19068
5.01913
0.629949
0.0440411
-0.658664
1.83817
-1.60406
1.0189
-1.75707
-0.433983
3.80246
-14.8847
-4.65785
-1.92864
0.488974
2.05033
-0.276621
-1.29333
0.0127463
-4.10669
-0.430833
-1.36021
-1.75268
1.87715
3.45198
1.65059
-1.6124
0.0358224
-0.197729
-0.870781
-0.354363
0.582069
13.1301
-1.62115
0.246341
-1.84301
0.170582
0.347117
1.83156
3.22127
-0.733855
0.104522
0.225472
4.0817
0.0828001
-0.859747
-1.78379
-1.70909
0.0762706
-0.0766276
2.4396
-0.332442
-2.5809
-1.14565
-19.8589
0.423376
-2.35471
1.43554
-0.292199
0.129536
0.590389
0.267249
1.00351
0.864145
7.89912
2.5654
-2.30251
-0.397815
3.67604
0.961673
1.04344
0.992036
-0.845298
0.591894
8.05916
-7.62242
-0.828906
-1.94582
0.317789
-3.88404
0.0452409
-0.659917
0.491181
0.906106
0.622209
-14.2651
0.833117
-2.8325
0.0967755
2.27159
1.59641
-0.637392
-0.0703137
0.0474495
-0.210265
-2.52545
3.35083
-0.473996
-0.361112
-0.274963
0.570124
0.575066
21.2239
0.0195589
-1.38142
-2.6699
0.246706
-6.2185
0.421607
0.0224514
12.063
1.25595
-0.913508
0.329894
0.125531
460.584
3.03142
0.988747
0.213811
-0.83835
-1.01814
-1.04673
0.579824
-1.34784
8.43832
-0.342297
0.349204
1.04551
0.152073
0.0663628
-0.292785
-3.41713
-0.993267
0.59751
-2.34112
-0.255255
4.19456
-1.62368
-7.43532
11.5942
-0.822746
0.592307
1.23128
0.32777
-10.099
-3.14044
-3.39899
-34.5259
-0.703072
-1.48118
-0.10069
-2.63399
-0.66829
-3.07758
0.0152859
0.506261
-0.00105695
6.11688
-0.685066
0.109808
0.101452
-1.2208
0.32737
0.310901
-2.04937
-1.77906
-0.350427
-0.796698
-0.106827
-1.32069
5.14138
0.0180907
7.35996
0.0906227
5.68844
-17.6991
-5.45347
4.16784
0.136309
0.278793
-2.33329
0.139366
5.13664
-0.620334
-0.386585
-1.33635
-1.69615
7.12773
-22.6475
-2.35236
1.25015
0.107739
3.00321
10.3195
2.61924
0.632076
-0.338268
-0.324239
-0.74042
-0.0582286
0.669458
-0.845984
-4.41925
1.91671
0.00651613
-7.26485
-1.19339
-1.73393
-0.0410704
-0.173108
1.2774
1.47253
1.31012
-3.32293
-3.03068
0.122439
5.21784
2.57809
-4.23906
-1.2361
-3.93522
-38.6203
12.5856
-1.71612
0.490299
-0.183798
0.0231328
2.84013
0.511838
2.49549
0.823989
-0.634267
345.326
-1.24571
-2.12557
-0.321666
-0.031004
0.24847
32.2282
1.5032
2.65787
1.53944
-23.9331
-9.67318
1.48536
11.8829
-2.61681
0.28871
-0.889589
0.0109792
64.1952
-0.382743
-0.660127
2.73272
1.12204
-0.465248
-255.882
1.19643
-0.00376407
-0.098961
-0.275359
-0.98731
-3.08594
-0.0587448
-1.30736
-26.0813
-5.9572
8.84859
-4.94234
-2.79142
0.378162
-0.581329
-0.435209
0.309037
0.706299
12.4515
0.520491
2.1656
1.41018
-0.458277
0.727424
-1.12864
-0.683179
1.57179
2.31774
-0.609226
0.841605
-1.39267
0.912959
0.81521
0.280612
0.184723
-8.69468
0.723385
-1.8195
-2.18725
-1.69
7.36773
-0.369834
0.733278
0.737861
41.8306
0.273355
0.339688
-11.3793
-0.410862
-0.659528
-0.143691
-0.160209
4.76376
-0.560388
-0.747349
-1.58299
0.429439
2.17602
1.17384
1.86982
0.312623
-5.19811
0.483168
1.49951
-1.48205
1.63372
1.36337
-1.00859
-3.492
2.9709
-0.737296
-0.101542
-51.3702
0.515611
0.092057
-1.95507
-4.34388
0.853436
-0.452195
1.97181
-0.231894
-0.67393
-0.999613
4.54811
1.83862
0.510681
0.486126
0.411894
3.01864
-7.65335
-2.59784
0.525442
0.468181
-2.34427
-0.207684
0.4586
0.826573
0.473021
-1.90424
-0.193459
0.865402
0.868128
0.837107
2.84426
-1.44471
0.36299
10.4881
-1.59948
13.7093
7.88898
0.894121
-15.4426
-3.72533
0.900789
0.718096
34.9202
0.0579743
0.994495
1.66049
-1.13145
2.7983
1.38373
1.29472
-1.48491
-0.0179936
-2.61108
-0.764566
0.371588
-24.9529
0.122007
0.04246
1.45742
0.100761
-0.427918
1.06868
-0.311372
1.63256
0.973521
0.285474
0.369843
-14.2406
0.658481
-2.13422
0.389537
0.193556
0.0792338
0.169785
1.14774
-0.0300984
0.185448
-0.961076
-0.528398
0.14252
-0.38849
-0.409611
0.287728
2.72908
1.38052
0.0343196
-0.861108
-2.73777
-0.884085
-0.0140059
-2.18488
0.0756569
-2.78826
-1.40547
-3.52089
-0.995564
-0.334369
-14.2969
0.407581
-3.35927
5.53937
1.03789
-0.246157
3.02989
2.37616
-0.563564
4.91719
-0.76166
-0.821293
-2.85778
-1.07494
-3.78443
5.72021
0.576643
-1.15991
-0.199292
-0.263341
-1.35388
-0.677175
1.05556
-0.375431
-1.56989
-0.747079
-1.13707
-3.29322
1.27113
0.434583
5.33479
0.328047
0.13548
0.102365
1.79403
0.831688
5.61198
0.867051
8.03831
-0.169337
-3.11362
0.993714
-1.56266
-0.224212
0.135433
-1.18622
3.88764
-0.272272
-2.13339
0.904604
-1.4253
-0.604512
13.9046
-328.796
-0.0123798
1.54707
-0.647197
0.183591
-1.91883
8.706
3.02216
0.854206
-10.3805
0.935762
4.03469
0.151868
0.978233
-4.82218
2.09341
-0.408303
0.322978
2.74488
0.672528
-3.98232
-1.19503
-0.474931
-4.68906
4.07611
1.53404
-3.48907
1.60917
-0.239676
-3.00618
0.515225
1.02204
-4.41441
-0.545605
-0.995049
-0.347331
-0.540503
-4.40619
-0.772777
-0.205819
23.7036
-3.42962
-1.3035
4.88082
-0.0715899
-7.10801
-0.244724
-0.460651
1.89514
-0.278228
-9.85336
1.41059
-5.13066
-4.25967
1.18269
0.12829
2.83724
-0.4443
1.20686
0.402723
-2.45844
0.347416
-5.59223
22.9609
5.24236
0.51812
2.30297
-0.49513
0.80121
-10.9574
7.41472
-2.45579
2.69905
-1.17567
-0.348562
-0.852174
-0.270445
0.7376
-0.546653
4.58742
-0.298098
0.267899
0.375101
0.626975
-0.501233
17.804
0.265042
0.0905875
-0.350473
0.502911
5.15323
2.21115
-0.528257
1.66353
2.15948
0.240486
-0.282203
2.36124
-2.31601
-0.0315655
1.12594
-1.1545
0.547444
-1.93739
-0.319036
0.909926
-1.45986
3.81059
-0.359721
0.701692
-0.981035
-0.328325
-0.493026
0.553952
1.9496
-1.61396
-9.48052
-0.516271
-1.9136
7.00576
-0.460916
0.195304
1.32388
-2.45803
0.515071
0.100885
-0.44908
-2.01665
-14.0852
-2.56855
-0.0436174
0.806523
-0.797799
4.27812
1.19655
123.009
0.852369
1.4257
1.02877
-0.572984
2.54272
4.09134
-0.705437
-3.2508
-0.0237324
1.85628
2.40078
0.90906
2.66243
0.458047
-0.699738
-1.68344
-1.0655
1.8215
-7.91618
0.113466
-0.115497
-0.475102
0.925946
-0.341941
10.5959
-0.415765
-0.0248329
0.242905
-21.5617
-4.74339
0.377988
1.16981
2.03379
-1.09389
0.625328
-0.259241
-5.97332
-0.801969
-0.978493
0.0512751
-0.96596
-0.243036
1.80599
0.336136
0.46535
-1.89902
0.16406
-0.609737
-1.72357
-11.7125
-7.6482
-0.255587
-0.355732
-25.3691
0.05525
-0.2395
-3.31686
1.27137
-99.1177
-0.279517
-1.15325
0.504381
1.7092
0.883606
-5.19092
0.598742
-0.306623
-0.408615
-2.36766
-0.941701
5.41597
4.06655
-0.908805
-0.483479
0.0924376
8.31433
1.04759
-2.43705
4.74181
-7.52378
3.33358
-0.676882
-0.338053
0.954524
0.195308
0.192533
-7.33567
0.375168
1.12486
2.65147
-9.27852
-1.88585
0.133391
-0.148394
4.16843
-6.46294
-4.00748
-0.279741
0.5169
0.998736
-6.03282
-1.03426
-4.68402
0.676042
0.92151
0.0153872
1.83328
-0.692924
0.301993
0.0701154
-8.84298
-6.47495
-4.27446
-1.87626
4.8564
-0.160521
-0.16185
6.49227
-1.63532
16.9532
12.7973
0.350847
2.3878
-4.68432
0.576613
-31.1494
0.0711635
-0.891889
0.226472
0.590014
16.2168
-4.48359
0.398128
0.0643892
-2.61868
2.71635
1.76116
0.220511
2.30117
0.0141731
0.301143
0.0131016
5.34062
-0.913169
-8.01276
0.151217
0.02285
-1.04486
-6.21401
31.679
-0.555695
-1.35213
2.69533
1.82722
3.78928
0.293179
0.138927
279.629
0.682546
0.324442
0.402175
-3.82581
-2.96591
4.57604
-0.444189
-5.36864
8.80812
-0.389569
1.88059
-15.8322
-1.2729
0.862495
-1.20734
-1.71827
-0.444931
0.0466071
0.280884
0.757338
0.287214
1.91837
-2.32085
-2.71257
-1.66345
-0.0850114
-12.1513
-0.671231
0.15926
0.460826
-0.123776
0.418649
0.42943
-1.87706
-0.117817
0.387373
0.333683
0.745025
-1.50356
1.11826
-7.35345
-4.13199
-3.48399
-3.32433
0.261975
1.38513
-1.19827
-3.01098
9.95673
1.136
0.0466785
-0.387309
8.32708
0.264868
-0.201195
-0.468921
-0.512812
0.72042
0.595001
-0.35946
-1.40014
-1.20208
-9.03259
0.583951
2.49505
-3.13422
3.14721
0.159724
-0.789451
0.0652489
-0.0236592
-0.854654
-255.371
0.27972
1.34153
-1.49995
1.57548
0.0526518
-0.579765
0.689229
-0.445039
0.0697009
-0.948491
0.836564
0.842018
0.871074
-17.8901
1.21772
0.249615
-0.992566
0.828629
-1.3199
-0.445992
0.404243
2.83091
-0.0278525
-0.104151
-0.00961828
-0.046818
-0.593061
1.31334
0.469095
-0.541493
-0.0852715
0.10168
4.25205
-0.789735
-0.277257
-299.138
-6.91144
-1.36524
1.60039
0.749546
1.32843
-0.361934
-0.607674
-1.15927
1.21885
-0.052917
1.86021
-0.157415
2.50377
2.17018
0.35424
6.67458
1.65601
-214.329
0.466195
-0.239692
-0.525931
-0.293001
4.66449
-5.10463
-3.12127
-3.55424
0.0562343
-0.598743
-0.0565945
1.90805
-0.579134
1.9211
-0.525767
-0.802612
2.68422
-0.407803
3.28455
1.06574
1.75557
0.745043
0.397554
3.60678
2.21296
-5.35078
-0.840895
1.51499
-0.169812
0.428532
0.417565
18.4695
-2.42006
-1.03032
-0.453642
0.465112
-0.663514
-0.120239
1.69735
-1.72476
1.48215
0.393556
-1.82892
0.0393035
-2.89804
1.35547
-1.07535
-1.20849
-0.313427
-0.253958
4.72507
0.342762
1.10188
0.12258
0.202645
0.228412
41.7016
-0.920197
-1.66033
-1.08997
0.226861
1.00707
-0.898848
0.80722
-0.861126
-0.423911
0.0517957
1.4175
5.44447
-2.12309
5.69163
-7.05302
0.411193
-0.524341
0.159543
-0.556115
-0.148847
-2.77307
0.426816
-0.077233
1.71171
-0.290805
-2.24423
0.190041
0.244809
-0.602416
0.516259
-0.716031
-1.4899
-2.92824
-1.33682
-0.896426
-0.209607
0.240075
-4.31704
-0.627852
-0.948027
-0.390313
-0.900943
2.5562
-0.000604974
1.99003
0.0707142
-0.605412
1.41861
-9.33753
1.58033
-13.8295
-0.13287
0.0112825
2.86632
0.169516
0.589848
-0.725985
5.97103
0.144135
-15.581
0.210462
1.82507
0.689933
2.33414
4.02949
0.277739
-11.8581
-0.271405
-0.628257
-0.161983
3.5562
37.1881
-0.734621
4.05445
-0.110285
1.67292
-0.0687816
1.56251
-43.3202
0.184419
3.88033
-0.381573
-0.890349
-0.871673
3.57845
2.25467
-2.88916
3.85303
44.0771
3.53858
0.136818
-4.27177
-0.2694
0.231
3.93353
-0.615228
12.2089
0.0493407
1.63487
-0.0939188
1.46827
-0.724935
5.74095
-2.43121
1.45543
2.31822
-1.31318
-0.274009
1.32573
15.0104
1.29281
-0.874819
1.05613
22.6524
-0.643235
-18.0703
-13.4183
-0.815487
-0.254607
-2.87306
-2.00662
0.353079
1.46017
1.69752
1.88768
-0.807024
2.82377
2.8622
-2.03614
0.639677
0.0756133
-1.32316
-5.04629
-1.85978
-1.42013
-0.601889
-0.23529
-8.10836
-0.142231
0.67059
0.393838
0.519687
-0.33501
4.35224
-0.838227
-0.128329
1.68404
-1.45504
-2.53248
-1.82714
3.28563
8.69922
0.772474
0.584151
-1.04264
0.155106
-1.94401
6.48963
-0.64449
-0.278183
-4.00079
-0.335786
0.305231
0.725613
-3.68308
0.232611
0.31568
-0.589376
2.82507
4.53126
-0.720516
-1.34809
-0.238861
3.85195
-0.0335232
1.662
-0.986289
-0.0836585
-5.07011
-6.15155
-0.157267
-1.67112
-5.78701
1.26884
5.58681
-0.060933
59.7714
-3.41593
-15.563
-6.04823
-0.0149866
0.314675
-0.959728
0.116935
0.643257
0.429886
0.475378
-4.63394
5.30031
8.60832
4.98344
16.7134
-0.221165
-0.323945
-0.273979
-0.233215
0.912719
0.866008
0.783133
-6.40544
-3.05463
-0.504789
1.90597
-3.44094
-3.26861
-0.766392
0.701116
14.4979
-0.451106
-0.0209048
-4.27306
7.92794
1.40304
-0.509659
-0.329315
7.491
-0.214385
1.56532
-0.576612
51.6484
-0.785175
24.9007
0.427451
40.9617
0.112214
2.48909
-0.774901
4.08364
0.241779
-0.83717
-0.864477
-0.0586908
-5.90761
2.0104
0.207343
-0.379542
11.2288
1.01479
-0.505351
6.3268
-2.87128
-0.211669
0.85999
-0.387762
78.09
1.93009
2.37171
0.734831
3.19002
1.02022
-1.61758
1.07608
-17.0574
0.409972
-0.576546
-1.6761
-16.26
0.934537
0.212135
-0.393439
-0.305228
0.552341
1.26763
-1.31775
-0.762684
1.85484
0.201604
-0.444046
-0.519914
0.531481
0.612922
0.322751
2.03823
2.18809
-2.74421
0.341102
15.1149
1.18175
1.75791
-0.241773
0.0635884
0.760063
-12.8937
0.536886
-4.11496
-1.11804
-0.0877319
-0.935217
-0.307025
12.4941
1.2161
-0.570647
-3.17223
-0.148728
0.698838
-1.15135
-22.7021
0.142449
2.42378
0.499631
-1.00598
1.09481
1.43353
-0.309939
0.000161987
-0.0707668
-0.796702
0.544432
-0.065164
1.67425
-20.9752
4.16105
-0.426258
-13.9016
-0.94546
4.48116
-0.360786
-0.157552
0.85264
0.987484
1.4546
-0.0650113
0.574153
7.08087
-5.75176
-7.58492
0.333239
-7.54988
-0.0120617
1.79333
6.15054
-1.61569
0.145714
0.711359
0.890569
-0.759711
-1.23662
0.120259
-0.714
-1.08385
-3.85576
-1.66162
-0.350623
0.421682
-0.0644202
-3.25077
2.15219
0.611626
-5.25256
-0.620679
0.619033
-0.0592696
1.7221
-0.695948
1.6848
-1.02579
-1.22183
0.116205
2.62472
-36.087
0.61061
-0.989075
-3.03319
0.414164
3.83801
-1.76224
0.229253
1.7165
1.0309
-0.829116
-6.78617
-0.172018
-1.88004
-20.1568
-0.0694871
-2.97684
5.67344
0.0585531
-3.67361
0.14518
-1.82542
0.269396
-0.644961
-0.0810493
0.164611
-2.93817
3.47696
0.993621
-0.377399
0.565306
-1.0645
0.124846
0.19555
39.9934
1.26361
19.0026
-0.688194
35.1439
0.201674
13.5528
8.03678
-0.400938
0.492848
0.310021
2.1653
-0.89356
-8.48484
-0.418871
-0.121547
-0.220946
0.853142
-0.551398
-0.767381
-2.92177
4.27787
0.103574
1.47724
-0.0758762
-5.66323
-2.61529
0.762546
-0.044914
-2.77703
-3.67361
1.09817
0.00589801
-0.0195028
-1.22578
-0.838672
-0.685088
-2.63334
-0.37457
-1.83648
1.10322
15.5166
4.91839
-2.32831
22.1155
-4.92392
0.00626311
-0.97322
0.323177
1.76286
-2.84036
0.0630946
-2.4065
-0.389852
8.6486
4.10514
0.0568511
-0.420081
-2.35436
-9.18301
-11.5633
1.59753
-36.4386
0.338056
0.920946
0.556881
23.5608
-0.58262
0.318186
-4.37339
1.44151
2.59992
0.729575
-1.11085
1.80643
-2.96887
-1.01243
0.353091
1.42617
1.58538
0.795742
-2.43526
-2.4277
0.962401
-6.56382
0.342765
1.14876
-0.850949
-15.0181
-4.12389
-1.17893
2.37158
1.8556
0.929158
14.067
0.700435
-0.264487
1.64814
-2.93953
1.70474
0.517304
-5.19785
-11.6632
-4.39429
0.0540263
3.62414
-0.895489
-0.433496
-0.868184
0.228246
2.64869
4.65288
0.448115
-38.9854
-3.0145
1.70624
-0.454086
4.58726
0.241049
-0.686847
-0.235662
1.84024
9.56182
0.0665674
-3.23508
-13.0718
-0.956597
-0.408731
1.69149
3.26243
-0.654499
-0.455163
0.0364155
-0.00184528
0.94768
-0.120656
-6.27088
0.727656
0.260688
-2.88335
-1.55853
0.457111
-14.5793
-1.79582
-5.75591
-198.049
-0.271026
0.431324
2.43295
-3.83477
-0.927399
0.219733
0.268506
-1.1668
0.266465
-0.318115
-0.419909
-13.0758
-0.0566814
11.8146
0.64299
-0.792631
0.580593
0.527807
-0.342541
-0.552149
0.167929
0.340186
-4.52346
0.319981
1.66826
-0.264711
12.7541
-3.51318
-394.559
7.03075
1.804
-1.25545
-1.0231
-2.33631
7.13174
1.6487
0.925015
-2.35526
-1.59824
11.7523
-0.0593826
6.08031
-11.4326
-0.53592
0.804955
0.504168
1.23019
-0.481962
0.307188
-0.85988
-2.27499
-0.0668325
1.44798
-0.131863
0.603043
-2.70693
-2.18135
1.03339
1.47498
0.365602
-0.355923
-0.930901
-0.351342
4.79232
-0.88711
2.58918
-0.517599
1.60716
0.232349
6.99263
-0.924337
-1.44366
2.24219
2.90632
-2.35235
-5.8311
2.76674
0.531248
-1.14882
-1.08715
4.08556
7.88181
0.498026
0.142222
0.250012
2.36184
0.090294
96.0376
1.53936
0.12631
-0.592374
1.29543
-0.454871
-2.62287
-0.774694
0.679877
-0.461899
1.70143
0.175205
8.00032
-0.588137
-1.12358
-2.34165
-0.393838
-1.45198
-8.20995
0.166779
-0.0870039
-1.16094
0.256933
-0.222505
2.01103
3.30325
1.62645
0.821028
0.908711
1.03218
-4.16565
4.84276
-3.00088
-0.0635974
-0.0704542
0.125865
2.74393
-0.349227
-1.82473
-19.4373
2.58708
2.63528
-53.9584
2.43787
2.89904
-3.53874
0.348831
0.218056
0.666761
15.4079
0.76504
-1.97611
1.73813
0.384898
-1.25651
0.194772
-0.696852
1.07207
0.439771
2.03862
1.00678
1.01196
0.0865742
1.23221
3.06806
-1.40509
0.216609
0.621106
-1.23406
-0.714392
-0.610287
2.39937
-1.0344
-1.13939
1.16797
-0.850076
2.08131
-2.81264
2.04907
2.81037
-0.780934
2.45993
-0.225577
-1.37939
0.721372
0.117494
-0.105499
12.7631
-1.49366
-0.100876
-3.02685
0.0825926
1.25859
5.55768
-0.382866
-0.0838739
-0.864188
1.12959
16.9568
-0.355172
0.0394723
2.97372
0.166322
0.322133
1.56357
7.84547
-1.40906
0.538117
1.94034
2.21285
-1.21532
0.0591377
0.425264
-0.713772
-0.785669
-10.629
-0.961833
4.00923
-0.822545
-0.235296
3.03124
-2.40609
0.0746512
3.40129
0.36311
4.84453
-0.56454
0.192104
-0.703233
-0.714423
1.20802
-0.725682
-0.179279
0.141108
0.573428
8.70915
-0.21993
1.14763
0.901999
-1.98203
0.905798
0.4468
1.1555
68.5627
1.62703
0.648829
-0.0340139
-1.87248
-1.63789
0.0674508
-1.66458
0.380047
0.263751
1.33453
0.819596
5.29524
-2.29968
0.272775
-0.635664
-1.26384
-0.974065
0.310396
2.31377
-3.16945
-2.33784
1.54895
-1.5942
-9.70768
1.0062
-8.02335
-1.98605
-0.0564985
-48.1534
0.701128
12.8804
0.83099
0.138991
-9.99608
-0.215284
2.03701
2.14819
-0.185263
1.33985
-0.603674
0.120951
1.32109
46.6232
1.67967
-4.17766
7.57573
-0.349101
-0.0898917
-0.439226
21.0718
0.265153
-12.9659
0.345348
5.82008
-75.3317
0.908151
1.64462
0.381071
1.50333
-35.5919
-0.752296
1.20268
0.600775
0.606101
2.74051
-0.271333
0.654163
-0.816506
-0.278874
0.0747182
-27.6947
0.338641
-0.65214
0.702604
2.84181
-2.42503
-0.574844
0.394289
-0.902932
-0.694572
-0.856286
2.70003
-1.55037
0.492595
-0.731175
-0.193105
38.1327
1.80882
3.77302
0.0462946
-23.0546
1.24928
-2.56955
3.95889
-1.13899
91.9777
-0.252098
2.17052
1.47146
-1.11105
0.588868
23.2505
-4.59864
0.739016
0.617231
0.104525
-0.697691
0.517415
-3.32205
-1.35211
-0.189991
1.1692
-0.391628
0.429824
0.488674
-187.877
-0.124337
-0.236849
-0.869025
-0.0254822
-0.0725976
0.106146
-0.813567
0.754835
-1.15514
-2.40148
-8.65164
0.896398
1.1277
24.1343
-0.255017
1.00001
-0.825735
-0.274698
-38.8822
-0.387418
-9.2178
-3.01006
1.23486
0.994015
0.294879
6.41297
-219.769
0.402396
0.17998
-5.39311
-4.05057
-30.0308
3.85166
1.22047
39.1217
-1.20809
-4.18246
0.577086
0.0720438
1.4526
-4.57868
-0.0925423
0.247583
-0.102034
-0.336862
0.245997
-0.775215
10.9522
0.204878
-0.208241
3.086
6.08895
0.538941
0.216396
1.07718
-0.5052
-0.125118
1.02428
-0.710462
0.960747
2.84059
-4.83525
0.809939
0.963587
0.868752
-0.694099
0.631496
-0.328415
1.97467
-1.80343
56.8078
-627.635
-0.89435
-4.29191
1.72249
0.00523268
1.59629
-2.05442
-1.969
0.725042
-0.30237
1.00593
0.0997085
0.704273
0.0933947
5.57424
2.73702
-0.0957276
0.158884
-0.0236398
0.000899529
-0.675368
20.7595
7.36041
-0.744137
-0.809012
3.01776
3.86198
0.99417
-7.80838
-2.11016
0.440587
2.54682
0.269909
-20.8993
0.150268
7.23825
0.82368
26.3609
-2.01614
92.7542
-0.0964288
-1.40152
-0.651924
1.6615
0.490244
0.661147
-4.27351
4.67795
-0.223816
1.69663
1.00051
-4.39746
-3.74607
-2948.72
0.545566
-1.39724
-0.803969
-2.96522
-0.0940802
-0.487422
2.41637
1.38278
-9.07865
0.99049
0.923297
-81.467
2.44741
1.00305
0.680648
3.04381
0.342163
1.71468
0.27455
0.334234
1.24897
5.34873
-1.02702
-1.38804
0.0299128
0.479451
0.316192
-0.970008
-0.748541
-7.27033
-2.00399
-1.90835
-0.374105
-1.18547
-0.177919
0.609376
-2.71798
-1.3701
-2.90516
-0.868942
0.00153413
-0.420991
0.272569
8.1278
2.22647
6.90962
-12.5971
-0.160875
-0.384893
-8.97056
-1.64022
-0.395667
-1.17372
0.662371
1.08237
-0.0782875
0.760046
1.32141
-0.186377
0.637489
1.42967
223.459
-19.8849
0.255178
-0.876699
-0.283859
1.80386
0.71507
-4.94459
4.70062
-0.621721
-0.438061
0.252149
1.02833
-0.447343
-0.468628
3.57967
0.484786
1.53924
1.25454
1.56101
0.96631
7.64451
7.84273
-1.18744
0.383002
0.246213
-4.29637
-10.4696
-33.0639
0.319351
-0.678376
1.31435
2.41859
-0.896445
-1.68552
-0.269409
0.798465
-0.507737
-4.49407
-79.1918
1.10664
-0.537153
50.4692
-0.805425
1.09458
0.58251
-1.12794
-10.9639
-1.02548
1.4739
2.30028
-1.21649
1.89744
1.61772
-3.34775
-9.51419
0.570725
1.23284
0.293418
-0.0978223
-0.946423
2.10284
-2.24085
-1.93812
-17.4961
0.107235
-1.78286
-0.0976123
1.22334
-0.243044
1.872
-0.325034
-8.02362
0.505031
0.857913
-1.47752
0.0845603
-0.209611
1.68511
1.8609
-0.449795
-3.51059
1.37741
0.834415
0.299872
2.2507
4.90079
-0.287092
-0.343059
-1.2906
4.31825
0.769617
0.921399
0.580572
0.0790651
-1.60289
5.56556
26.1808
27.9222
-0.572298
-2.05856
-3.0014
-0.688884
-0.597226
0.178305
-2.8222
0.373811
14.5908
-0.413159
-0.665077
59.358
-2.45904
-2.3877
-0.93375
1.40902
-0.123453
0.112502
-1.54098
-24.9315
1.65162
17.0764
-8.07129
-14.0681
0.276537
4.31104
2.16182
-0.510803
-0.429774
-1.32394
-0.737935
0.924315
-0.0209589
1.9338
-3.08435
1.48571
1.7817
5.84025
-1.47065
-15.441
-1.17288
2.33153
-0.999193
0.593563
-0.888995
0.998323
-9.71028
2.89568
0.203813
-4.2828
-12.278
-0.668561
-0.836879
2.11114
4.72577
0.594363
0.583663
-1.43724
-22.478
-0.970782
-0.928906
2.90443
0.275995
-0.452431
0.81127
-0.388834
124.36
-1.48296
1.95558
1.06059
-0.269167
4.31803
-0.585011
-12.7172
2.92292
5.51664
0.718905
0.913198
-0.00960082
0.42697
0.00461028
0.233558
-4.81735
4.58085
3.55662
-0.397218
-1.13825
-0.834616
0.42056
4.20925
-5.06766
0.338427
13.1057
-2.18597
-0.439231
-0.0557014
-3.29724
-0.134715
0.475145
-0.225346
0.0672856
-0.308298
-0.399826
5.02426
0.585235
-3.95921
1.33531
1.08701
0.836591
-0.353209
-0.893695
-37.2722
3.22428
-8.0781
-41.5108
29.3528
-0.0180603
0.869963
-0.713719
-0.33662
-0.876477
1.25205
0.356171
2.25014
-7.51628
0.0198047
0.483171
-0.155403
0.553182
0.945495
-0.205197
17.205
-0.813507
0.142772
0.87926
-1.59406
0.597003
0.472528
-0.673718
-0.0555921
-3.40838
3.4601
3.07924
0.052158
-4.4314
6.33364
1.56144
0.430669
7.99139
0.743414
0.69926
-1.01317
1.86222
5.5527
-1.44355
-2.48289
0.540348
0.59528
1.56174
0.0885753
1.35515
0.0910043
-0.814917
-0.220346
0.552493
-3.87637
-206.094
0.203765
0.0521221
-0.295584
-2.67343
-0.0758761
3.99031
-1.618
-0.189808
-0.29149
-1.77497
-1.04836
0.896241
0.902224
-0.423822
-1.39241
0.0724153
0.155919
0.192834
1.40601
0.450514
-0.151419
-0.337308
0.0856841
-0.738152
-1.09295
0.606931
-11.6598
-0.0724328
2.01704
0.608562
-0.0748913
1.32035
-0.237434
-4.26582
2.4612
0.507417
-29.8238
-1.23948
-0.541889
-1.8217
0.239717
1.49416
10.6074
-0.221729
3.05422
7.91734
0.788475
-0.607813
-0.31807
-0.544404
-3.29654
-0.415215
6.77196
1.92474
-1.48745
-3.6753
-0.159738
1.55924
0.194939
-0.699663
-0.14087
2.16587
1.84859
1.45677
-1.04784
-3.14332
5.81179
-3.42001
11.5124
-0.120139
-0.0902378
-0.88662
0.480775
-2.09827
-0.800182
-0.915829
0.0202148
-1.69934
-0.381174
1.51529
7.07236
-0.215882
5.73094
3.93582
1.3078
1.94961
-0.442378
0.818442
-0.608774
0.256155
-0.804716
-0.189421
-0.964452
-0.576813
-0.855196
0.323036
0.814561
-0.184766
8.60961
4.76223
-0.0509232
1.82815
-3.18597
-0.0766612
0.487364
-12.3675
3.31873
0.941147
-31.4006
-0.260515
-0.362125
8.65782
-4.52683
-3.19809
-0.361396
3.38518
-14.5328
0.147292
0.497477
0.0740575
-1.34597
-8.78819
-1.50424
1.47833
0.91278
1.07502
0.344713
1.28456
-0.902777
-0.506318
-0.321488
4.29946
0.492919
0.0957829
1.61835
-0.021126
0.366303
0.280289
-0.0482311
0.954443
70.8379
0.24295
-10.3813
-29.3798
0.396045
-0.53586
9.67987
1.59231
1.09681
-0.699463
-1.32354
-0.143627
-1.37166
-3.35728
0.712736
-0.297794
-0.517408
0.129379
0.167618
0.461872
-3.49753
-0.0238788
-0.122488
-0.195944
-9.39256
-62.0516
0.397094
-0.375207
0.217032
-0.274048
-1.28969
-5.19265
0.140043
-2.03916
-1.71941
-5.5975
-2.64014
0.659104
-0.668795
-1.94278
11.5437
0.756828
5.36058
-0.220667
-0.598767
0.160751
0.548703
0.240978
4.35443
-0.737181
0.681707
-0.195743
-1.24142
1.85664
2.13587
0.274388
-0.488432
-0.511881
-0.0765334
-0.335058
3.56678
-1.31237
5.69858
-0.345695
-0.151015
-0.583004
-144.176
1.28015
-2.8235
0.0868699
1.51672
37.2262
-2.50563
-0.386365
0.706278
0.513236
-10.3454
-0.540789
1.18033
-0.112265
-0.781459
1.32431
-0.308986
0.377419
-274.896
2.82665
2.60224
-1.91022
-0.524777
-0.348248
4.13869
0.126312
-2.15079
-0.302084
3.51886
-0.409291
1.78205
0.212771
1.19618
-1.35762
-0.650332
0.783238
12.1282
-10.9179
-2.31498
7.47307
-0.596018
0.952244
-0.763954
0.726901
-0.343321
-1.49168
2.0432
0.211639
-0.623935
1.60286
-8.79256
1.64166
0.149869
-0.529855
0.00790139
-1.46725
-6.88072
-0.565128
0.510966
7.04852
-0.054326
0.35839
1.40519
-0.0110288
-2.688
2.45815
-0.796194
-85.1671
-1.73943
0.971035
-0.932192
-0.00232598
0.549879
-2.92174
0.165963
0.299257
-2.02556
1.29052
0.83072
1.86859
-2.10899
0.451203
3.27245
1.60408
1.27391
0.179183
11.0635
2.78708
-1.82166
1.40376
-0.0599417
0.438821
0.754636
0.1991
-0.354428
-2.95042
0.626376
3.57015
-0.411756
0.262165
-8.52335
0.636292
-1.22566
0.170012
-1.30543
-155.286
-0.0674488
-0.514693
-11.4809
-6.10284
-1.57601
-23.5779
0.562629
-0.72208
1.00762
-0.534242
-0.909207
2.03638
1.57644
6.48532
-0.880904
0.0535161
-0.082719
-0.61604
8.6908
1.06542
-0.626953
-0.218378
-0.456257
4.73001
0.431645
-0.394582
0.577783
-1.40028
2.44655
1.80843
-3.26712
-0.422261
0.437601
0.30824
-0.888685
1.61068
0.241314
-1.05647
-0.544231
-0.841963
-0.814798
0.271707
0.944839
0.202526
18.3906
0.0767371
2.39014
0.23833
-0.196272
8.80264
-12.5152
-0.158647
5.99501
3.15486
-0.767374
-0.186282
1.27262
38.0299
-2.97195
0.607901
3.31274
0.603589
3.17257
-2.95761
-3.21604
-2.9904
-4.92684
1.80866
-1.632
2.58887
-0.265605
0.21241
0.228091
0.498778
0.801825
-3.35335
0.133312
2.27748
-1.68214
-0.0846691
0.811951
-0.383695
-0.892525
0.890951
0.485713
-0.105896
0.292846
-5.59895
0.232106
-2.83911
0.881785
-0.134849
0.137042
-1.63453
1.7766
0.154016
-0.609352
-6.12454
1.15858
9.75506
-12.7738
-0.665015
0.726239
-0.543526
-0.488279
0.802002
-0.0644934
-9.6253
-0.306916
0.875659
-0.293903
0.935766
4.07418
0.642699
-31.51
-1.28251
-2.24821
-0.730308
1.66487
-0.210314
-13.4991
-3.74612
1.31419
-0.357621
-3.06227
-0.0071904
-0.433167
-1.48215
-1.06478
1.70708
3.23289
-0.42777
-1.04954
1.67908
-0.903632
-3.60157
-9.06357
-0.137953
0.0728377
1.20163
-7.48892
0.903314
3.04787
0.508957
-0.933859
-0.280647
2.2234
0.988059
-0.216534
-1.2654
0.391316
-0.28777
3.01592
1.16998
1.38954
1.09689
-1.16113
-3.8686
-8.85935
1.04321
-0.961556
5.90736
0.115823
0.198419
-4.72631
0.846499
5.54233
0.43734
-2.42084
0.777539
10.5144
9.45579
4.1309
1.26103
0.624022
-0.274108
-2.93235
-1.02451
0.625825
3.70774
-2.6524
1.29557
-1.9025
0.593117
-17.1328
3.34962
-7.7985
-4.20828
0.0489692
2.13065
0.52692
8.80779
0.0745519
0.795853
0.293
0.307475
-2.97856
-0.749374
-1.45155
1.48721
0.817023
-0.168202
0.177613
-0.398981
0.778007
10.37
-0.639377
-0.866908
-0.172331
1.12563
18.8746
0.183613
-10.0582
-0.508449
0.310034
-1.86431
-0.572798
-0.0975918
-7.4486
-1.01347
0.103209
-0.125101
-0.530572
1.39891
0.730347
507.415
0.782891
-8.36752
5.68982
0.117063
617.589
-4.46398
-3.68192
-1.27771
0.925406
0.653758
0.787419
-4.15089
1.80865
0.278854
-1.59662
0.622802
0.913026
0.4385
-1.63696
0.844077
-1.12398
-13.2216
-0.923641
-1.59153
0.118637
-8.60844
2.94096
-0.189827
7.3147
2.08527
-0.120294
-21.4878
-2.7244
-0.233645
2.92469
0.674351
0.32951
60.7143
1.13374
-2.72731
2.54136
3.3284
-1.77479
1.85227
3.08581
-0.322648
-0.0180554
-2.02654
0.40441
-1.70101
-5.95304
-3.15362
-0.691619
-0.868667
-0.265466
0.737909
-9.33049
-0.283338
6.50721
25.5802
-0.334911
-0.395549
-0.00162468
5.49881
0.572878
-0.454256
-4.59371
-3.45945
0.05985
1.86231
0.206438
-1.25302
-0.812768
1.38644
-0.749923
0.957562
-0.100771
-0.602035
3.41077
0.942139
0.804097
-0.365616
-0.0758901
0.209307
0.502392
-1.21512
-1.20531
-0.497365
1.27234
0.593455
1.74689
-1.49029
0.511308
5.35211
0.782043
-0.165645
18.7222
6.13348
-0.0214278
-0.192839
-0.778443
-1.25414
-5.30103
-0.115216
1.25325
-1.48333
-5.28543
-39.1026
-1.26462
1.36654
18.8327
5.48944
0.170114
-16.2062
-0.390996
-1.23439
-0.0135427
-0.536903
-0.85474
0.104212
1.46552
-1.3925
-1.8574
3.9007
0.412014
-0.529503
-43.0032
0.813695
-1.72682
0.124333
-0.348142
-21.3754
3.6617
-0.821656
0.985904
1.65365
-1.55275
5.64777
-1.08662
-1.22186
0.975633
-2.0165
-0.932768
-11.0313
0.929221
0.782827
0.226551
-0.426317
6.01035
0.449212
-0.179128
0.811454
-2.31344
17.0718
5.63482
0.428678
-1.56985
-17.3548
-15.4174
0.862535
0.111873
-1.19518
0.937268
-0.91092
0.302023
-2.22424
-0.531158
0.116191
-0.457614
1.51501
0.946151
-0.26698
-10.3393
0.179256
0.740194
-0.416835
0.320244
-0.970861
-3.40126
0.873188
-0.416526
0.686922
8.18267
-0.755394
2.39734
-0.361815
-3.124
-0.0347247
0.914241
-0.551557
-0.502494
-0.301895
11.3844
1.37637
0.238529
0.879874
0.751627
-0.234588
-0.67507
1.42478
-0.965698
-4.44203
-0.213928
0.373923
0.799555
-3.57251
-4.27705
0.754535
1.07079
0.358938
-2.21724
-1.87657
9.10042
-23.2206
-32.6567
1.85479
2.30391
1.68877
-0.473555
0.35999
-0.1778
1.19864
-0.47653
-0.045314
2.12937
6.12505
0.0102426
-0.905671
0.508442
0.564917
-2.09754
-0.429751
0.248032
0.437126
0.788494
0.144586
0.309119
0.740337
-3.13876
-0.885745
0.595541
0.86286
0.0477072
0.278564
-0.857175
0.460758
-0.337093
-0.732456
1.66733
-0.850243
-0.694053
0.422975
-0.274329
-0.709545
41.4266
2.18851
-0.899462
1.36753
0.0699531
0.0980794
-0.578698
1.24769
1.5464
0.617591
-3.26261
1.8931
3.88744
-0.46252
0.255035
-0.945293
-0.269688
0.613089
-0.550916
0.0970742
-2.65494
-0.280657
-0.530456
3.98569
-2.42751
0.0241483
2.25125
0.460014
1.51334
0.659779
-0.178493
0.263207
-16.7837
-0.151263
0.251286
-0.19167
-5.57221
-490.985
0.982123
-1.55622
0.0789674
0.412981
-0.88459
-1.21359
-15.2756
-0.170654
162.672
1.4384
-0.765001
-15.6694
0.412229
0.692027
1.44365
0.52109
1.38562
-0.25919
3.01276
0.246802
0.149042
-0.36471
-0.54709
0.0378888
-0.220771
-27.646
-0.156122
0.0123008
-5.15635
0.454025
-0.574497
1.25251
-0.827417
-0.169433
-28.1442
0.9465
-1.42755
-0.294806
0.52292
-19.6971
-0.0727111
-0.324568
-0.0954593
-0.680008
-0.0892235
0.0730043
0.738332
-1.10978
-6.33574
-1.58602
0.0452519
4.45643
0.481189
5.78222
3.23018
-34.9001
66.8168
-1.23721
-0.296237
0.0692083
-1.00702
-1.25137
-0.0943855
0.698903
0.785653
-2.27832
2.08687
-2.61964
-0.441871
-2.49067
37.5497
0.866768
-0.449179
-0.955603
-1.2877
-1.13653
1.26202
0.775809
-3.8173
-0.362859
0.77125
-7.25667
-0.288162
0.719747
-0.846233
0.523359
2.21571
-3.51749
-2.93203
-0.622418
0.868772
-0.861411
-0.756809
3.01915
-0.0205084
6.92414
-9.16522
1.73247
0.250623
-0.858734
0.320914
-0.43953
-0.13416
2.51081
-0.596121
-0.984038
0.810465
-0.987605
-1.94767
-0.534431
-3.41217
4.37617
-6.11595
-0.630428
0.506139
0.0781902
1.09816
-4.14696
1.08111
-0.457521
-91.5694
-2.84732
6.24504
0.393772
-0.851785
-3.29236
3.79188
2.77709
-0.709945
-2.59817
0.120295
-1.4032
-0.39819
4.9769
-0.525149
-1.6871
3.14521
1.41569
-1.17465
21.374
113.458
-2.40087
0.825444
0.543689
-38.0295
-0.629216
0.989168
5.19409
0.0404808
-1.46555
-0.289182
0.075492
-0.259367
-0.370463
-0.0662943
2.16286
-0.942249
-0.745437
0.792402
2.06763
-0.348608
-0.451845
0.289222
0.291128
31.638
-4.91332
23.2107
10.663
-4.51953
16.5245
-0.808738
2.5226
2.64785
-1.87762
0.501283
0.696629
5.60259
2.35609
-2.55009
2.32238
2.32525
-0.537698
2.3993
-0.594112
0.466697
19.2761
1.12596
-1.49206
3.66703
3.16096
3.14784
0.0685633
0.254578
0.133362
1.88657
-3.2534
-0.42986
0.141408
0.317858
1.2966
-0.324139
0.980057
-0.059488
0.420905
-1.37002
19.2706
-3.01156
-592.457
4.41111
-1.74949
1.47695
-1.53659
0.0296248
1.89312
0.491058
0.543576
-0.398143
1.33449
1.86401
-1.72938
3.35226
-0.192269
-0.743792
-1.30117
-0.245601
-24.6759
-0.567919
-2.27145
-0.00494138
-0.329807
-0.884977
-0.633686
0.727661
-4.509
0.93297
-0.0099859
-0.297411
4.05362
1.21197
-1.62012
0.609498
0.136617
2.84208
1.64603
0.88477
0.991508
-4.14584
0.428105
0.00797934
-3.21154
38.7918
1.47022
0.945597
-0.384088
-0.0514872
0.484098
-0.244265
0.51215
-1.13625
2.09895
12.6595
0.885967
0.556964
4.50506
0.160549
-0.147362
1.79829
0.309623
0.435569
0.129645
-0.564836
2.11469
1.43115
15.1602
2.64574
-0.110594
-0.675649
-1.65337
0.252586
-0.292204
0.130251
-0.128791
-0.343018
7.03531
1.71393
1.25162
0.313795
0.212237
-2.45068
0.669566
-1.00026
-0.29661
1.81885
0.307453
-0.32353
-0.463048
0.644505
-8.82289
1.22345
0.497856
1.07152
0.237303
0.93833
0.95179
-9.96591
-2.6302
-4.46252
-0.514548
-0.00112901
0.367216
0.708862
-1.39767
-2.00521
-0.873726
2.21148
-1.36583
0.0809811
1.99173
-7.58691
-2.81789
-0.453427
11.5133
0.00417378
1.0759
0.0545317
-0.767033
-1.54432
0.328105
-4.62793
-0.981736
19.6677
-0.323335
-0.145291
-6.96352
0.942755
0.379006
0.662983
-0.199116
242.486
-4.8463
0.215262
1.40634
0.036477
-1.40873
-0.332157
-0.39926
0.0802012
0.0445719
3.6973
1.34712
0.371732
-1.5804
1.51475
0.861632
-0.260395
-16.3514
1.88271
0.0237436
0.12861
40.4446
2.75665
-1.54951
-0.435333
6.18303
5.18149
0.0517432
0.00054149
0.496942
0.236776
-0.810014
-0.445218
1.73265
-0.111408
-4.65767
0.510056
0.0758101
-0.247377
-0.192804
-0.103825
-1.55715
0.0939603
1.80749
-0.365069
-0.710785
1.16855
72.7797
-0.197137
1.5592
0.392945
0.633216
-1.23834
7.04183
-15.3016
14.3117
1.28042
0.220017
-0.479954
6.85616
-0.0336131
1.03492
0.0513931
0.83164
-1.72806
0.886969
9.73191
-1.07767
0.514706
-1.15309
-1.81803
-0.192478
0.115926
3.13218
0.798147
0.853423
-32.4253
0.126865
1.10788
-1.49733
14.3898
0.624491
1.54019
4.10231
0.290746
5.66121
3.14211
1.53609
-0.722153
-0.034941
0.00696343
-1.41966
-0.136354
1.94872
-2.64374
5.55349
0.078096
-0.0997015
0.35368
6.45179
-0.463164
0.566495
-7.9691
0.818293
-0.05039
-0.2709
-1.41943
-2.02017
-0.120619
-0.917848
-3.11112
0.700625
-1.36827
4.13757
-2.70063
0.243496
0.575322
-0.509382
0.447109
0.636235
-40.335
-3.95699
0.692814
-6.16017
-2.99121
-1.45259
1.03838
0.547985
-1.46746
0.916925
-0.460755
-0.18597
-0.0883958
0.722931
5.78485
-67.8926
0.141617
-2.32051
-0.491577
-1.70876
-1.61839
-0.0615084
0.50364
1.87381
0.0841687
0.0838202
0.2139
-0.869712
0.220102
0.467389
-9.37801
-1.74708
-1.05941
-2.05889
1.54069
-1.21714
-3.35864
4.00555
-2.3863
-0.609049
1.67401
0.742641
10.6141
0.956494
1.23116
0.993568
0.00616939
1.26917
1.3616
-6.53066
-0.212055
0.200988
-6.70834
0.427908
-0.802588
0.00868451
-6.07039
1.73256
-0.416347
0.310292
-2.32242
-0.36937
-0.54413
0.864762
0.450742
-9.5891
-2.25557
0.720608
0.643875
-4.1541
-1.3716
-1.32383
5.62914
4.70463
-0.717354
3.8367
-1.60972
0.429585
0.344053
-0.220846
-20.3881
4.17861
-1.84263
-0.229399
0.44691
-0.647323
2.49915
-0.0360031
-0.465383
7.95359
0.363297
-4.91279
-2.97121
2.25349
-6.28623
-15.2082
0.231257
-0.768473
-0.218086
0.0168486
-0.496256
-0.77612
-0.532923
-0.452072
-0.434101
0.0489111
-0.534043
0.794626
0.59592
1.26914
-2.86288
0.914057
-0.387096
1.011
-6.26738
0.152315
1.94733
-3.29388
2.93973
-2.42614
4.77143
2.05001
-2.79533
-0.932376
0.86261
-2.58496
0.971788
2.04564
-1.51254
-0.389447
-3.01528
-0.511074
2.01328
-0.146593
0.72872
7.5439
0.100523
-4.76124
-3.97641
-0.134012
-2.25623
1.58637
-1.14133
3.68326
1.52381
0.968711
0.140832
-0.288433
-1.98209
-1.07561
1.13182
2.12572
3.15531
-5.7068
-0.946526
-0.352442
2.15098
7.04664
-3.22368
-0.074151
-0.275479
0.861427
1.2324
0.7858
5.35796
2.06359
1.4453
10.4226
2.70581
1.9791
-0.270486
13.3943
3.56175
0.217714
-3.56395e-05
1.59281
4.37061
2.91338
-1.48146
-0.61767
-7.15722
1.41986
56.0956
3.4462
0.572983
1.68297
-1.28073
-0.061657
-4.2165
-0.0909105
12.9516
0.910455
4.11835
0.781197
124.931
-0.636843
5.16143
-0.76654
-2.72978
0.0490034
-0.599505
0.20538
0.259255
-0.640103
-0.208143
10.8438
1.13407
0.0822834
1.51425
-2.21687
0.380085
-3.03218
0.8604
-0.646323
0.114502
-0.796729
-2.50245
4.94209
0.105444
-0.493219
10.3194
1.38307
0.678211
-0.420207
-2.75671
-0.908287
1.58149
-1.64818
0.599104
0.0784826
0.24159
0.0485257
1.92037
0.37263
0.696616
-2.56233
451.761
-0.926684
-0.767755
-0.0980017
1.06725
6.52441
1.32904
-2.03107
-2.36086
2.7758
1.61994
-0.943989
2.34286
17.2953
-0.89973
-0.380212
-1.26721
0.701541
-4.89781
-0.50275
2.30419
-0.305099
-1.05208
0.619598
-8.16698
-0.119709
7.24062
-1.37619
0.280026
-0.0668992
-0.926899
-1.79333
5.77428
0.481087
-1.07401
2.45486
0.660576
1.44539
46.16
2.38193
-0.00239374
2.07982
0.355499
-1.43791
-1.27903
0.587512
-5.84252
-0.980479
-0.785642
0.045047
0.0391454
0.0985785
0.206511
-0.482162
0.399579
-1.51037
0.419461
-2.50453
-2.98156
-0.093645
2.17978
0.391072
10.368
-0.962362
0.820159
1.80398
0.00740864
1.0503
3.52852
-0.788267
1.3216
-0.313609
0.00355838
3.30659
-0.354786
-0.396865
-1.10574
-1.08698
-0.569305
-0.444568
-0.181087
-27.0641
-0.231901
-1.09354
-2.19837
-0.106633
0.37653
13.0303
1.47665
0.756096
45.5239
1.38304
-1.51558
-0.25886
-1.10646
1.38457
-0.517594
1.1912
0.794346
-0.161534
5.39409
0.191638
3.08677
-0.565269
0.510021
-2.48594
0.485945
-1.92891
-0.0634251
0.0596122
-0.441325
2.1706
-2.3851
-2.98201
65.5592
-0.755014
0.453239
0.307881
0.145087
4.13271
-1.09834
0.352153
-0.00619499
-5.62912
1.18686
0.52948
-0.621203
-0.899448
-3.29408
-0.382409
-2.70477
1.54764
-0.447731
-0.121531
0.603251
-0.287276
-0.218192
0.379823
-3.80361
1.04046
-0.617415
0.871479
-0.231105
-0.413979
0.0721743
0.399441
0.291522
-0.0279915
0.687682
-0.27857
36.6319
-1.12884
0.908481
-0.804298
-0.630781
-2.06545
0.357894
0.989257
-1.71848
1.80393
-0.49946
0.134085
-0.723838
0.564492
1.21216
-17.5888
0.487531
1.29309
3.0918
-1.21568
2.93483
-3.60151
0.053335
-0.0699483
0.658224
-0.214841
-1.22673
-0.605431
-0.46619
-0.0599687
1.04523
-22.0029
2.2002
3.4116
3.21938
-0.158048
-2.14161
-13.7901
-9.04121
-6.56051
-5.97426
1.26117
-12.7722
-1.44712
1.82174
1.75827
-0.921129
-5.23348
-2.18319
-4.12144
-1.74393
1.26579
0.560498
-0.311421
0.911579
-0.54239
0.224015
-1.21398
0.769516
5.89443
17.1179
-0.554542
-0.35145
0.114979
0.451082
-1.57662
1.11341
0.405131
-6.60129
3.47067
-0.0169852
-0.17094
0.0976937
-0.760877
0.252597
0.43419
0.667144
-0.0935373
-13.4381
3.34742
-0.169688
2.77628
0.13241
-1.4607
0.329863
-0.771302
0.44677
2.83891
-0.53522
0.703722
-3.39566
0.549319
-4.40364
0.0668467
-0.931188
-17.0738
0.400234
16.1081
0.482579
0.82785
-0.661812
-0.383254
-0.121241
-137.85
-2.08382
36.473
-0.735099
-1.45192
-1.04444
-1.31254
1.60424
0.329842
-0.0680534
6.23464
-0.79333
0.25498
0.634559
-1.17263
-1.57494
-5.89382
54.0896
-0.241643
-0.283326
-0.447135
4.68047
-0.706404
-0.0180597
0.0366184
-1.05788
-2.14066
0.573571
0.0284014
-1.60585
0.242338
-2.2742
0.194849
-0.274949
-0.397188
0.766483
-1.60174
42.8972
-1.34102
1.2955
-2.25202
1.35617
-0.495203
-1.16278
-0.721162
0.729688
0.0477827
2.48347
-1.5366
-0.274923
-0.184199
1.44877
0.0537225
-0.222557
1.8901
-0.133666
-1.13265
4.24145
1.14521
-5.21395
4.03994
3.00673
-1.61035
0.466443
-1.93577
-0.195975
-0.576782
-1.72756
-0.62084
0.971845
0.142507
2.94601
0.675592
-3.10607
1.36641
-0.30823
0.515188
2.86091
-0.113186
4.31819
-2.1178
-0.829292
-1.34934
0.747609
0.667059
-0.97544
-0.0937106
-5.37085
0.654602
1.24165
1.29002
1.01151
1.44004
6.97412
0.486117
-0.163729
-1.10947
-1.14952
-0.96632
1.01594
1.34403
0.781574
0.504779
-0.449816
20.555
3.44171
0.405603
0.27289
-0.14504
5.80517
-0.484328
1.13338
-1.51988
7.61141
-0.2985
-0.339631
-1.08306
0.586591
1.69476
2.34725
-0.973052
2.02093
-5.85048
0.0293877
-0.655797
8.81424
-3.75083
2.86174
-0.0759949
0.136365
0.376798
0.154041
0.424172
0.333224
-3.85128
0.142742
-0.549774
-0.877865
0.377596
-0.425652
1.53001
5.69253
0.00639224
-4.11732
-1.06822
1.47245
-0.0289328
17.1146
0.184587
-6.85621
0.150795
-20.8697
-3.61816
1.30256
-1.093
1.1529
0.661286
1.35927
-1.10548
-0.593109
-1.03806
-1.60334
1.78362
1.65337
0.48351
3.68827
-96.486
-6.82833
-0.512532
0.202771
-1.01644
-0.369426
-3.09762
-0.11251
1.04807
-1.26296
-7.19996
-0.139719
-0.0878135
-0.687396
-0.754684
5.12933
-0.416135
1.10351
-4.16159
2.68112
-0.93307
0.484121
-11.7874
-0.43487
4.02947
-0.0972408
0.850157
-0.26791
-0.991538
2.37179
1.47197
-2.81488
0.804299
0.0732479
2.17494
3.42712
-0.159438
3.40195
-2.59236
-0.696265
-3.12257
0.131224
26.2647
-22.6338
-0.376332
0.920097
1.22324
-0.127011
0.651183
0.249723
1.9858
-4.1261
-1.15881
-0.868236
1.22111
0.467918
0.0450341
-3.04774
2.21702
-0.643019
-2.35698
1.55669
2.45822
1.02231
-1.2614
-2.73874
-0.899529
6.25581
-1.65548
-0.877914
-4.31099
-4.71116
0.756868
-0.284398
1.44444
8.41142
-0.337278
-0.34795
-0.39532
-1.79722
0.916587
0.809479
-1498.9
9.12443
-2.91904
0.676791
0.282042
0.417814
-2.92348
0.00183451
2.47281
0.163827
0.548135
-0.134178
-21.3401
0.482109
-0.34046
0.0765826
0.620109
-4.18372
0.436217
0.290681
58.4387
-2.24815
-0.0136564
-0.225486
1.06463
0.814031
-0.143755
-0.363758
-0.48714
-0.667465
-0.0810459
-0.598891
1.48112
-0.980572
-1.06366
-0.0880346
-0.952503
0.213428
-2.03073
0.848326
-3.08471
0.492789
0.210774
-2.29401
5.63017
1.52002
1.43607
-1.8542
-12.6776
0.386946
47.6633
0.437697
1.1587
-3.16448
0.197523
0.286678
0.881158
0.643756
-0.784779
1.93227
0.338861
0.300668
-4.71561
-0.48213
0.244725
-0.609192
2.20392
4.36027
0.334034
0.485726
39.4664
0.0194237
-1.59572
1.23124
18.7344
0.294126
-4.13277
0.20409
19.83
6.86813
-0.0741281
-0.512192
-12.4289
-0.234997
0.871687
0.216067
-1.13486
0.742837
1.84865
28.3377
-0.978009
21.1274
15.903
-0.752146
0.316504
-0.480934
13.3338
0.480961
-10.9308
-2.81041
0.934014
0.0230322
0.107295
-0.0481736
-1.1691
2.29882
1.8556
0.666918
-0.240021
-0.513283
0.849051
2.33016
-0.38483
0.511229
0.141009
-1.16226
-1.04547
0.244308
0.552706
-6.49317
-1.33186
-1.49371
0.791218
1.98913
1.85333
-0.0688697
-0.102905
-0.580804
2.12425
-4.46202
-0.264784
1.68839
-0.199652
0.0921611
0.745451
13.3852
-0.0984021
8.19297
1.78817
0.462937
0.598808
4.93352
-9.42376
-3.69685
1.80377
-0.102795
2.83629
-1.19133
-1.73091
-0.128962
0.566024
0.494143
-0.165481
-1.05413
-3.94528
0.749526
1.92871
-0.699503
-0.413951
-1.22775
2.54505
-1.43555
-0.285929
-0.336045
2.68907
-1.45526
-0.0301877
-0.756174
-0.182496
2.21848
-1.10085
0.239
-0.466288
-0.715721
0.653078
0.752847
-0.346306
0.425938
1.17669
-0.884047
6.37847
-2.95471
-0.878702
-2.27147
3.03796
-0.193163
-0.291992
-3.21707
-0.997517
-2.20262
0.163213
-2.0814
0.50725
-0.618152
-1.65857
-2.17353
-0.887357
-3.55023
29.4421
-757.885
-0.672529
2.08753
0.459957
0.0505488
0.727679
-0.475703
-0.57573
0.945379
3.16942
0.016986
0.434353
0.67801
-0.23049
-0.629488
0.0717235
-0.116417
1.83195
-1.63387
-0.988169
-1.19444
3.8762
-0.0660737
2.39777
1.93086
0.403549
-2.02757
-32.3353
-0.0621951
-0.63977
-0.274503
-0.856724
2.91217
1.42761
-0.698772
-2.51483
0.0976239
-3.22901
2.40643
0.635286
-0.0282904
2.26773
-18.7316
1.46961
6.35237
0.254699
4.57991
0.206195
1.38614
-1.02618
1.49772
-1.40525
-0.314247
0.459776
1.26979
0.720851
-1.01575
2.5297
0.21352
-1.43175
1.20755
0.139842
-80.8752
-2.0796
-0.518845
0.515169
3.77023
0.339818
1.15316
-0.281529
-0.676498
-3.63155
0.574302
-1.84662
-0.254715
1.73489
1.68708
-1.17092
0.251309
-1.90617
6.81978
-1.76383
0.312183
-0.0119464
-0.335656
-2.18323
0.319008
-0.874955
-9.95024
-1.12451
0.0308854
-0.111985
-1.46762
0.192471
2.04786
10.4541
1.3618
0.671741
0.329321
-0.068452
37.7915
1.63996
-13.9622
0.729776
-3.63121
-1.016
-2.28738
-5.09214
-2.43787
1.84239
-46.6788
5.68606
-6.69109
-0.299409
-0.474754
0.987535
-0.395534
0.402416
-2.99345
0.367576
0.539439
-1.97987
-10.3821
-0.0824143
-2.54324
0.892532
-0.373743
6.42537
-0.938307
0.645419
6.05108
3.44018
3.20227
-4.62484
-0.183751
-21.6657
-0.188024
0.500566
-2.34941
1.40451
-1.57575
-0.71757
-1.04199
-3.41606
-0.565093
0.732626
1.61491
-10.4545
0.879196
0.270423
-0.154457
0.438625
-0.404195
-0.601114
-0.431365
-0.748179
-0.911049
1.64415
0.33083
-0.777743
0.0713375
2.46026
0.192343
-0.281159
-0.611824
1.25992
4.59238
-0.253871
-2.01541
1.53187
0.399738
0.242903
2.36852
2.39253
-10.7292
-0.955425
-1.50214
-0.0891199
0.402607
1.58418
-1.86578
1.04067
1.50191
2.33982
0.0935607
1.74706
4.7448
0.724826
-0.609385
0.703443
-0.832807
1.65572
-17.9023
-0.658827
-8.59692
-1.07802
-0.597518
-0.913243
0.187442
0.47192
4.04834
-0.264421
2.1125
0.250499
-1.34633
1.54312
0.0749609
2.72776
4.04094
1.18025
0.434434
-5.55555
-3.47028
-0.0978007
-6.17909
-4.87471
-0.45442
0.516174
-1.40594
1.74202
-0.0102099
0.362499
1.76584
-27.927
-0.714016
-0.759671
-0.741477
-0.626213
-14.5943
-4.10354
-3.65196
-0.807956
3.56395
1.01524
-2.11966
1.90004
2.02314
-3.45275
3.2037
-2.66085
0.874105
-0.390025
-1.2962
3.82204
2.19177
0.0239089
-0.740232
-6.74029
-10.8698
1.71134
1.75231
0.462776
0.0561926
3.67754
-0.399107
3.23507
-0.201446
0.775085
-0.130509
-4.88267
6.66822
0.839829
-2.03025
-0.143672
0.0367818
2.2928
0.143342
-0.544004
-0.438717
0.818184
0.195326
-0.127607
0.828007
3.64725
0.480825
0.0512387
-5.38188
-4.00388
-0.106823
-0.32075
0.424151
-0.770631
-0.577982
1.54453
-1.0523
-1.18574
-0.451142
1.23906
-1.75197
1.80309
1.99094
-61.4341
-0.287911
0.480632
-8.03513
-0.092502
-0.792117
-0.205242
0.597353
-2.3658
-1.42333
1.61109
0.238808
2.68038
2.9602
3.89515
-0.454267
7.40903
-0.0446733
-39.7253
1.3968
-0.0899403
-0.940363
0.478486
-1.26486
-1.03855
-0.298104
5.35806
-2.16902
-0.091459
-3.47677
0.665432
2.90662
2.0378
0.158189
6.58406
-3.54498
5.38621
-8.98742
3.43888
-2.76108
10.913
2.0327
-0.320234
-0.189943
3.93287
-2.21741
-0.537574
-4.91817
-7.48546
-0.798762
-0.271352
-0.0253958
-35.4528
-0.371515
-3.49652
0.201
-16.7366
-2.00661
10.6366
0.345512
-0.142379
0.483149
-1.26107
0.0212232
-0.191905
0.0721785
-1.23787
0.352547
-0.696864
1.89641
2.17968
-0.952395
2.11478
-12.1389
0.457957
-5.28858
3.45885
-0.624299
-0.431091
-1.50662
-21.3703
0.469981
1.18721
0.662938
-4.58612
-0.983956
1.00826
-2.11351
-0.171155
-5.65121
-2.44198
1.57184
0.45076
1.11287
1.70518
0.905268
-3.82324
-0.415545
-0.366637
3.49106
2.59191
-27.072
1.16063
0.90949
0.0655029
2.84815
-0.631513
-0.476518
0.0175571
0.358029
-0.879937
-1.14095
0.165145
-13.705
0.194684
-5.06387
0.877561
-10.7386
0.739928
17.4191
0.680862
-0.254756
-2.23488
-57.0152
-0.73071
0.0996147
9.00465
0.847789
0.815302
-0.48571
-0.67459
1.98463
-1.12379
-45.7939
0.897417
1.60316
-0.319126
-0.06713
-0.190113
-0.0486849
0.248677
1.19162
1.42887
0.470827
-1.28463
-1.71594
-0.222062
-0.0851883
1.19974
-1.11833
0.660433
-0.276155
-0.00304514
-7.53703
-36.2881
-0.534663
0.0398954
0.484818
3.80433
0.73333
15.6396
1.70074
2.63289
0.31851
0.471269
-0.660097
-0.758212
-0.721997
-0.502071
-0.333726
-0.480381
0.325974
-0.94224
-0.819218
-1.64959
0.978495
1.6463
-0.0220805
-5.99268
0.577161
-24.0034
2.80506
-0.236834
0.882811
1.36992
-0.79886
-2.44857
2.17154
-1.42451
0.259929
0.50199
-3.16264
-1.71303
-1.04169
0.0589477
-1.86307
2.73583
1.50627
0.514059
3.34396
-1.07477
-2.07543
3.63119
0.0881926
0.482424
22.6376
0.810682
1.89215
0.905552
-0.178093
-7.28933
-0.641334
-3.7089
-0.439869
0.15565
1.0942
18.4572
0.53841
-0.0505201
-3.64763
1.19637
-0.0564878
10.3883
2.03971
0.640737
2.11709
-35.4774
0.964334
19.9219
3.08225
3.28872
0.166045
-0.641155
-0.111314
-171.236
8.52201
-5.8117
-33.1571
0.276364
-1.23881
1.68248
-0.153557
0.198812
1.45312
-0.132189
10.4804
-0.645738
5.54551
0.426893
-0.337769
3.62162
-0.0565145
-29.7858
2.61059
0.919928
1.6091
-0.157458
0.718166
0.229817
-0.629657
0.78048
-16.6619
-0.366588
-1.22054
14.624
0.40736
0.083594
4.16588
-5.70144
1.32168
-0.714216
0.305838
-0.836998
-0.199726
0.930681
-0.972649
-0.16795
27.779
17.8627
-0.390075
14.2957
-0.357184
4.90874
0.0197152
0.452067
-3.29937
-3.8847
3.21956
-0.224194
-0.291128
-2.22958
-2.32645
-1.41745
2.69628
-4.66227
-0.337159
0.91525
-44.3102
-0.465063
-0.917435
-0.604498
-2.15924
0.584121
0.402585
1.1035
5.92475
-1.52423
-0.763734
-0.764013
-1.39928
-0.599761
-0.238519
5.07146
2.88143
0.564141
4.2164
0.171091
2.49181
0.423198
1.78649
1.6845
-28.5075
-1.69465
1.2257
1.10663
17.6133
0.0613822
-1.42929
7.20244
0.315851
0.17236
0.625786
-0.933271
-14.4044
-0.458252
-0.0334368
-0.0653595
-3.54437
-2.87015
0.756936
25.0183
-2.21962
1.39834
-2.76894
-0.801921
0.593817
1.41002
0.825096
1.22794
-1.21099
-0.159452
-0.795609
1.39334
5.18399
-1.3817
5.86898
-0.571167
0.0759985
7.17339
-1.4516
-0.289904
-4.3643
-2.11443
-0.865847
-0.454331
-0.508134
-0.0444928
-0.0684788
0.638997
0.260762
-1.76034
-2.76841
-6.61451
-0.505977
-0.753652
-0.445959
-0.0221086
-0.671345
6.98407
1.24005
0.785538
1.1356
-1.05285
0.460955
7.73466
-1.75278
-0.350843
9.29151
0.300705
-1.16137
-0.88883
-1.80538
-0.024169
-2.19013
-2.16611
2.57398
0.0437106
0.848617
74.7764
0.656279
-14.3465
-1.70906
-5.28187
-0.699882
0.320938
-2.43058
0.164565
0.503035
-0.653991
1.23902
0.270029
-0.257108
0.0843926
0.100877
1.0545
0.538878
-2.05133
0.514635
0.894232
-2.75523
-0.154493
90.0637
0.393655
-0.222179
-1.38781
-2.73187
-1.79081
-0.396446
-2.27818
-0.024498
-0.931219
-0.617028
0.0207385
-0.0978628
-1.1835
-1.2377
-0.180329
3.5737
-0.727612
1.51188
0.475787
0.595548
-7.38432
14.013
2.67656
3.14468e-05
0.61391
2.57215
0.697387
1.12243
-5.13547
1.42623
0.3846
0.254692
-0.888394
-2.46317
-2.42628
-0.273508
3.21994
0.811058
0.395227
0.245851
-2.45074
-1.95999
0.505169
2.07744
-1.05996
-2.08647
0.983232
0.806845
14.4346
1.4529
-0.285625
-1.83775
0.130183
-0.504798
-0.168548
0.119436
-5.56693
3.46397
-0.702443
0.848142
0.329786
-4.65094
-0.623777
-9.14763
0.0673949
0.253612
-0.735859
-0.646923
-0.749883
2.91349
2.02297
-0.0982532
-1.40694
-0.848435
0.628104
1.9974
-2.452
3.17682
-0.483156
0.74096
-0.112195
-2.26115
-0.802038
1.83245
-3.30848
10.3195
284.584
0.871259
-0.777036
-0.174732
-0.444953
0.0124917
0.118992
3.01454
-0.667307
-1.83217
1.06402
4.98565
-0.455726
1.28505
1.2443
-1.34094
1.56312
1.04828
0.388488
-0.904414
1.3484
0.486227
-0.0327218
4.60485
3.04549
-0.0119474
1.57123
-14.9849
1.23131
1.96881
0.22661
-0.629685
-50.9075
0.0269712
0.408752
0.243497
1.91831
2.29203
-0.944102
-9.2397
-1.65409
0.928534
-0.0771627
0.561622
2.29026
-1.68405
1.26333
-0.575958
-0.588995
-2.85324
3.01069
-0.671308
2.27987
-0.638873
-1.10714
0.232934
1.00208
5.06745
8.73348
-5.41556
16.5245
2.21587
0.0301507
-0.465745
-231.829
0.0409553
24.3859
-1.47212
-0.28844
-0.56097
-1.71631
17.3929
-1.3136
-1.17605
-0.904687
-360.476
0.448881
1.02711
0.176353
-1.26458
-0.176248
0.531501
-1.61715
0.319097
-2.37938
2.44608
-1.66379
-0.442151
-4.59004
-0.858887
0.0321451
-7.16155
-0.0390448
-0.101549
-19.51
3.68536
-2.14412
22.2542
6.58493
-2.64979
-0.688745
-0.916797
-3.07942
-0.612093
-0.344787
-1.50868
-0.000928035
-49.9342
-0.0887799
0.528058
1.94095
-0.396677
-1.08897
-0.144852
0.101489
0.547208
1.31568
3.51691
0.904933
-0.596375
-7.39776
-0.288812
1.38524
6.35002
-46.3482
-0.926824
0.0429064
0.114521
-0.709838
-32.589
0.563969
3.83966
2.17379
-0.387374
-0.842956
0.251012
-0.364
13.7313
1.05734
-0.406239
1.48598
-1.11022
2.88466
0.0580788
0.388491
0.275796
-0.595768
0.765304
12.1029
-0.304828
-9.77786
0.247326
0.398763
-0.132318
0.970719
-0.789778
2.0929
8.30868
1.66944
-0.556727
-1.11383
-0.126719
0.360145
1.77431
1.49351
7.97498
0.354055
-2.15498
0.343691
-0.435775
-0.923321
0.495986
-0.246721
-0.240751
0.776604
-0.784912
-2.33081
1.03603
-0.148543
-0.0477818
0.259292
-0.509834
0.681197
-0.524626
0.892271
-0.605102
-6.30745
2.99236
-0.111696
-0.0783191
-3.56715
8.10212
0.0803086
-0.187832
-0.806128
-1.82457
-87.2775
-0.087626
0.398344
0.0717883
-0.743697
0.227651
1.13837
0.643415
2.59791
-8.96628
1.7623
-0.119059
0.834746
1.79057
0.0634631
-1.75409
-0.394742
-1.5929
1.19434
-1.12683
-0.419411
2.31764
-2.00774
0.17225
-0.324217
-0.230639
6.80672
-1.25439
0.0366156
1.08772
-0.476711
1.65691
1.16687
4.01833
-1.07303
-1.80919
6.923
-0.842949
1.89405
-1.62072
0.516281
0.537306
-0.137427
2.53891
1.81334
0.266624
-4.73358
0.94167
1.2263
1.45799
4.46545
0.656194
-0.372081
0.562951
2.08779
4.33976
0.381683
194.463
1.36528
-4.36455
-0.341939
2.69472
6.28171
6.7267
0.25718
84.9352
-0.295597
-2.90469
0.989391
-0.278535
-1.99201
3.59178
-1.55633
-1.14369
3.16009
0.330812
27.5046
-0.0821864
0.341617
0.626428
-4.32779
-1.65037
-4.03192
-1.37405
-2.60481
0.862227
2.29616
0.913984
-6.00451
0.457126
-0.787631
1.51058
3.22631
-2.35606
0.00329265
-1.31347
0.329105
2.45115
-0.555916
-0.720669
-1.34502
0.357767
-1.95488
-1.70152
-1.20114
-73.7449
0.844107
1.00445
-0.194909
3.71051
-1.33679
-0.126675
-0.376199
9.72021
-0.846699
0.467466
0.442221
-0.574086
-1.7108
0.438454
0.786858
3.27459
-1.04737
0.260955
0.0468284
1.13782
5.47052
-0.408323
-657.028
-4.04571
-6.67039
-0.406187
-5.8813
0.0374216
-0.268256
1.62225
-1.50923
-0.54364
-3.4365
-6.86392
1.95237
-0.416019
-9.11339
0.111624
-1.45138
0.281298
-0.318523
37.3001
2.51018
-0.256339
0.253173
-13.2438
-1.56216
2.83767
3.96869
-0.859611
-9.00484
-0.169556
0.424621
0.0606891
0.42027
0.666969
7.06366
0.0834413
1.25045
0.167679
0.963444
1.86144
-1.83255
1.57803
0.326008
0.0792263
-0.0904182
-1.97769
0.0563225
-2.7928
0.240447
-1.36541
-0.335895
0.381748
-1.50865
2.69148
28.7235
-0.574203
-0.0336684
-5.05453
0.115433
3.19772
5.02685
0.607081
-1.58962
-0.536081
0.547335
1.71032
1.26839
1.90851
0.0270206
0.316203
-1.36876
-13.1086
1.71866
-0.322471
0.724683
0.527818
0.732665
3.37227
0.690988
-1.02876
-0.206049
4.19348
3.06028
2.55284
0.59984
-0.412457
-0.165611
2.94178
-0.987262
0.381013
-1.00423
-2.10577
1.5012
0.045178
-0.990549
0.743689
0.0160158
0.897472
-14.0682
0.803227
3.41277
-2.95478
-0.2112
-0.043773
2.43755
-2.15531
-29.7159
0.626857
-0.537694
21.1521
-2.63704
24.1766
-2.22262
8.36919
4.2585
0.676477
0.968956
-0.441207
0.616969
-1.16894
6.02682
-4.50681
0.295011
6.13722
2.66545
0.0270864
0.68171
0.109138
-0.531052
0.930091
-34.7808
0.874784
1.07223
-0.86695
-1.95086
-0.450495
869.838
0.411356
0.75044
1.5833
-1.19864
1.06328
-0.956494
-0.132629
-0.753117
1.15321
-0.80474
0.764778
-0.490528
2.31649
-0.219968
0.369837
-0.712334
0.0337144
-0.346164
1.03187
0.28254
-0.270464
-0.525498
4.24232
-0.447571
-0.137153
-6.94188
6.11179
13.4844
-6.3147
5.42236
-2.29244
0.254971
1.31676
-1.36218
72.282
-0.253907
0.976497
-0.187791
-0.178841
0.82187
-4.16398
0.182441
0.146824
-4.73784
0.103691
-0.207136
-0.243131
-0.812498
-0.334007
-0.338629
-0.38604
-0.693875
4.63929
-1.19539
-8.46885
0.838446
0.952641
23.6177
-1.56349
-9.7054
0.853648
1.21694
0.470485
-2.1982
0.458636
0.032874
-1.09368
-1.82624
-1.04428
1.3822
-0.713187
1.78586
0.381847
7.94313
-17.177
-1.89034
1.34687
-0.996436
-7.10481
-0.253322
-0.466253
0.810453
-0.380823
-1.26267
-0.687986
-0.552909
-0.806639
0.35272
-0.0733944
10.8043
-2.27409
3.79771
0.935195
0.0104914
1.83923
0.0955702
-0.513289
0.377417
-1.75406
-0.40873
-0.915899
-0.329343
-1.31104
-0.226107
1.10618
-14.2235
-2.31477
0.021773
0.11037
-0.937766
-0.0561418
-0.257683
1.86461
0.118972
2.54294
-1.12204
-0.70279
6.04962
-0.910097
0.172329
0.916781
-0.0701358
0.0898411
-5.94826
-0.214439
0.467382
1.12245
-2.29517
-0.747966
-1.54889
0.222155
-1.61108
0.385803
12.5793
4.81719
3.01174
-5.68511
-0.4711
-1.67162
0.992052
-0.728166
-65.6513
-0.574317
-0.923046
-18.3363
0.482115
-0.0525323
1.17507
-0.722855
0.15638
1.78044
1.85688
1.01045
-7.13723
7.06465
-1.07711
11.2005
0.794139
-131.809
1.03233
-0.536382
-0.988998
-2.84784
-1.09755
0.76789
-1.56606
-0.216645
5.24563
-1.28688
1.07474
-3.6164
0.59459
-0.82901
-1.6148
5.99653
-0.347169
-0.102795
-4.19338
0.200391
-0.683524
11.0975
3.09551
-0.583407
-3.40617
-0.466621
-0.04812
1.05004
-10.5671
0.155875
7.13902
2.36679
0.330717
0.0797762
-1.25754
4.9741
-3.32068
-0.638168
0.394081
-0.997405
-0.516052
0.325658
-0.955123
0.428746
2.41189
-0.261709
1.07851
-0.052166
0.648367
-0.483444
-1.48957
94.5102
-0.610076
-2.97452
-2.58501
0.38177
0.454088
-6.17148
0.276543
2.92733
6.65211
-11.258
1.30386
1.30765
20.2482
-0.591252
-0.634503
-0.505612
1.04094
-0.0947724
-0.283762
-1.45012
15.8248
6.66245
0.024792
-8.86835
2.34193
7.85568
2.1474
3.17962
0.431128
0.903351
-2.32345
-0.923695
-0.837228
0.37388
-0.954738
-1.05831
-0.152704
-0.67739
1.0143
11.7852
50.4645
0.507155
-0.479991
-0.536091
2.34184
-3.58973
-0.0999933
0.389877
0.387448
1.20668
8.0019
2.73258
-1.06309
-4.42511
1.02818
-1.78817
1.75662
-1644.16
-0.099075
0.893238
-0.358641
-0.374311
-0.0685349
0.367644
2.88166
5.3539
0.136723
-1.38359
-0.338995
0.164786
0.535589
0.0564011
2.24587
-0.149118
-1.5471
-0.575982
-1.12929
-2.21379
0.916794
0.65838
0.982641
1.6526
-13.6392
0.0150561
0.575272
-207.683
1.68923
-0.301481
1.82349
-0.47836
2.34622
2.6985
0.00487723
25.5185
0.0973228
-0.0198465
-0.8821
-2.34104
1.5619
1.61706
-1.199
2.3879
-0.301435
11.8969
-0.820583
-0.00390897
4.19325
-0.307728
6.73966
4.43797
1.21793
-0.232971
-0.56048
1.00964
-3.83061
-3.32938
-0.350624
-0.683245
-19.6508
-0.579903
-1.36713
0.440634
0.203703
-1.59541
-6.75589
-0.243713
-0.569289
-0.010091
-0.199753
0.122934
1.66768
7.5819
-0.213471
1.83041
-1.5911
-1.10269
-174.659
-0.312584
1.87311
-1.50355
-0.588061
0.600869
-2.61308
-2.55393
0.165063
0.872933
-0.0176889
-0.0121469
-1.44145
0.102045
-0.510401
2.22927
0.53772
-1.57339
-0.908755
1.50596
-1.20935
1.80941
4.27874
1.88861
-2.17089
-94.087
-0.261515
244.217
0.333315
-0.986858
-2.31938
0.123821
-0.179621
0.483506
1.72214
0.527852
-0.84405
0.796929
-0.138781
-0.629416
1.82601
9.71216
0.357912
0.899196
-0.828801
-0.887722
0.0124801
0.327027
1.50498
0.116441
4.61006
-0.435605
-0.683179
1.15109
-0.23349
-0.855359
3.23125
1.10769
0.702129
0.488578
0.84464
0.969801
-3.14098
-0.434245
1.45969
-1.55081
-0.413061
-0.226063
-0.232364
-0.186917
-1.28946
-0.0216586
0.36895
0.627961
1.27902
-0.60381
0.629399
10.8789
0.400412
8.01868
-1.89703
-445.786
2.0534
-0.465588
-15.9823
1.03725
-1.10438
-389.39
-0.253556
1.21376
0.0900766
-20.7447
-2.0587
0.0882994
1.19497
7.90773e-05
2.1939
1.4425
0.21345
-0.775032
-0.398442
10.4346
-3.19312
-0.253852
-0.874127
-0.410863
-0.0138588
-0.419448
0.284283
5.41685
-1.1078
-0.488582
1.79535
0.70049
-0.30971
-0.151438
0.103233
-0.0872851
9.75435
-0.660769
1.24653
0.006354
-0.244333
-0.632776
0.14483
-4.49408
-2.27656
-88.7728
0.519235
5.08748
-1.5323
0.0105924
15.5845
-2.87062
-4.75556
-0.938208
-0.194169
5.0722
0.759162
-0.108463
-0.329011
-0.314071
0.504
0.393784
-2.21974
4.20945
1.61037
17.4766
-0.50307
-0.254442
-0.642049
-2.39756
3.18763
0.203008
11.0915
-95.281
0.268626
-1.43084
-1.89994
-0.589795
-0.572699
0.077974
51.2682
0.116842
-0.342697
3.46322
0.485627
1.27537
5.99095
0.296961
-0.73857
3.29569
1.6172
-3.4277
4.30361
-13.1094
0.855865
-0.253286
2.48959
-1.4035
0.230549
0.915376
0.337675
-0.0789955
-0.156448
-0.2761
-0.503405
-0.552254
1.98957
-2.21381
-2.3291
-29.752
0.426115
0.655644
-0.215392
-58.0123
1.20715
0.258249
0.0289236
-5.4136
-1.4554
-0.758837
-0.715649
9.40438
0.826986
-0.793287
0.455885
-9.37603
-2.07322
-58.441
-1.04076
1.20678
-1.68149
8.14404
0.129496
-2.086
-2.58609
1.44393
-1.39743
-0.4386
-0.444689
0.622136
-0.751422
0.237778
6.86478
0.1875
0.276255
-335.845
0.108375
-0.393265
2.38903
5.30268
-2.04283
0.0584904
-0.505377
0.413156
-0.460936
1.39035
3.68894
-0.0805299
-0.759361
1.72936
-0.267656
-0.435576
-5.1062
3.54955
1.00553
6.10793
-0.761379
-0.817472
0.633954
-1.84032
2.95851
-0.21485
0.881311
