-0.794097
3.43593
-0.349969
-0.464538
3.47979
0.0950839
-1.98551
0.170127
-2.79242
-0.851853
0.281226
-3.93428
-11.4211
-1.22473
-3.43931
2.35911
1.05177
6.05329
-1.7713
-0.134187
0.283811
9.49209
-1.02604
-14.2384
-0.669564
-6.85608
0.517609
-0.827053
0.261924
-1.2459
-1.61094
-0.258035
-0.519379
-0.0442114
-2.17473
0.521828
-1.33978
0.418303
0.874675
-0.0272674
0.200046
-2.53778
-3.15576
-9.26216
0.141167
1.6249
3.88512
0.382521
-0.118538
-0.517094
3.42356
-0.609288
-5.24668
-0.219339
0.480208
-5.13678
-0.771515
-0.99282
-13.6332
0.273422
3.90792
0.0278956
2.06445
0.279898
0.237014
1.5835
0.0365849
-0.208344
0.364096
-2.84002
-1.41686
0.932056
-1.81337
6.35853
-0.580525
-1.09883
-0.785712
-0.240771
12.1187
10.7429
-31.0788
2.75548
0.348295
-2.87488
0.362646
-1.0041
-1.4876
0.916157
0.628731
-0.916718
-0.235258
-0.91545
-0.539175
-0.642588
-0.263786
-0.0828628
2.34272
-0.26947
3.76778
2.18917
-2.33049
-1.16152
22.1271
4.36655
0.0275312
-1.20651
0.146705
1.95887
0.865579
19.9105
-0.165663
-0.396557
-1.01523
0.532521
-0.982023
8.58573
1.12298
-1.36336
-1.00577
-2.69272
3.34932
-1.38016
-3.7125
0.234131
-1.66889
0.0996831
0.696279
-0.351942
2.59203
-0.0730832
1.25982
-0.737714
-0.0624124
-0.994163
1.00066
4.09447
1.13014
-1.21082
-0.612015
-0.178263
3.12466
1.05803
0.250824
1.46605
-0.330502
0.829884
-1.60748
-0.124624
0.343305
-2.08182
-0.0304791
-2.72449
-0.777047
-0.405622
12.9852
2.10632
-0.299139
0.305094
7.57247e-05
2.16134
-0.902344
-1.52339
0.0527208
-0.0464387
-1.14395
-1.54227
0.212716
-1.33365
601.245
-0.245571
-0.506606
3.66891
3.27825
-0.0565117
0.309802
-0.815523
1.42889
-0.845205
-0.134245
-0.376893
18.817
-1.96161
-1.44573
1.18842
-12.0459
16.3712
-1.10158
-0.214481
-200.292
-0.599915
-0.825979
-0.313836
3.77475
7.91369
79.6897
6.1801
0.19814
1.05591
-1.64953
-0.396038
1.32767
-0.848441
-0.778929
-1.6886
1.33937
-0.113058
2.78111
-4.69304
0.00318584
-2.31301
-1.50464
-2.71356
0.452619
1.59285
-0.442311
-3.75852
-0.420797
-1.30925
-2.61138
-0.779818
-0.803538
-0.571628
0.0901241
0.248652
-1.28112
-0.252785
-442.868
0.485812
-0.275234
-3.27671
1.24616
-0.444501
-2.97594
0.42208
-0.966331
3.7937
-1.33215
-1.01818
-4.14659
0.522644
2.22989
4.36288
2.74938
0.113558
-0.179315
4.79646
-3.27819
-0.884523
-0.134735
-0.0569795
4.38812
0.841787
-3.52564
21.8921
-0.102464
0.581728
-3.70069
0.667065
0.817556
-1.71599
11.0231
-1.27673
2.35787
-0.0701009
-3.20051
-0.929678
-0.41692
-0.498424
-16.4827
0.616179
0.269698
-0.344574
1.50944
-0.937456
-1.185
-7.97119
1.6975
-0.647996
6.1524
1.46074
-0.961937
-0.273155
-0.951527
34.7074
0.421834
-0.705163
0.0870579
0.20402
-10.4482
-0.230111
-0.303626
0.933642
-1.24132
-1.4005
5.24838
0.649214
-17.3682
0.0783603
0.658799
-5.94093
1.06313
0.0894494
1.02179
-0.0332295
-1.63911
-2.46007
0.746252
-0.98499
1.05736
36.9315
-0.77436
25.2879
-0.24622
-5.80328
-0.0871926
-0.176093
0.0813842
-0.115755
-5.33415
-0.304089
2.91259
-0.36677
0.290291
-0.853908
-0.394587
-0.51855
-1.79166
-0.636714
0.0657342
0.680586
13.8246
0.469782
-0.611199
-0.00384831
0.109338
4.52389
10.6367
-5.02628
14.7182
1.35814
1.9132
0.128809
-2.42109
2.04231
-0.301653
45.9546
2.15418
0.920193
-35.2648
2.70997
0.806956
0.118026
-1.6549
-92.3278
0.635907
-0.0101729
1.98522
-0.274517
0.319534
-0.757786
0.566206
0.230472
-1.04443
1.24647
-2.37553
-10.0214
-7.4617
1.33002
0.905678
-1.01629
-0.832505
-1.70202
-0.93001
4.05322
26.0049
-0.796948
7.44544
0.668908
-0.121493
-0.712856
0.267344
-0.995433
0.331469
2.38756
-1.30178
0.376658
2.04099
1.2612
-1.91364
-1.73835
1.19176
1.46707
0.852764
-2.88151
-3.31796
-1.06953
-10.6943
-0.765666
-1.66158
1.74128
0.695322
-2.6614
0.673821
-0.657103
-0.298249
0.0121649
0.774201
5.08048
-0.0786485
0.584702
-0.768146
0.0876781
3.45856
-0.388399
0.819114
-0.321617
4.18093
0.596854
-0.160603
1.07087
-0.140056
-0.547065
0.0406831
0.840675
0.419605
-0.0380668
301.432
-0.262806
1.55435
4.44191
1.26203
-6.26814
-2.19086
0.704066
-2.72866
0.420384
0.0566817
-2.121
-0.603471
-1.15324
-0.624839
-1.66205
-0.407064
-14.793
-3574.61
-13.9853
-0.249606
1.47549
-0.545907
1.66774
2.84387
0.143554
-0.396841
1.07276
0.143669
1.55343
-3.09769
-1.23401
-0.817655
-0.355115
0.875696
1.33662
-19.5863
-0.689742
-2.32457
-0.0144483
9.5423
-12.773
-1.78451
2.65901
0.144199
3.29804
0.613456
-0.378495
-13.2761
6.5361
0.305838
3.86725
0.242339
0.79371
-0.300709
0.190063
56.4033
-0.838344
-3.15032
139.562
-0.642925
0.761069
-0.0330157
-1.13915
-0.933275
-0.232306
-3.39304
26.0029
-1.40443
-0.788524
-1.39498
-0.84875
-0.554133
1.92352
0.511313
1.18797
0.516973
-0.104776
0.0417829
0.494375
-1.3723
1.72888
-0.817438
-0.176355
0.0406091
-0.860393
2.90237
-3.89554
0.599919
0.358097
-0.401046
1.3104
0.418685
-0.553147
-0.553077
-0.511332
-0.0492526
0.680624
1.92475
0.873342
0.670574
-2.97864
-2.34126
1.63713
-2.6375
0.485086
0.986037
-0.0552472
-0.260137
-0.31261
0.469012
0.175422
0.120517
-0.391043
-0.443606
0.186861
-1.15806
-0.186589
-0.313729
1.05637
-16.4038
-2.39083
3.82554
-20.1961
24.0487
-1.24111
0.430981
-0.325474
0.817795
-1.7987
-8.43431
-0.477728
18.0152
-1.09911
-0.097539
-1.09347
-1.17263
-2.57112
-0.552541
-4.80511
0.829617
5.84752
-0.358574
-0.572734
-0.9859
1.4153
-23.8953
-3.94652
-8.58715
3.16888
1.44284
56.359
1.22823
-1.10611
2.08796
2.03659
0.262804
-0.423383
-2.20077
-2.15274
-0.869603
0.626311
-1.48744
-1.74371
0.688397
-0.727367
-0.778033
-3.28598
2.15072
-12.6428
-1.25133
-1.98971
1.90213
-1.66651
0.261652
-0.147834
1.07279
1.90179
-1.57332
-0.396728
1.45484
-1.64746
-1.6803
0.783742
0.104711
0.515668
4.44696
-0.915938
0.318026
3.35821
-4.42349
-0.70878
-0.565124
-0.204776
1.93029
-154.134
0.84999
-1.53815
1.51009
-2.79584
-0.959948
0.395291
48.9252
-0.904401
0.11482
1.10574
3.98023
0.607332
-1.22432
-0.291665
-0.293358
-0.0672971
0.943032
0.215231
-2.86501
-8.13001
9.4771
0.795433
0.193861
0.194717
9.74946
-7.26677
-0.62212
-1.68366
2.67008
-2.65903
1.41143
0.564683
0.454981
-1.31732
-16.0721
-0.444083
0.105164
6.29951
0.0563308
1.18625
0.78114
-5.25462
0.528053
0.233148
-0.258151
1.11925
-0.949906
0.884329
-0.0851103
-1.78299
-3.42973
6.65019
1.48419
-0.793546
5.39883
1.71614
-1.27383
0.715542
1.14897
-1.83288
-0.0931651
2.44627
0.460377
5.04698
0.794609
-2.416
-0.72744
-4.85628
1.00685
-2.83887
-13.4984
0.641284
3.91027
-8.93658
-1.30561
-0.0843015
10.4487
4.34646
-1.96384
-0.279878
-0.391248
-12.2711
0.700957
-3.4691
-0.746288
0.271457
-15.16
-0.670055
-0.586941
4.69481
2.4943
-1.39586
0.289546
0.883816
-1.33943
-0.0921197
1.45272
-1.74558
-1.19929
-0.181829
-0.08764
-2.2929
-0.427934
-0.998631
-1.26036
1.52173
-0.135954
0.0325231
-0.926728
0.837926
0.27468
-1.77228
-0.810107
-6.39311
-0.717241
-0.440947
-0.719115
3.58678
2.55061
0.632508
-1.2992
-34.0748
-2.19561
3.19537
-13.4539
-3.21839
-8.22934
0.104911
-0.600816
1.55638
-0.933145
5.28021
-12.7672
-1.87873
2.19513
-0.705545
-3.74447
-1.05842
-1.878
-0.147699
-1.03433
-0.0170185
-1.00944
0.334643
0.471992
-0.316997
0.668448
0.240441
-0.347069
0.574736
3.66663
-1.12298
0.305239
0.484029
-1.65663
2.4534
-2.11543
-0.432243
0.252689
2.24411
-1.12042
0.843555
-0.287919
3.12316
-0.330048
-1.65457
1.72284
-0.234801
0.977214
2.64138
-12.8366
-6.98248
-0.00394457
0.176611
3.33962
-0.221388
0.881674
-3.22314
0.226028
-7.57764
-0.531672
1.26989
2.5591
-2.81352
-1.01599
0.114246
-1.79261
1.46992
0.995002
-1.69504
-2.57374
1.53246
0.80402
-1.5522
-4.27218
-74.9619
0.294406
-2.26447
0.270592
-0.155243
3.72042
-1.25901
1.50317
-2.74933
-1.07873
-6.56987
-3.3029
-0.326929
-0.302231
0.0325137
-3.82691
-0.483547
0.198832
3.06687
0.286149
-16.9686
73.6234
-1.08942
0.612632
-3.26537
0.520622
-0.246175
1.12142
-3.58505
0.148715
-3.01859
-0.311971
0.666202
-0.0919948
0.30753
3.32155
-0.013311
-0.495963
-0.905667
1.05913
4.64047
31.613
14.3071
-16.0983
-1.555
3.44836
1.5733
-0.893717
-0.763765
1.08177
1.58943
-0.243271
0.446101
1.46486
2.70707
0.9946
0.918404
-0.610648
-1.54846
-8.75157
-0.361289
-0.192357
-2.045
-1.36079
0.704104
-1.15815
0.994291
-0.333596
-2.1318
-0.189794
1.34427
-2.34605
-0.313628
0.240561
-38.0731
-0.21871
-2.18151
-0.185967
-3.41227
0.092141
-1.384
0.919983
-1.20259
-5.94217
0.0898478
0.168981
-0.726951
1.16893
0.425349
-0.0684012
0.222152
0.523565
0.421653
-23.8023
-0.386696
0.137809
-11.1272
-1.23676
-3.10542
-63.338
-3.15604
0.767617
-1.40599
0.126771
1.36461
0.0789994
-1.17417
-0.903789
13.2372
-3.03673
-24.376
1.69102
-0.241105
2.38507
-1.02799
13.3022
-28.2452
-1.55749
-0.418855
1.49494
3.03764
0.937588
0.576212
-1.34213
0.0537408
-1.92082
4.13406
-0.518675
-2.26928
-0.0797432
0.00171328
-0.0544539
0.387224
0.833634
-0.0576031
-2.8857
41.3082
2.41413
1.70826
0.751354
0.193237
8.33401
0.853719
0.318618
8.45701
2.61192
2.07015
-3.59941
1.54693
0.718558
-0.380898
0.0401192
-0.753967
-0.320423
-0.0619454
-0.401916
4.11819
3.37436
0.742162
-0.888921
1.54869
-3.44131
-0.00781732
0.346474
0.76158
-1.10237
1.29059
0.497277
1.82134
0.771471
1.08335
1.76042
0.996382
-0.28626
16.4605
10.8882
-0.383155
-0.87289
-0.541001
2.91349
-0.19424
-2.84584
-0.214561
-1.7802
-2.2534
-0.0450902
-0.395731
5.13123
-21.6358
-5.0028
-0.897349
8.73915
1.1711
0.558279
1.54579
0.395556
1.19178
1.55727
-0.939508
-0.685428
-4.14299
-2.18775
1.02361
5.37021
0.889073
0.320387
-0.287726
-0.270312
-0.707568
1.00767
0.15979
-3.67381
0.733509
-0.074898
0.0286593
-1.90196
12.8318
179.613
0.643271
6.31146
1.30721
-0.106287
0.0195703
-0.459342
-0.30139
0.599784
5.5439
0.209618
-0.197449
-2.12356
-0.0643041
17.9174
3.1745
1.08454
-0.324585
0.0827091
0.77881
-0.15153
0.548286
-0.211983
-0.560977
2.31064
-2.80968
-0.985236
3.08864
0.812014
0.28993
-0.101933
-0.320522
40.154
-0.322429
-0.579791
2.10179
0.57292
-0.0752912
0.660296
-0.934617
-0.337302
1.28739
0.525359
-0.470403
-1.39652
-2.05
0.0735952
4.55272
1.41366
-10.1851
-1.53223
-0.229095
0.131755
-1.25357
-0.615437
7.31371
3.79729
0.246355
-15.9458
1.37075
-1.82373
1.63027
4.34982
0.81306
252.949
1.08011
-1.28869
0.0671235
0.188643
0.0182328
-0.480961
1.21554
0.10329
0.130955
-1.20523
1.02927
2.68506
0.773409
-0.318047
0.139266
0.47682
0.00293457
0.50547
0.5211
2.92786
0.507209
-1.67523
0.126703
-3.33395
1.34912
0.204355
0.898126
-0.562126
-0.749988
2.85869
0.562573
0.816963
4.69992
-1.99264
-1.96057
-0.309688
0.409086
4.53486
-0.213079
0.126499
-1.37755
0.341217
-1.06152
-0.0494646
1.94463
-1.65682
-0.121501
-0.247677
0.242025
-0.597001
-1.5004
-1.86683
4.78298
-9.6512
-5.89814
-0.239746
5.72619
9.77545
-0.396791
4.14254
1.22845
2.19639
0.4659
-1.0121
0.882722
13.4297
21.9455
-0.184442
-1.73035
4.07491
0.965481
-0.275418
1.8534
0.327153
0.579475
0.164289
10.6104
-4.60076
-0.0616437
-0.962511
-1.29746
2.52759
1.80993
-4.67591
-0.142873
-1.79495
2.19868
2.49414
-0.634511
-0.497091
-0.32709
3.39002
0.726371
-0.299299
-3.0084
1.22332
-1.99272
-0.0333245
-0.957707
0.739197
-2.04021
2.26555
58.8812
-1.31589
3.77845
2.13011
-1.45606
52.0864
2.49695
-0.131479
0.372684
0.282486
-0.367044
2.07982
-1.78713
4.97964
-2.1317
13.3958
0.0850602
-13.5125
-0.605999
3.43035
0.275534
1.67469
-5.90006
-0.438529
-1.6948
-0.952488
-2.09739
-0.677052
3.53024
4.24111
-0.688561
-0.302223
-4.99844
-6.11878
0.291914
0.191171
0.309239
0.631883
0.0995385
-3.70185
-0.656878
1.1707
-0.508274
-1.60973
-0.886398
1.3678
0.976938
-0.2831
-5.86136
-0.85746
161.493
-2.96812
-0.693278
-82.8575
-1.67642
0.222261
3.94846
-64.8565
-2.4296
-0.100694
0.0494951
-0.679065
1.06027
-1.36743
-1.05035
-0.560537
-3.26296
0.030852
0.0742849
1.89896
1.06801
0.222428
1.97946
-10.2134
-0.08595
-0.201278
2.45554
-4.73914
-0.479593
-0.536149
1.59655
0.464675
1.25913
0.929096
0.487549
0.196036
0.777245
12.6531
-5.83076
-0.54294
2.03893
2.16509
0.548816
-0.203643
3.97481
1.31257
0.512947
1.88191
0.153446
0.910921
-4.57588
-0.656692
1.00384
1.43118
2.18965
5.86222
0.214074
0.430877
3.69416
0.623911
-0.360082
0.368935
1.28309
2.86082
-0.28028
4.92435
16.931
1.97693
-0.430652
5.32359
-25.7671
-0.293564
-3.66409
-0.137895
6.28792
-2.44244
-0.309266
-0.159423
-1.58082
-0.221501
-1.6384
-0.668697
23.7944
2.11638
0.394048
-0.359414
0.485553
1.86393
-8.09632
1.32396
-0.508604
0.337532
0.0352204
-2.16375
14.2427
-0.601394
1.60213
1.69015
0.861332
6.74321
0.806308
-1.21666
5.43023
-13.63
-2.61373
0.000772817
14.6561
0.405268
-0.376833
-0.417631
-5.04969
0.731897
0.0220538
-1.53593
1.18104
-0.0816587
5.61711
2.28562
-0.131207
-1.54338
-0.137683
-1.24886
-2.84014
-0.318479
-1.57215
466.147
-0.269761
22.5488
-79.5476
2.57549
0.271292
2.11461
-0.386381
-0.161344
2.82903
0.821546
-6.22378
0.428293
1.50759
0.0851939
3.8178
12.9689
-0.87103
0.924861
2.77627
-14.7059
0.548725
-1.89875
-4.16333
-0.362231
2.8592
0.310576
-0.297314
-3.20412
2.5739
-0.910076
-1.12019
-1.38211
-0.835154
0.293393
-2.81503
-5.25779
0.380365
-0.150481
4.22948
-1.98781
0.791117
-2.61522
0.375075
169.727
71.1115
1.8722
-0.799039
2.57272
-1.70287
0.869536
-1.50861
0.400436
-0.47038
1.4926
0.571273
1.18087
0.653669
-1.38256
11.6238
-0.623571
1.15986
0.659198
0.880912
11.8178
0.897609
0.882048
-0.0188487
1.13165
-0.804433
-1.55285
0.555947
38.2757
-0.306928
4.45784
-1.40471
1.1993
-3.20179
-0.774882
-2.7197
0.412207
-0.573065
-0.178711
-0.0797953
-3.14597
-48.0004
0.205402
-0.0488768
2.8854
0.17943
48.2302
0.0601609
4.18787
0.0980926
108.913
-1.38825
-1.29244
0.719577
1.475
10.8228
1.48763
5.98712
1.22486
-2.3084
1.02142
6.39361
-0.198969
-1.6189
0.407288
-3.22601
-0.69669
0.514404
2.30452
7.55942
-0.396718
1.49722
0.0496645
0.581726
1.35856
-1.3464
-2.31418
-0.326355
-1.27862
-0.540257
-2.0708
-0.65418
-8.51666
2.25367
1.32584
60.5838
4.21169
0.333308
1.67889
0.803984
0.437655
-0.0140424
7.85272
-15.6394
-2.27512
-0.655196
-1.95232
0.390133
-3.46456
-2.19314
-8.16856
1.7706
1.0821
-0.531037
-1.80056
-10.6012
1.24266
0.657474
6.60122
-0.972756
0.568402
-0.295069
1.82426
2.72787
-1.91566
0.0747233
-2.8468
0.819659
0.608778
-0.423559
0.30863
10.6088
3.01524
-1.1314
-0.547221
14.2702
-6.16109
-1.0967
-0.14046
3.53071
-0.374684
0.0493052
18.896
0.693796
0.582425
-3.25754
-1.98377
0.436071
4.2315
10.6199
-1.64133
-1.35644
-0.478213
-0.209205
1.96917
-0.431041
-660.561
-3.70052
-2.9821
0.362234
-0.413797
-0.88025
0.96972
-3.72813
0.627569
-0.601698
1.4504
0.957954
0.00439427
-0.772506
-0.660727
-0.271744
-0.0022979
-1.2627
0.532427
-1.37119
-0.618406
-1.7672
-2.56684
0.138511
3.37426
-0.114477
-16.6145
0.570727
-0.187503
-0.627646
-1.98457
-0.848455
1.76949
-1.25892
-0.563969
-6.54887
-3.27777
-0.026577
0.784875
-0.544001
4.0639
2.53015
1.38563
3.47014
0.773682
-0.852793
24.9516
0.984503
5.64653
-1.78063
-0.321487
3.93386
0.913431
0.0998518
2.55414
-9.02692
2.21938
-0.6042
-0.608682
-0.254142
0.14985
1.83961
1.43478
-0.867717
-0.342421
-280.962
0.491223
0.659623
2.17349
0.0834073
1.01152
0.493586
-0.0464404
24.4143
-0.405013
0.128966
-0.599924
-6.99714
2.44075
4.41006
-15.0661
-0.0774374
-9.02152
-5.72212
0.797752
-1.06564
-2.39237
-0.481298
-0.827932
-3.44864
-1.71403
-0.111135
-0.790208
0.509948
0.711753
1.26111
0.851388
2.37549
-1.53176
0.653982
-1.11269
0.994345
0.381204
-2.08822
1.81479
3.85735
-0.28498
-0.176778
-0.711849
-3.83481
0.106635
0.270378
0.00596433
3.02955
-9.02573
3.19527
0.0719904
5.7218
0.0916691
0.334408
-1.5143
-4.17455
-1.23509
0.0705987
0.0433064
1.50003
-2.0977
-2.99562
1.39532
0.744628
-1.66665
0.105201
-23.952
0.886882
0.006809
-0.0884396
-1.27248
2.52833
2.72257
-0.267178
0.0256666
0.920886
3.24002
0.134176
0.549475
0.166335
-0.190978
4.04603
-0.773606
0.712588
2.65961
-1.84229
1.48216
-2.36854
0.98144
0.784257
0.868733
0.429693
3.45028
-0.745253
2.28954
9.48584
-27.3467
-3.47568
-1.80309
-0.227409
-2.70279
-0.286553
10.7547
-0.376094
-2.96989
0.48151
4.16389
2.69148
-1.03668
-0.58916
0.0728177
-4.66936
-0.453479
-0.0361035
-1.5076
3.11052
-0.311263
-2.4183
-0.478154
0.154834
1.38299
-0.130253
2.76041
2.98568
0.169447
0.12713
0.375524
-0.523124
0.614932
-1.03865
0.355514
20.2882
0.722101
7.51644
-0.624921
0.285507
-0.445841
-0.437192
15.0536
-116.888
-0.018677
0.818821
2.83407
-1.64648
5.93315
0.906292
-0.0861292
11.2
-0.526276
-4.27595
-2.16101
-1.06247
-2.58539
3.71169
2.79191
1.63869
21.4675
-17.8235
-23.5918
-1.07322
2.06684
1.75674
0.823298
0.109532
-0.444834
-1.13144
-2.3366
-0.509588
0.054677
0.831248
-1.13368
0.286586
-0.579885
-1.17317
-2.04251
1.53467
7.33936
-0.089217
8.51596
0.205036
0.55219
-1.70559
0.720387
5.35092
0.397369
-6.45376
-1.02961
-1.95399
-0.5712
0.223088
3.40434
-1.04166
2.90486
0.308509
4.35351
2.23144
-0.149995
-0.0338099
0.291228
0.129777
0.904817
-0.442838
-1.9806
-0.499471
-0.625157
0.10588
0.965113
2.67937
-3.00729
0.703399
-5.00368
-0.892196
0.320311
-0.365798
-10.8521
0.116309
3.2034
3.86966
1.79375
1.04589
-0.807265
1.45308
-0.0769577
-0.182877
1.21835
-31.6455
-0.422755
-4.5422
-3.03665
0.718251
0.176541
-0.397887
0.254956
-0.812056
-2.46194
7.50372
0.953805
-0.371179
-0.373386
-0.319758
0.282527
-25.7245
-1.05521
26.7575
0.454307
0.107669
-1.57457
-8.84148
-1.56034
0.0862613
20.5635
-1.65214
-0.459323
-0.287714
-10.321
-3.23726
-19.0569
0.312713
5.79559
1.49931
-16.8764
-23.2799
-0.45367
-33.8911
0.269227
0.688501
-0.269471
-2.21144
4.18467
-3.53395
-1.19609
-1.28043
0.390916
-2.79749
-6.12921
12.911
0.603692
-0.85043
8.05705
0.731954
3.82233
-0.965643
-0.134409
-2.71168
1.13308
-0.585664
-1.05381
0.481618
2.7132
-0.169094
0.900522
0.934288
4.11156
-2.78831
2.0377
-0.968532
-0.788519
1.51606
12.7789
0.188471
-1.64638
-0.638612
-0.0227608
-0.221822
1.13074
-2.81441
-1.62792
-1.42021
0.194042
0.28313
-0.957926
-6.76199
-1.01674
4.32882
-0.80506
-0.386947
2.52604
-1.81278
-2.95944
-0.216949
0.869219
0.0614307
-2.00739
-11.2831
0.0761939
1.0521
0.63809
-0.823559
1.06179
-1.90245
-0.0929243
0.636411
-0.391385
-1.41386
-1.09587
-0.475171
-0.656845
11.9674
-0.289238
-3.98426
-1.55993
-0.0808077
0.320139
-0.443164
-0.00442721
0.0311376
8.01207
-0.586122
-0.0680812
-0.127007
-1.24213
4.5689
0.0248628
-0.460528
1.11751
-0.265792
1.04685
-1.52168
0.78904
-0.425725
2.8396
0.80059
-1.71666
-0.00224733
0.00940483
5.43132
0.400932
-137.745
0.779742
-0.319091
2.47449
1.62025
-9.71447
2.67431
36.7528
1.04646
-0.359073
-1.49094
-1.32238
3.10725
1.07396
0.114179
2.63551
-0.127451
-0.308713
-1.77695
-0.454329
0.68946
7.62379
-0.679652
2.41743
26.1723
17.1141
-2.92201
0.690338
-0.95545
-0.489436
0.911139
3.29604
0.00752312
3.36196
-0.323965
92.706
0.557752
-1.10175
-0.393054
-0.178917
-6.04288
-1.56418
0.716915
-0.264052
0.818751
0.567552
-0.0473297
-0.877858
37.2994
1.53732
0.940479
0.0188827
2.99231
-0.924373
-0.330324
-0.513033
-1.74217
-0.945569
-0.839364
0.248691
0.623731
-0.0787151
2.84886
0.966912
-1.94491
-2.74346
-0.0490492
3.44884
-4.31281
-0.698249
-0.871421
3.30708
0.365968
-0.482129
-2.28247
4.08139
-0.808935
2.20933
-5.99662
-1.38465
0.469493
60.2767
5.64212
-1.74955
1.30291
-1.30381
1.02241
0.542694
-6.48185
1.81966
-1.36802
-1.0561
-0.606485
0.271244
-1.16386
-66.7761
17.896
-0.337455
-0.654656
5.33372
-1.4071
-0.102407
-0.272202
0.668764
1.13722
-12.8907
-0.0141531
0.64761
-0.818059
-12.8775
1.68503
2.41502
-0.848836
-0.490905
18.0699
-0.139674
1.59296
-0.454147
3.17261
0.347871
-2.73966
8.20934
0.217519
0.499844
0.562192
-1.06721
0.156882
-1.92825
0.491998
-0.651273
0.967287
-1.65826
-0.727188
1.62872
2.91106
-0.801021
0.211433
1.31203
-0.847213
-0.0925059
-0.442126
0.711421
0.125494
-1.14434
-1.05433
-0.322761
-0.407083
-2.26594
0.131923
-1.77711
-1.30043
-1.78408
-0.740516
-0.6942
1.03597
4.42133
87.8755
0.594241
0.243682
-0.447661
-0.418806
-0.221003
0.701615
0.00364103
-0.0911346
-0.00408035
18.1122
-5.97227
0.360083
4.80944
26.4871
-0.697329
0.462747
-5.12344
-1.55557
-0.265928
-0.573381
-0.825797
-0.790399
-0.644768
-0.771035
-1.17693
-2.99548
0.154612
-0.304665
1.50882
-6.43778
343.704
-3.78383
-0.244515
0.443608
1.25515
2.36334
-3.2244
-1.26019
-0.191704
-2.25897
8.34491
-1.25543
-4.83733
-0.995263
-0.68086
1.64885
0.0880258
-1.28587
-0.313732
-0.43829
64.5771
-0.553059
0.172564
-58.4055
0.591836
-1.91428
2.56301
-3.72834
-2.41989
-0.206682
-0.720955
-0.668504
-0.798998
1.45486
-1.38679
0.266903
0.00422948
-0.330472
-1.99391
-0.659994
-0.663053
-2.91302
-1.23788
-0.523645
-3.57779
0.349725
0.782693
0.0851049
10.8074
0.292427
19.8693
1.58905
0.058761
-0.978743
1.01219
2.36433
-4.48498
0.480104
0.258197
1.19741
1.665
0.508191
-0.0206467
-3.19169
5.49723
0.882747
-0.649644
0.275511
0.606885
-1.50168
-2.07304
0.337966
-0.151917
-0.122279
1.20607
1.23272
2.1242
44.5663
-0.212658
-0.53813
1.56763
2.2496
-0.238166
-0.923588
26.9626
0.179993
0.846995
-1.12886
0.00985295
1.57299
-7.08058
6.39347
-34.8796
-176.178
-0.219052
-0.283703
0.861185
1.25088
6.45885
46.8841
-2.09033
-1.05924
0.0985817
1.47639
0.448284
0.50579
-1.11771
1.75317
0.365024
-0.283781
-1.20891
0.270816
-1.22138
0.524516
-1.45215
-3.19536
0.0968562
10.9042
0.740766
-0.310642
-3.38444
-1.41593
0.0680512
0.333532
-0.735939
2.82493
-5.69305
3.96247
5.82313
-2.46862
0.113988
-12.2644
18.7305
-0.774154
-1.61201
-3.24746
1.21801
-2.43738
-8.00512
-0.593666
-0.830288
-0.293118
0.166831
-0.0306851
-1.1721
-0.391473
-7.6296
-8.9714
-0.194706
2.10616
0.143826
2.35612
-3.00684
0.46232
-4.34222
-0.369004
-5.41305
-7.74629
0.0811111
1.01431
-0.530065
-17.199
-0.114707
-0.905633
-2.17321
4.30261
-0.419877
-0.135019
1.37135
2.91329
1.38191
2.20547
-0.059187
-1.04774
10.1646
0.124296
-1.29642
0.887866
-4.76617
-1.81288
0.704851
2.37319
1.53287
-0.430119
-0.525081
-1.01568
-0.557079
-6.1258
2.63459
0.0187966
0.937527
0.144006
4.46758
-3.14998
0.288433
0.147122
1.27547
-0.31368
-0.975995
-7.84093
-1.86698
1.19674
0.606734
-0.0519183
0.870254
-1.28105
0.922824
-2.42346
-0.253724
0.503055
-1.36323
-1.03712
-0.0354811
0.0230961
-0.325585
-0.578435
-1.29187
-0.770025
-7.64235
0.622854
-1.67024
2.21363
-24.0802
1.28082
16.0437
-3.55258
9.35336
-1.40722
-1.42079
-0.396762
-1.10926
-2.47165
0.0399977
0.0963819
-0.288973
-0.213959
-37.5242
0.443117
15.1505
-0.613982
-0.216443
0.82218
0.77739
5.00529
-1.29767
-0.0333985
-0.341386
-0.710719
-2.38699
0.53357
-0.391836
-28.9121
-0.532447
0.24969
-0.523291
-0.0654935
-0.423133
0.25334
0.757364
-0.446387
0.695603
-0.842136
-0.811766
-3.43464
0.585903
-2.76214
-2.15002
-4.38333
-0.432424
0.5181
0.726327
1.27867
0.36137
-1.49149
5.31401
2.93244
6.59504
-2.34609
-0.321131
-1.70206
2.89992
0.574359
0.925272
-3.77531
2.42889
-0.68938
0.484422
-2.4115
1.71745
-2.50809
0.181194
-0.854585
-0.181159
-0.0984016
0.35383
0.110072
0.0134433
-1.55348
28.9347
0.671292
-0.579023
-0.0371262
-0.161252
0.339244
-0.324556
-2.59409
-0.686686
2.92395
-0.656998
0.490208
1.53487
-0.514766
-0.458835
0.17852
-2.63928
-0.837293
1.67187
-0.255363
-0.588812
-0.534975
0.00981058
-0.292476
2.42331
-2.67836
0.825045
-0.232237
-0.673382
2.65884
-0.36615
-11.2506
0.257325
0.195784
0.184818
0.149196
0.388322
1.46994
1.50711
0.301536
-0.0891818
1.94001
0.727473
-0.431518
-0.679584
0.223752
-2.57596
-0.278204
-3.10718
-0.397078
-0.3361
0.519319
1.26735
0.434265
-1.89284
0.801204
-1.36793
79.7143
2.86378
-3.78725
-1.47487
-0.256928
0.540233
1.75952
-0.0433196
-0.538838
-1.30985
0.0800598
0.505301
7.43302
-4.05977
1.76922
0.986449
1.23911
-1.02924
-0.908816
-1.36145
-1.78931
-1.62941
6.27349
0.17647
1.1327
8.64168
-0.215902
-0.190854
0.181588
-0.560451
2.27104
-1.35172
-17.6418
1.65472
4.44478
-2.96442
0.940563
1.53239
1.95835
-0.657528
2.26451
-0.589685
-5.94273
-0.107983
-0.745961
2.63273
-0.472558
-0.369235
-1.59449
-0.329437
-0.970777
0.472552
-0.490504
-0.303499
-0.763766
-1.30864
-3.93569
-0.191672
2.43505
1.81246
-1.04378
2.82876
0.866886
0.177458
0.793104
1.58093
0.369456
1.05108
0.198076
-2.70861
-0.152093
-2.53414
-2.76874
8.70045
5.75654
-4.53578
0.388672
0.519946
-1.08215
1.43149
-0.128429
-1.8202
0.611253
3.23216
-0.518998
-0.175034
0.27413
5.27981
-0.26847
0.427412
-0.817953
-1.93321
-1.99309
-8.27318
-0.194505
-0.341709
-0.0254692
-40.4408
-0.102314
-0.0184204
-1.53806
0.471195
-0.0631611
0.652956
-1.14984
0.32878
-13.0197
6.31485
1.95046
-15.7178
0.780387
-0.0752153
-0.113761
2.59579
1.2648
1.3637
2.40349
0.516885
-0.361919
-0.729385
1.31962
-0.304265
-0.824
0.648745
-0.9689
1.17506
0.992824
0.399936
-1.29369
1.39427
-1.20107
-1.43331
19.8815
7.88865
-2.53124
0.335326
-2.79299
-0.0415417
-0.201218
0.507276
35.9947
0.648671
0.278321
1.53952
1.38179
1.44335
-41.7986
0.0514089
-0.29662
-30.3852
0.339
-3.14467
3.65379
-0.1152
0.0229305
-0.0280508
1.35727
0.716138
0.424345
-0.232058
-0.653027
0.307811
0.589087
0.351101
3.72953
-0.929219
2.04829
1.19262
-1.16087
1.28125
1.1203
4.298
-0.292742
0.815993
-1.25838
0.797216
0.385307
-31.5846
1.26293
-0.790753
-1.01685
0.196845
0.48147
-0.57608
3.68137
1.80846
-1.14894
0.98805
-4.08087
-1.06016
0.866138
-1.9131
0.0824817
3.71741
-2.45524
3.76841
-0.230765
2.56742
0.336533
-1.32203
1.00079
0.0339607
0.181971
-0.446102
0.482111
0.11709
-5.59324
-1.59312
0.510517
-0.791733
-0.802882
-2.28712
0.704487
1.73932
-6.20058
0.429205
-2.29564
-0.805989
-3.3756
0.535786
56.6524
-0.047499
1.38673
0.238489
0.821446
-9.27258
1.82131
16.598
1.03306
-0.785378
-0.0360093
1.62478
-0.479268
3.84684
1.41444
0.725453
7.3396
4.47284
-0.331418
-0.662399
-4.32953
0.79111
-3.8788
-0.173285
-0.204643
2.88776
-0.613432
0.493135
0.200731
-0.338906
-2.97581
0.068901
-3.26681
0.0533399
0.62459
12.2075
-5.9
-0.184503
0.432797
-1.47501
2.60138
-0.307256
-1.67478
-4.36795
3.05766
0.169092
0.812801
-4.6953
-1.41331
0.468657
-1.63843
-0.0947411
0.166491
0.102569
-0.0815667
-0.166643
0.207564
1.63016
-0.572005
-0.339316
0.458349
0.0466732
-3.91188
0.0284936
-1.36667
2.89782
12.097
-0.239122
0.95276
0.162261
0.082376
0.25795
1.18953
0.297295
-0.161887
0.814519
-0.270418
0.00862883
-0.0246157
-0.583362
-20.2481
4.2569
-20.8553
0.288523
-0.19465
-134.561
-3.32922
0.0515607
0.379112
-1.03557
-0.633485
0.668063
-1.81606
-5.39162
0.297035
3.16568
-0.136314
0.562575
-1.4937
16.669
-2.32076
0.255097
2.24667
4.46966
2.45731
-22.2337
0.79519
-0.161433
2.8757
-1.95319
-0.980381
1.97779
-0.019833
-0.936043
0.608681
-0.0782421
-0.0911451
-16.3359
0.573045
0.22657
-1.17237
-9.33935
43.947
-4.52435
0.209563
-1.41832
0.157221
1.77276
6.59464
-1.619
-0.334318
-30.041
-1.21189
0.39995
-1.23175
-2.01016
1.45564
0.476516
-1.01585
-1.84782
-0.498377
9.22841
-0.0532691
0.784861
-1.52326
-1.82302
-0.182978
-5.84224
0.185247
0.182025
-0.4101
1.7086
-22.4449
-11.4113
-1.86068
-0.622502
-0.739831
1.94418
-1.75073
2.00822
-0.987813
3.54229
1.35383
-2.86608
-0.42203
-5.0549
-0.908813
-1.98783
2.05814
0.608781
1.78279
-13.1703
-1.28437
-0.274825
9.61785
3.40162
-1.81888
0.433978
-0.298335
0.669076
0.484372
1.38659
0.430044
1.77788
-1.16662
-0.412415
0.241377
1.02591
0.00899603
-1.36931
-3.80964
0.434753
-2.17684
1.49752
-0.716792
-1.87551
-0.0636613
-15.0715
-2.58165
-0.634049
-1.17299
-0.260588
-2.56469
-1.08492
0.139255
0.136392
2.11771
-6.09722
-1.62521
1.89879
0.366784
1.3226
-3.6651
0.377222
-0.362443
-0.31226
1.40667
-1.722
-1.23932
0.109746
4.3295
0.210486
0.533226
5.31953
0.589845
1.84993
-0.675556
-0.894816
38.6661
-1.94996
0.531894
3.20769
-0.541273
-1.34291
1.58756
0.989934
1.58048
-10.0887
0.0816015
2.00022
0.140806
1.34029
0.0585086
2.02665
0.745815
-1.37421
3.93966
-1.48032
0.25756
1.12044
0.116929
6.79698
-0.226475
0.863085
0.763946
-5.18814
2.95789
-0.793878
0.930947
6.29952
-1.20839
-3.96645
1.46241
-1.07251
-4.63199
0.722158
-2.1204
-3.97165
26.761
-7.82064
-0.175182
-0.931254
0.356358
-0.572327
-0.502263
-0.0633401
0.577938
0.228296
0.698534
1.81663
-0.652644
0.713537
-0.844959
-0.462199
-1.80411
0.254915
1.13804
1.74241
-0.510937
-1.48689
1.40784
0.591032
-0.137237
-6.403
-0.154153
1.33818
1.11125
-0.904622
18.1311
0.31634
3.21025
-4.75416
-1.75066
1.06657
9.43701
1.72132
1.29444
0.524034
-0.967149
-0.0463866
1.43524
5.25694
-0.769426
0.165178
0.451539
0.098349
2.12906
0.124715
2.22594
-1.78301
0.922674
4.74835
2.26441
0.541371
-2.80158
-5.19652
-0.383259
-1.35159
4.33671
-1.17279
-1.0695
0.111657
-0.135852
-0.639286
0.891549
-1.5173
0.531929
-0.492361
2.0707
1.44045
-0.592989
0.669695
-0.24781
0.391588
-5.27044
-1.30097
0.0386367
0.763672
-1.23996
1.21707
0.425907
7.44959
-3.4557
63.2997
-0.526991
7.46064
-1.77879
2.41129
2.24879
0.94003
-6.1236
1.73399
7.19997
2.47804
-1.1296
3465.41
-1.62562
-0.227215
-0.69442
0.54298
-0.0471257
-1.08141
0.277008
1.90258
-0.919132
0.225527
-7.64914
-1.04407
-2.71805
-0.524806
0.480726
-73.8244
6.75851
-0.0831361
-0.213961
1.50464
-0.190377
-1.36382
5.35188
-24.438
25.0149
-0.502285
-0.821455
2.50454
9.27081
0.140106
-1.12069
1.28976
-28.4535
0.379801
-1.33925
0.966752
-0.0238027
-0.202888
1.99264
-0.292531
-5.10948
-0.351731
3.76693
-10.8485
-0.9647
2.77618
-1.1745
11.1393
1.31372
2.34248
60.0837
0.227514
0.336744
-0.102508
0.325027
-0.0459704
-1.74822
-1.49718
0.321455
0.298854
0.398177
-3.65559
0.455277
-0.174537
-2.80213
2.82676
-18.3362
0.266687
0.406118
-2.20572
-1.61102
-2.75486
-42.6891
-6.93436
0.533835
-0.12365
-1.38283
0.836909
4.73841
0.440438
0.663809
0.456901
0.692259
2.44736
0.754061
0.977974
-1.53878
-0.512974
0.630886
-0.572798
-0.423888
-0.261081
2.6613
-0.84715
0.035078
2.62387
0.561763
-0.514227
0.213201
6.54251
-2.2083
-0.181371
-4.26447
2.83293
0.245705
-0.685374
1.58292
0.238859
-1.0264
1.4694
-0.968402
0.156686
0.0312078
-1.28247
-3.22623
-2.82814
-0.536734
-1.87315
-10.773
-0.330257
-1.67867
1.59732
0.742257
0.540402
1.60604
-0.926109
-6.51004
2.34312
1.07734
0.105155
-0.289078
-0.434987
-0.0824747
0.125037
-1.06013
0.898677
-0.0585084
0.198705
-0.228415
0.77936
-1.15601
5.33843
-0.110665
-1.83612
-4.95304
0.692266
0.754288
-0.310017
3.73327
-6.48427
0.226858
0.357629
1.52824
-27.9477
-0.306094
1.13137
-8.28828
-0.722166
2.2166
2.74486
-1.06914
-1.95284
-2.02932
2.60084
0.0519417
0.886503
-10.577
3.6028
0.0484633
0.776349
1.39071
2.83474
-2.14107
-0.570245
-0.588472
2.93534
4.76581
0.104195
-0.661727
-0.763458
-3.42211
6.18024
0.0586169
0.708734
14.7915
-181.709
0.641315
0.76009
2.36145
0.892228
-0.250395
-1.25306
-1.01469
0.916318
-0.314093
0.868971
0.533865
-13.8737
0.0299786
4.26379
-1.26297
-6.64498
0.717897
9.48873
-4.53846
-0.874811
2.28264
2.32034
-0.336601
0.0734476
-3.13905
-0.698848
2.887
-4.21066
-0.0450628
1.20912
-1.70214
-0.80463
-1.34267
1.31749
1.08587
-1.46427
4.875
-0.129271
1.67229
-2.09278
-0.194995
-1.42961
-1.34056
1.37932
-0.201677
4.41544
-0.799528
10.07
0.66495
-0.31708
-0.246051
2.93557
-1.10655
0.287378
-0.998324
0.717345
0.0884554
1.10392
2.36292
1.95533
-1.73479
-0.0631112
-3.10221
8.76251
-15.9125
-0.581144
0.483035
-3.58103
-3.55541
0.0207801
7.57691
0.152593
10.0838
-4.67912
5.94794
-0.73073
2.98039
-8.89285
0.0882319
1.53169
0.0098029
-0.119569
-0.670859
-1.67784
10.9846
0.0950233
-2.06109
0.935877
-0.155392
1.11297
-1.11595
-0.724926
-3.19203
3.57705
-3.16365
-1.48614
-5.21155
-1.41186
0.848304
0.118662
-1.34846
0.343109
0.866503
-0.285746
-0.361999
-0.624034
0.306845
-0.751363
7.17119
0.22817
2.69063
-7.73058
-0.376963
1.43121
1.82483
1.73487
0.0603544
-0.233851
-1.88111
-0.78391
0.604722
-0.983196
0.0556383
-0.172079
-0.336011
0.644362
27.8259
0.286895
1.26287
-0.0280489
0.404419
3.84576
-0.209314
0.360316
-1.91662
-1.79931
-1.5969
-0.210863
-4.51194
1.59844
-1.17017
-1.82274
-35.8466
0.77122
2.44291
0.978717
-5.25511
9.20947
3.14741
-1.83286
1.06451
-0.186128
-1.12842
-0.285967
-2.68101
-0.437659
4.08938
0.29867
0.5997
-6.68252
-7.09899
2.31969
-9.09369
7.02837
3.8568
-2.20029
-0.649745
2.31913
0.118588
-0.468571
2.72064
-1.11298
-0.260181
4.56355
-5.01997
1.6877
-4.44381
-1.16445
-0.534794
-0.924921
-0.123347
-3.5586
-1.91129
0.841028
2.40775
2.63674
1.67182
-2.20077
-1.65472
-0.201352
3.64377
1.18712
8.43382
96.1973
-0.979892
-0.0807913
1.48464
-0.414848
1.47144
-0.0841834
0.348494
3.44122
7.33685
0.158888
-0.844264
-1.59333
-2.25566
-0.604471
0.518178
-0.830114
-16.5442
-0.89363
-0.191404
0.137533
-2.37568
-18.5651
1.39549
1.13802
-59.2602
-2.60617
0.626519
-0.428295
1.50524
0.358311
-1.52471
4.85852
-0.675686
-0.301847
-0.579796
-0.823814
0.673722
1.42289
4.03258
-3.50901
1.97443
-0.298589
-0.450739
1.27892
-0.685875
0.527372
0.169859
0.247355
-1.87226
-2.02632
0.30547
0.913057
-0.741863
3.09558
-12.0284
0.688619
1.88529
-2.25519
2.1372
0.961553
0.0720056
-9.2933
-0.285582
-0.156725
1.07833
-2.89692
0.213006
0.587169
4.20734
1.29522
0.775788
-0.0681631
-16.7846
-0.536564
1.48678
-1.03509
-0.151823
-14.9626
1.59975
-4.77346
-43.5797
-67.9916
38.48
-14.0828
66.4274
-1.34581
0.340401
-17.2293
-1.19597
0.244912
-11.4404
0.44296
-1.18003
1.18513
-269.698
-2.35797
32.3855
-14.5454
1.02537
0.50238
-1.04936
-7.23423
-0.0827226
-1.31422
-0.811693
-0.141062
1.5331
2.90483
2.17806
0.181135
-0.464725
-0.764273
-1.99474
0.0870651
-0.0798908
-0.728738
17.8008
2.69583
8.61502
0.232085
-1.63554
0.65731
1.56213
-7.85175
-4.51357
3.07507
0.17883
-0.935794
-2.78265
4.14156
0.0878478
-0.680662
-4.59027
1.85218
-0.217741
0.712015
0.266616
0.73
-0.471506
4.59241
0.323561
6.24561
-8.51912
-2.19183
0.341269
0.709497
-0.53692
-15.5366
3.75078
0.142723
-20.0418
0.181695
-1.211
-7.75816
0.718361
-2.04433
4.27527
0.0933848
0.912228
1.73715
-1.37394
0.340205
-0.984221
-0.254863
1.49059
0.277209
5.16819
5.62829
-0.164473
-7.00683
-1.13379
0.402239
0.664324
0.0675447
2.39542
-0.227226
-2.2498
-1.13855
5.62943
-0.570832
33.5031
-79.2031
0.0213756
-0.0393734
2.36066
-1.09807
-1.0246
-3.71098
12.6825
0.895514
3.88354
3.27247
5.48204
-42.2351
-0.893997
-2.50513
-4.84248
-0.386191
1.66929
-1.97464
5.60956
0.114539
-1.01897
-0.51277
-0.887591
-1.65477
-3.09177
-0.186205
0.386424
0.450148
-2.20535
1.57245
0.525287
-4.58891
-0.0245045
-0.127764
7.78763
-3.43374
1.72469
0.0554847
-0.34608
-0.279526
0.174588
3.84941
0.406617
-0.226416
-34.6222
-0.388502
0.127776
8.32041
0.847274
5.04289
-0.866174
-1.16553
-0.46315
0.858805
1.39647
-2.19779
0.212737
2.0136
-0.177096
-0.58253
3.16005
-29.2774
-0.0572685
4.15002
0.343725
-45.479
-0.200899
0.644753
1.50386
0.0455586
-1.26583
1.0533
1.66409
-1.45461
0.0798977
-0.327473
-3.43033
-0.768081
7.86593
1.3244
0.165532
0.972422
-0.154256
1.52714
-15.6265
1.40301
-0.994995
1.05932
-0.0950972
0.417911
-0.975197
-0.0949097
10.8092
0.205407
0.174129
14.1386
5.64409
0.202107
-3.13833
-0.069109
0.186053
-0.651481
0.134891
2.03727
-0.991827
8.1016
-0.0189707
-3.54957
0.487342
0.165823
-0.359727
-0.0408278
-0.758534
-12.7929
0.417085
0.450657
0.760157
-0.373932
1.59756
-2.52354
-1.44912
-1.55984
0.112856
-3.30827
0.269285
0.863715
6.38583
-2.31728
1.70244
-1.54043
2.40655
-2.66496
1.33861
8.7259
-0.269321
5.00425
5.56881
0.719598
14.31
0.425431
-1.55793
-0.729893
-0.315736
1.44031
0.275604
-2.1776
1.56376
7.65549
-0.220268
-0.322799
1.07669
44.6979
-0.182173
-2.41444
5.83546
4.3686
-0.432585
0.444676
-0.538919
0.117037
-1.43276
-1.78732
-0.744239
-1.87445
0.154323
-1.1314
9.53021
-1.10756
-0.176667
3.10288
2.3547
-0.672614
0.172109
-6.09308
2.9314
0.759443
0.421032
19.6878
1.43488
-0.563772
-2.41386
0.470418
6.24475
2.46474
0.498355
7.09685
-0.948267
1.08883
-3.13037
0.565781
1.25253
-1.42777
-0.538098
2.58186
-0.811269
0.640861
0.227427
10.4512
-0.510527
-1.33547
1.76018
0.657302
0.395803
-0.172465
-0.144583
-0.0697784
5.49486
-4.39676
0.61429
3.09664
1.76871
0.757167
-7.65536
1.47482
4.16448
0.666841
-0.354562
0.752919
0.564357
0.243693
16.5999
0.795582
-1.03257
0.599802
-0.3402
-0.588068
-1.94306
-0.87916
-0.425387
-0.6555
-7.91856
-1.48386
0.833563
0.496305
0.0317189
8.84991
3.57084
-9.27894
-0.823838
0.379021
1.42599
0.173203
12.5194
1.82903
-0.630144
2.24966
-1.54725
0.864213
2.73141
-0.01505
0.092589
-0.969137
-0.423695
-0.422782
0.430806
-2.07996
0.223238
-0.111883
0.0456963
0.574228
6.34058
0.0380714
-0.877259
1.33827
0.140821
0.359032
-0.434614
3.65265
0.680843
0.0605199
-1.25447
-0.0872536
-2.34175
12.238
0.741445
-0.71939
0.968814
1.40231
1.04142
-0.730793
0.273634
0.0588577
-2.02002
-1.19893
0.35822
0.252588
4.77466
-0.166416
-0.0923829
-0.884985
8.97855
18.5995
-1.81856
0.00665342
-3.81147
0.704967
-0.716127
9.21278
-0.037665
-6.57062
1.13884
0.495277
-0.873426
1.89813
-0.936595
-0.613143
-0.20499
0.688128
-0.102584
-0.165334
4.00276
0.143188
-0.268832
0.645478
10.2819
-0.124853
3.82526
1.03257
-0.850237
0.599083
0.225512
8.28697
0.0843898
-0.84081
-3.10853
0.832007
-0.620425
0.871849
-0.0691796
-0.0113542
0.292031
0.328105
0.0404003
1.87002
0.940618
-0.392239
2.48443
-0.282509
-1.08399
18.8922
-1.37929
1.50229
1.5622
-2.53936
-4.93966
-1.40282
0.156897
1.63923
0.763546
5.30992
0.235313
-0.345706
74.8457
0.129473
2.65421
-10.5363
0.340811
-2.13023
1.77078
0.207821
-1.85989
-0.173538
0.80559
1.28599
-0.622962
1.93161
-0.23035
-0.131739
23.2776
0.0638252
-1.93232
0.112236
5.01265
-1.70515
1.02317
9.8882
0.0687585
-1.84759
0.973378
3.01697
-0.356175
1.86703
4.21381
5.09357
0.0555699
13.3871
-1.11907
5.3575
-0.0132991
0.247181
-0.904732
0.71463
-2.67604
-0.515812
-0.0294022
-0.383022
-0.43574
-0.435583
-0.283362
-1.20985
0.587701
1.63354
-0.519372
-0.0419953
11.8701
0.608803
-1.07498
1.9154
4.1247
-0.826075
-0.109084
2.42249
0.0637041
27.8993
0.628413
29.1258
1.28488
-2.80846
1.03034
1.51429
5.22709
-0.401675
0.272904
-0.947983
-0.566787
-13.0172
0.852522
-14.2367
-1.11399
2.93229
-1.31498
-1.00597
8.00348
2.70673
-0.809315
-0.21966
0.272394
0.405433
-0.422689
-0.453849
1.46472
0.335233
-0.275112
0.917266
25.1355
0.561603
0.392051
0.510651
29.3539
-1.5355
16.2225
0.826159
3.01644
-4.22817
24.0055
1.68423
-0.269408
-0.880509
-0.71336
-1.78119
-1.97894
-10.2523
-1.11163
0.215079
-0.0112809
0.978767
-5.56838
1.78455
-2.7228
-0.745993
0.625682
0.0469697
5.56231
9.68472
0.616742
11.1
-0.99383
-0.369976
-3.79014
3.49069
-0.0594538
-1.98676
3.48419
0.135669
-0.81845
0.138136
2.4457
-0.1362
1.61207
0.227553
-1.61041
8.60171
-0.930919
36.6387
1.05049
-3.23417
4.23307
-6.04471
-0.783688
-31.5981
-2.68441
-1.17512
0.262306
-1.81466
0.648203
-3.02098
-0.21826
-7.49794
0.702631
1.21154
3.63263
1.68444
0.265392
5.26327
0.44334
-0.121472
0.608416
-11.3891
-1.0137
0.0522746
1.84197
-0.374102
0.37044
-2.22727
0.873938
-1.1021
-0.997761
-5.57907
-2.0354
-3.75661
1.77418
0.680459
-0.682122
2.01331
-0.802012
1.82946
-12.0596
0.447352
-2.74596
-2.8331
0.42043
-1.88251
0.0787264
2.78775
-0.102777
-0.154352
10.9312
1.14264
0.281905
-1.97602
-0.361222
0.0635149
0.185283
0.0194245
0.167651
18.6293
-0.434815
1.92645
-1.23499
-0.0957772
1.08155
-2.47349
1.95034
-1.50253
-1.10427
7.13201
1.1785
-1.68621
0.343519
0.85006
0.533587
-0.614878
0.388576
3.05677
-0.29352
0.249624
0.387412
0.0971182
0.907273
0.350821
4.30567
-0.260011
1.93326
1.85597
-0.755552
-0.0507142
0.727085
1.39683
-4.57701
0.74015
-0.619556
0.598463
1.68896
3.05372
-1.81994
1.3091
-0.00405676
-0.641528
-1.23276
2.36177
0.836397
-0.776865
39.7333
1.35251
0.461117
0.256825
0.426864
0.087448
-0.00852694
0.73541
-0.649462
0.668329
-0.239226
0.0039369
-0.398811
-0.00604775
-0.516872
0.880071
-0.753779
0.432064
-0.681831
20.7809
-0.401012
-1.82396
0.404508
0.954083
-1.21673
3.96473
0.336449
1.86417
-32.5108
-0.542885
1.25395
-4.90903
-2.11676
0.456787
-3.58096
-14.396
0.368407
-0.252427
1.35902
1.0868
4.32004
-2.33533
-0.151768
-0.809242
1.32096
10.2576
-0.371621
-0.340552
-0.123976
1.16488
-3.19224
0.216775
2.33955
0.437332
-0.628323
0.567241
-0.0190484
0.391204
0.0495429
-0.278821
0.471385
-0.410302
-0.0855766
2.88806
-1.8732
-0.74402
-0.205617
-5.46197
3.1084
0.72762
-1.19277
0.497345
0.332028
1.54291
-11.2735
-7.89812
1.87353
-2.46592
1.81193
0.897326
1.09666
-1.38762
-8.83936
0.147589
-11.8764
-1.57771
-0.46586
0.334413
-4.16304
11.6308
-0.691066
1.35925
-2.40559
-3.54039
-2.61079
0.864646
-1.12069
1.25207
0.645891
2.11019
-0.718323
16.8731
0.174673
-8.36936
0.204687
-0.888114
1.1379
0.407937
-0.312328
-1.45951
1.58029
-1.63194
0.0249052
-146.304
1.377
1.17482
1.96934
-11.0734
1.07579
-2.22618
9.67357
0.110074
-3.92239
2.72827
-0.664966
3.63697
1.8611
-2.07798
0.611533
4.07081
-1.17852
0.164818
-0.550902
-0.240946
-82.5334
-16.3276
2.2386
0.330829
0.515578
-0.478206
0.476506
0.248111
-4.74424
0.426038
-0.109731
1.6186
-0.696201
1.3088
0.458654
0.535023
1.59723
-1.02577
1.07509
0.653833
0.0760705
-0.821227
-0.336057
0.683844
4.00149
-0.802439
-2.57176
-3.01313
-0.651408
-0.776068
35.3422
-0.740144
-0.229949
4.00406
-0.305757
5.1485
-3.99602
-0.639625
-1.65582
1.34363
0.54425
-1.68711
-23.8934
2.6325
1.02769
1.46904
-4.12877
-4.00203
-0.606402
3.73374
0.311949
0.0958979
-3.16099
0.218369
-0.505138
2.55169
-0.290178
-1.61797
0.392114
1.13476
0.202723
0.752817
1.4136
-1.05069
2.41459
1.06898
-0.143156
-0.284058
2.21869
-1.16057
-25.8502
0.250756
0.327991
0.226606
0.0928573
-0.61233
-10.8897
-3.55551
-1.22002
0.821302
0.612374
-1.61577
-5.99102
-1.06871
1.8758
2.90177
0.258415
-6.60784
1.24009
0.989258
0.231155
-1.50363
-0.123182
0.926422
3.35169
0.36877
-0.245562
0.288059
0.23892
1.47837
2.25402
2.30408
-0.571277
-1.42208
0.293638
-0.407179
0.204687
1.33409
9.40633
-8.4024
1.00978
91.6545
0.164077
-1.34215
-0.157253
-3.13875
-0.0383694
-1.33541
-0.183487
0.227513
3.32647
1.52979
0.564205
-0.0466406
-0.264656
-0.00944159
9.51046
-38.3869
-0.432506
0.374637
-108.598
-59.5689
-0.243908
-2.15494
-1.33602
-0.072539
0.581104
0.17444
-10.1382
1.75947
-2.32541
-0.644556
-2.98214
-1.73694
-0.474837
-0.504974
-2.40011
-17.4677
-0.145902
-0.161486
-0.500427
-0.934849
3.05609
0.111616
19.4011
-0.447657
-0.705642
0.233526
1.38386
0.370294
14.311
1.30373
-1.63026
-0.170934
-0.236917
3.09703
3.32968
37.3695
-9.07595
-854.06
0.94278
-0.0296641
3.82581
-4.60813
-0.0831481
-3.72407
-0.332988
-0.524043
0.226049
-3.05816
-0.476351
-0.329242
0.715555
-2.71679
-0.322181
0.253356
0.389319
-0.63864
0.757801
1.28877
0.17402
-135.147
0.361648
1.87152
-0.860228
6.44461
0.85512
0.83786
-0.605352
0.677734
-0.886616
-12.0792
0.742105
1.50012
-0.925768
8.05806
0.169185
0.121854
-0.742517
1.04454
2.50305
-0.1277
-0.853829
1.56455
-0.297132
0.903046
-0.364626
-0.201034
-0.568151
0.830149
-7.32269
-4.24409
-1.30425
-0.302757
5.85134
2.83186
-1.72393
0.4299
3.12168
0.820694
-1.25914
1.90093
-1.10368
-0.272035
-0.866303
-0.478207
1.48449
-0.105984
0.597208
2.69651
0.864497
0.611649
0.906754
-0.223024
2.06692
-2.48123
0.328956
0.192864
-0.841195
-1.13824
87.1254
-0.896186
-0.533912
-0.439095
0.135026
-5.52452
1.59515
3.22697
-10.4389
-1.24359
6.27826
-1.65317
0.962044
-0.148655
1.96606
-2.15987
-12.1571
-0.175226
-17.4182
0.77166
-5.82514
-0.581477
-0.187393
0.69653
-3.97367
-2.4748
-0.440196
1.01612
1.38577
-0.024591
-2.92065
-0.946493
-9.58514
5.96558
-3.19323
-18.7046
0.668829
3.19332
-5.70607
1.58268
9.97395
1.4559
1.99822
-0.414742
-0.395966
0.146926
-1.01767
2.67075
-4.92177
-6.10881
0.414289
3.76091
3.75534
-0.184845
0.972188
-0.139374
-10.2173
0.90969
-2.81439
0.480596
-0.720781
-1.41754
-0.436653
0.0304448
-0.421016
-36.1081
0.907982
-1.01092
-0.730685
0.32142
-9.17597
26.7653
1.09941
-32.498
1.22661
0.519214
-3.35472
3.22954
200.332
0.255784
15.9625
-8.47081
-1.26726
1.54887
-2.14315
-4.41911
-0.845869
0.177986
2.46719
0.60146
-3.61934
6.01692
-0.284903
-0.159299
1.16283
2.92753
-5.20689
-0.712384
0.650969
-5.9285
0.64006
0.318397
-15.5165
0.524705
-13.6536
4.09088
1.4911
-1.08203
-9.27559
-0.841099
-0.623046
-5.91652
-9.01929
-3.83208
-0.113312
0.328322
-1.4673
-3.36007
0.755646
0.746711
-0.582562
2.53021
-0.885412
0.07918
0.275089
-6.63558
-1.51753
10.377
-1.41437
0.0472082
0.750885
0.897157
-0.587252
0.251663
5.32721
-1.13052
-1.02929
0.756894
-2.93778
2.12293
0.0944941
-0.329894
0.896633
0.266511
-9.33933
-0.188051
-0.22777
14.1884
-1.20381
0.458916
-0.678955
-0.0645191
-0.69959
-0.63267
2.27656
-0.562716
0.221536
2.00555
-0.438627
-7.29801
3.99989
-4.97058
0.356508
-1.10347
-1.59739
-0.930597
-3.97646
0.045989
1.46573
4.26375
-0.639977
-0.693495
0.101741
-7.32843
-2.72671
0.84623
-0.964918
1.68777
-0.481671
6.21555
-17.9731
1.15204
-2.58604
8.21144
-0.766017
0.158799
0.674258
-0.332604
-1.55351
0.672445
-0.59069
-9.58575
9.23377
0.378658
0.704825
-12.3554
-3.35864
1.92589
-5.292
-1.04184
-3.07922
1.07942
-0.153461
-1.78531
-0.990864
20.924
0.176411
0.688889
0.98373
0.916711
3.18544
0.880556
4.62555
-1.57527
0.808
0.959676
0.497805
3.84152
0.313802
0.783305
-109.071
0.876567
0.302055
-1.06535
-0.199046
-0.222751
1.07945
-0.0999032
-18.865
27.8243
-0.781912
0.502491
0.0828958
0.322429
-1.49722
-4.69055
0.0975518
-0.269514
1.02936
0.598507
3.19571
0.533281
1.65521
-7.98353
-0.212408
-0.312277
-0.31187
1.63749
1.19244
-2.1418
-0.812803
0.110789
0.191575
-8.52898
-0.2301
-6.32203
1.02839
0.397557
0.853537
0.661584
0.396502
0.120317
0.257756
1.0113
-0.657715
-3.70124
1.02977
-1.62054
-0.219729
-0.954956
-0.892491
-0.2704
0.224444
-1.23965
-0.642721
-0.974166
0.4129
-1.05914
-6.23124
0.660807
0.502148
-35.2608
-178.267
2.75713
-1.02675
-87.2849
-1.69327
0.452257
-1.32022
-0.0285205
1.47742
0.0750494
0.532328
11.3312
1.40548
-0.624939
-1.87638
1.32429
-2.25706
-3.79212
0.352255
-0.253121
-1.00155
-1.92251
2.75455
-0.0110221
-0.141763
-0.26861
1.05921
15.9571
0.888486
-0.559082
-0.456523
0.436495
0.986201
9.20627
0.261471
-0.28689
0.803246
-0.0647192
-32.7455
-0.182112
0.226236
-1.32627
-0.208897
-1.50498
0.470437
0.303401
-3.05258
0.54076
-0.347291
-0.180169
0.409117
0.423866
0.325382
0.777506
0.854427
1.34774
-0.159177
-1.83572
0.818795
0.125561
-0.428781
0.201164
1.04589
15.2596
0.833488
-0.0731688
-13.5653
-1.22634
-0.461901
-0.651076
-12.0455
-2.72722
0.814036
-0.38557
-5.41747
0.0670587
0.175729
-0.568139
-1.04423
-1.58613
-3.64963
-0.967771
-0.365677
-2.89973
0.529781
1.74644
4.21642
-1.29467
1.75083
-1.87034
1.49811
0.514706
-0.117171
-1.16012
-1.92371
-8.80116
0.041392
1.17744
-1.15234
-1.04656
-0.485804
-10.5166
-0.325592
0.443355
0.196745
0.799311
0.133142
-0.220604
0.0584455
3.20153
-1.86001
-0.907696
0.289244
-0.556185
-36.0412
-1.11067
-2.41218
5.74005
0.198587
-0.0162084
-0.751795
-0.590884
-0.0249453
-1.16254
0.345727
-0.58973
-0.325826
-10.8387
0.443985
-2.91781
12.7536
0.189569
0.554216
-22.6489
-1.71782
0.130523
3.1516
0.318993
2.1078
3.19821
-2.5229
1.82914
-4.8603
-0.272259
-0.557931
0.737142
0.622439
1.2195
0.137939
-0.986569
2.22939
-1.15276
-0.506211
1.29851
1.36296
0.0383741
3.09592
-6.926
0.141314
-0.187245
-3.19014
-0.107409
-0.612428
1.10337
-0.631354
0.168321
-0.21765
-0.3407
-4.4321
-3.35797
-0.896414
-0.261556
0.971893
3.32119
0.329191
-1.95664
0.923626
-0.01171
-1.30768
-1.88092
0.408095
-0.128573
1.44727
-0.454367
-0.0889777
2.10956
-0.44423
-1.6312
1.60734
-2.64304
2.56985
-0.772626
-0.0151973
1.15026
-2.54925
10.1578
1.36446
3.8354
0.703621
-0.217821
-0.045338
-0.993437
-15.211
-0.280123
0.936146
-0.727646
-0.638603
1.07763
-1.30164
1.33012
0.293538
0.700869
0.383073
-0.947838
-0.683446
9.15013
1.12232
-1.56431
1.28449
-0.108546
0.500219
0.291352
0.669628
-1.62772
-1.11824
-0.533377
-0.288466
-2.08167
-0.238745
-2.81921
-1.56521
0.836475
0.74866
-0.602331
-0.776329
-2.03875
14.9304
22.0837
-8.85288
8.78603
-0.610511
-1.45239
0.838724
-4.20945
-0.269691
0.574972
0.817601
-1.79717
0.572266
11.0628
2.39047
1.10279
-0.384842
-3.4563
-0.0338498
-0.424328
-0.024901
0.525229
-41.6159
-1.20753
0.0133264
-5.58013
0.475125
-0.536866
-1.6703
-0.118466
17.5858
0.494062
-0.56148
0.505657
0.820941
0.192848
-0.100867
0.14193
-0.932787
-5.28001
-0.398134
-20.1475
1.63171
0.270462
-0.0760693
0.495633
-1.08772
1.7708
-2.54032
-0.497066
1.63305
-6.96821
3.51308
1.04855
0.551411
0.130024
-4.12921
-5.58913
2.49473
0.0238445
-0.00992666
17.1707
-0.861274
-0.729705
0.545069
-0.0817831
-2.64991
-0.835264
0.666603
-0.130298
-0.647729
0.308256
-0.364627
0.894134
-1.41433
2.49419
-0.161346
0.857604
-0.787035
-45.731
1.66847
-1.88289
0.161759
-0.246371
-0.514974
-94.9331
0.616328
-0.843653
1.21156
3.04213
2.18035
1.45669
8.82559
1.21172
-0.301947
-0.638192
-0.418437
-0.637045
2.8962
-0.0895761
-6.3748
0.440679
0.892
1.94057
0.875353
2.38389
1.41429
18.6215
1.65688
-6.97466
-0.981876
2.42969
0.728789
-0.0409031
-8.93886
0.448415
-13.3206
-0.701782
1.45912
-9.27863
-11.6116
1.74659
5.65857
-1.73115
-1.40699
3.00036
-5.09398
1.97587
-3.90373
0.770532
0.27082
0.396019
-1.04388
1.50952
-1.62838
-0.543592
8.3967
-0.0443081
-0.992867
0.43414
-6.77064
8.42979
1.52256
-0.967559
1.80465
-2.9448
0.916896
0.287031
0.322083
-0.0588186
2.67153
0.0804488
-0.947866
-1.12571
-0.363073
-3.41479
-2.09458
-0.123303
4.08481
0.192872
-1.37287
-0.881709
1.62862
-3.48097
3.53385
0.92319
2.28406
-1.20126
-0.847871
11.3137
-2.07395
-0.685102
-0.657207
-0.547577
0.12911
-1.88657
0.433827
0.0655687
1.92186
1.95657
-3.95348
1.94675
1.32407
-9.88349
3.3458
-2.27545
0.936774
1.74112
6.30102
-0.0583629
-0.941657
-0.233616
2.10468
-2.66878
0.87918
-2.27519
3.39168
1.54672
-0.679168
-0.476613
-7.67223
-3.60748
-1.37203
1.11448
0.127405
-2.24033
-8.2912
0.164569
-0.602037
0.436829
-2.20687
-3.55078
-3.11402
4.69908
0.610215
-1.42546
-1.65103
25.2499
3.32033
-0.651211
-1.36528
-1.4141
-3.14417
-1.9582
3.74563
4.58693
-4.06704
-15.3276
8.87603
0.281591
-0.0225465
-9.74829
-1.93094
-1.53888
0.188475
37.9557
-1.43716
0.883799
-0.756753
0.356039
-0.219233
-0.303603
-0.579609
-1.69233
1.12944
-1.42785
-1.84547
-0.200303
0.150942
-0.738647
0.0737653
-0.193181
-9.99144
-4.52585
-13.5345
2.46196
5.19189
-0.252656
-3.89528
-0.427582
-0.627672
-0.838473
0.0446693
1.32926
-1.86385
0.946818
-0.863609
2.63284
-0.806966
-0.730572
0.748749
-1.66884
-0.789025
0.383325
-0.547178
-1.51927
-0.43765
1.13688
-0.949442
0.699007
-0.977036
1.35693
-0.415368
0.877011
-0.134807
-0.615524
27.6499
0.444781
0.212665
-0.47957
-1.89583
0.277806
-0.401048
-1.01095
-0.625379
8.75104
1.13555
-4.42207
-1.99215
-0.0493004
1.85039
-0.85659
0.92309
24.7507
-0.145038
-0.485778
1.34156
-5.98137
-0.459804
-1.56788
2.25898
-13.7247
-1.72725
0.781544
-159.757
-2.65225
0.788176
-0.41518
0.372409
-28.0773
-3.93604
-0.13486
-0.211981
-4.84416
-5.5952
-2.31749
2.77372
1.83899
2.41753
0.508527
9.96357
-1.34784
3.4873
1.74528
-0.9068
0.137633
-1.52219
-0.288715
7.71447
6.22812
0.466539
0.80544
-0.754813
-20.5895
2.54543
1.07092
28.8757
-2.15849
0.00590057
2.25371
1.96566
0.976717
1.85771
-1.32337
-0.847138
5.67435
-1.61616
0.206165
-0.816303
0.986499
-2.05921
0.396734
0.732696
0.553544
-0.923378
-0.0168486
-0.72016
-0.258614
2.20211
-0.458649
-0.583629
-1.46482
-2.20535
2.9645
-0.918971
-0.0871419
1.20509
-0.0220528
1.88107
0.00789889
-0.536018
0.0269331
3.99076
6.87073
-1.70328
14.242
-0.329444
3.02956
1.57866
0.952018
4.74105
0.673258
3.31738
-11.1485
0.497511
-0.964029
1.05678
1.02888
0.258676
0.399081
-0.733083
0.121305
1.16971
0.316809
1.45023
-5.28528
0.919868
2.14418
1.87039
1.12867
0.588986
3.08347
0.444421
-0.864065
-5.36306
-0.513216
-0.910138
-3.05353
-2.6157
-1.4671
5.01222
-0.713561
-1.33929
-1.96832
7.06191
-1.26081
-2.9214
10.023
5.79888
-0.296931
1.86259
0.23849
2.29113
-0.269722
-3.74821
-0.425573
-1.2225
-0.7729
1.90403
-2.29788
-1.82245
-0.329163
-1.42372
0.524479
0.0495387
-2.52493
0.665371
-0.344051
-1.51732
26.7064
0.0836067
-1.05029
1.73152
0.060176
15.4209
-1.24821
-201.102
-0.905475
-0.686052
-1.84835
-1.4791
-0.348781
-0.895742
-0.380503
-1.85228
-0.190004
0.288063
4.29701
-0.229502
11.9337
0.2721
-2.16116
5.86952
-0.223338
0.403748
0.857881
-4.34767
-2.11998
0.296356
-1.02143
1.4399
8.56302
-0.575815
-1.01635
0.363399
-1.66648
-0.719277
-0.529302
7.56476
-1.66412
-2.80313
-19.2943
0.794387
1.34661
0.639513
0.0778338
-0.668537
-0.256429
0.74949
0.86457
-0.140496
-1.35997
-0.32238
-0.187805
-0.510359
-0.200097
-0.63931
14.254
2.16415
-1.17399
0.711923
-0.0314318
-0.786364
0.0667731
-0.41669
-2.31941
-1.43814
1.50295
0.479158
4.15891
0.573189
-1.89991
0.572094
-4.95625
0.183822
1.80789
-0.957935
0.530177
-0.253001
-1.79074
0.337792
-0.00474405
7.95072
-2.73898
-0.623516
0.853216
-0.211866
-2.49543
0.617957
2.30924
0.154681
-0.183698
0.830517
-3.41765
13.3019
-0.705791
1.6705
4.1791
-0.261075
-1.14375
-0.38748
4.25688
-1.1122
0.469591
1.35267
-0.0490604
-0.488325
0.0815084
0.336054
-0.0871009
-0.958774
-2.50954
-2.47647
-0.639246
-2.9004
1.39672
1.41817
-0.286247
-1.89603
-5.88635
1.75629
-2.66178
-2.65466
1.69414
0.698821
-1.23359
4.5504
0.912254
3.35336
0.760786
-1.67025
-0.089327
0.345171
3.74136
1.44087
-3.18173
-1.15762
-2.38989
3.6298
-1.42844
3.05111
0.938603
0.338044
1.59985
-0.938301
0.321615
2.24212
0.223435
-0.379985
3.85968
-1.32009
-1.04833
0.767846
4.49937
4.44996
4.10495
-5.69653
-3.81842
8.81123
-0.99503
-0.472273
-0.138228
0.318477
6.08547
1.26169
1.68706
-0.0281437
-2.83972
0.373383
-0.981577
0.23667
-3.99603
0.0763388
1.32292
6.73108
-78.7384
-1.37147
0.69706
1.02932
-1.23801
0.486261
-1.2494
0.261778
3.00903
4.11211
53.5847
-2.15507
0.49587
-0.446933
-0.326506
-0.704666
0.94337
-0.769727
0.651461
-0.397192
13.1947
-0.229352
-0.20906
-0.752122
0.0901477
-0.0442556
-0.477762
-5.08403
1.16755
-0.789685
2.04825
-1.66551
247.598
-2.0671
0.588306
-0.0940074
5.83913
-4.61519
-0.419634
-0.152274
-1.02311
0.193641
0.715729
-0.28765
0.0934125
-4.67263
-0.703777
1.38243
-0.553459
3.49157
-1.12004
0.347741
-0.504102
0.922698
-0.152592
-1.08655
-1.16421
-0.148883
-0.129631
-2.72026
-1.70227
0.106057
-0.29228
7.42959
-0.0719545
0.516301
0.248299
-0.555672
-0.389627
0.881023
-0.124736
4.31305
-1.24764
-4.35754
1.20108
0.299811
-0.768366
0.567626
-0.41398
0.874613
-0.791874
4.09178
-0.532566
-3.16338
15.3552
1.32015
-4.6752
-0.78642
0.548674
-6.07915
-0.19908
0.519518
1.39827
-1.53817
-0.929274
26.9733
-2.3054
-0.64271
0.10128
0.564688
2.2456
2.99652
0.390623
0.785338
-0.0255272
0.743965
-1.10565
-0.225365
-9.09962
0.164496
2.42627
-1.55546
-0.390069
1.53038
-1.61153
-9.81791
-0.439389
-0.802632
-2.08041
3.61802
4.71682
1.38011
1.76474
-2.29555
-2.33299
2.04605
0.729441
-2.29373
-1.86111
-0.874216
0.855713
-1.52859
2.85665
-2.86397
3.01014
-4.48303
-0.776463
-0.096623
2.28517
-0.138341
0.377306
2.84098
-0.284193
0.367117
0.817971
14.6838
9.35748
2.52101
1.71981
0.0311431
-0.26022
0.601646
0.0134821
-0.568108
1.37256
-0.194443
29.0563
-1.40235
0.592558
-1.04499
0.965811
-3.30971
1.20956
0.33261
1.23174
-1.49415
-15.6509
1.35087
-1.89824
-1.9497
1.44836
1.05743
0.866575
-0.742927
0.0489899
1.09181
0.50327
-0.929637
0.781143
0.768326
-1.00911
-2.66991
-0.235707
-0.420581
0.551722
16.8391
0.310895
3.19113
2.01755
-0.317321
0.619885
5.53821
0.606317
-0.635604
-0.52505
2.0439
0.0237184
0.512036
-0.59322
-0.951292
0.745349
-1.71096
0.0603046
0.243841
0.420441
0.646609
0.16482
2.99415
-1.57091
-0.0339524
2.00649
-1.10907
-31.1032
4.05794
-2.15426
0.00977099
8.22671
0.16443
1.20634
-0.43652
1.41336
-8.19035
-0.645157
0.123441
-1.48328
0.641459
1.60487
0.111537
1.67978
1.17855
0.187434
3.12033
-0.126094
-0.618397
-4.09151
0.814064
-3.10465
-0.411676
0.138771
9.61501
0.0618856
0.991234
-0.107462
-0.169819
-0.653353
3.87457
1.81222
2.5407
0.00450858
0.0252989
0.512866
-89.9194
-5.33343
-0.494538
-0.105998
-1.337
-1.87229
-1.11775
6.52755
-0.476278
-0.330604
-0.614779
-0.539246
0.876555
-0.141905
-0.249134
1.7126
-0.142206
-0.672804
2.8432
-0.67818
-5.11414
0.326049
2.25776
86.3327
1.60652
4.61196
-5.33106
1.65233
1.19228
0.377175
0.126893
-1.57931
0.063004
-11.7748
0.1215
-0.525704
-3.44493
0.335487
0.245363
-1.11106
-0.13798
-0.360213
-0.302233
-6.84103
-0.232997
-1.05315
-2.89176
1.91512
-6.36882
-0.982835
-0.763357
0.0639558
-0.574304
0.307374
0.0522918
2.48155
-2.03353
0.713362
-0.322539
1.80373
0.47208
-2.32636
-0.487594
-1.84914
0.363099
-0.357317
-0.537859
12.5177
0.317915
-0.953106
-1.88567
0.87809
2.0806
0.741393
3.1264
0.85284
-1.06023
-0.275022
-3.3442
2.27774
100.179
-0.790479
-4.62314
0.492891
-0.193018
-0.0318527
2.87358
0.486561
1.02274
-0.245024
0.932174
-1.43027
1.00595
-2.73863
-1.85742
-0.0100134
0.643559
-0.122356
-1.02685
-0.979196
0.760914
-0.632603
1.77081
0.214664
1.10705
-0.42103
-0.691443
48.2738
0.49487
1.83276
0.446146
4.17453
-1.41975
1.52836
6.44298
-0.645551
0.0374321
-1.06086
-0.314036
0.0781587
-1.33181
-0.286085
-0.780797
-3.87898
1.83965
15.0776
-1.17191
-1.58696
-0.572195
45.1555
2.64977
-0.670483
0.41118
-0.221405
1.32901
-0.732126
-0.483314
-1.02776
7.26162
1.84326
-2.52892
-0.95114
-0.121806
-0.700498
0.52915
1.675
-0.929169
-0.244466
-1.76522
-0.730746
3.1534
1.40719
-1.09266
-8.17292
0.836794
1.84189
2.35439
0.257633
3.08009
1.98176
4.17587
-0.0919899
-1.24372
11.4981
0.0785938
3.18245
-0.398652
1.49125
-0.427729
-0.133354
-3.71414
0.465512
-3.44655
0.127919
9.44567
0.504555
2.55034
-0.306541
-1.25612
-0.850982
1.97356
-0.16439
0.114585
8.91435
0.961763
0.508726
7.52578
0.305119
-7.55419
0.138152
-1.48322
-2.26094
1.22999
0.528264
1.39566
-0.486757
-1.83419
0.218411
4.68455
-0.185665
-3.16843
1.65164
-3.0489
0.481056
0.158286
-0.739088
-0.554039
-1.254
40.7858
98.6906
0.591564
0.256871
-8.36342
-2.41473
0.341675
0.292263
0.243932
0.592983
-3.27766
0.0789522
-0.421149
1.43232
-6.1559
-0.320954
2.13628
0.640992
1.01563
-1.52158
0.335806
-0.799935
0.00449068
0.175991
-0.343409
-1.98334
1.04825
1.09924
-3.64214
-0.401692
-0.0398955
0.54547
3.16073
-0.535422
0.625137
12.3114
0.555107
-0.3301
0.489869
-4.95683
-4.87392
-0.219097
-1.48657
2.73096
0.24477
-154.566
-2.15837
0.00318927
1.15718
-0.348986
0.303437
1.80225
0.331841
2.25248
0.715885
10.6033
71.7343
0.473468
-0.29686
0.62006
1.1081
-3.64678
-7.01716
1.12912
0.590437
41.1676
4.6884
2.12613
-0.333871
0.129109
0.0115004
1.7723
-9.12652
0.0619499
-6.0702
0.740785
0.1216
1.65115
-0.819206
10.9732
4.08497
2.47709
-2.89749
-10.667
-12.3226
1.96158
9.97259
-0.273924
-0.605196
0.569956
-0.827682
0.0183892
1.0365
0.956928
2.01591
-0.0233014
-0.702006
0.769499
-0.448872
10.4511
-2.77638
-0.10414
-0.979471
-0.122682
0.608926
-0.362994
-1.31403
-0.134923
0.544199
-0.66903
166.418
0.29285
-13.2406
-0.295406
0.328125
0.314155
-2.57946
0.0929776
0.255267
12.4889
1.59298
0.106519
-2.55297
0.858607
0.299538
0.0372721
-0.918443
0.916293
0.698333
0.0354297
-2.04765
0.661136
0.510953
0.108208
-6.7203
2.97663
2.20499
-10.6064
-0.838963
0.276157
0.481183
0.211227
2.69578
2.54236
7.83601
0.0817642
0.0969471
-0.330897
-0.704458
-6.47176
1.63204
0.244026
1.94381
-0.78018
0.478941
-4.01829
-0.190028
1.57547
0.290522
-0.811882
-72.2041
-9.79223
2.84068
-0.11959
-0.246211
-15.2853
1.19435
6.65745
-1.22134
-0.209912
1.06623
7.84189
1.27761
1.17693
-1.60159
0.448825
1.17184
1.39989
-0.185693
-3.24651
-1.01178
4.76312
0.140687
4.53945
0.121299
0.213261
5.04208
60.5234
-5.0971
-3.09764
-39.3096
0.778548
1.71481
0.965864
-5.26101
2.28586
-1.09281
-1.03567
10.8088
1.99175
-3.14452
1.50781
-0.243034
1.99587
37.1266
1.80426
-1.7885
-2.1499
-2.07732
0.687072
1.82026
-1.71956
5.49336
-10.6207
1.74406
5.29786
1.369
-1.98084
2.67427
0.0537185
-0.340179
-0.434555
77.6359
0.582916
0.233987
-2.4322
1.39961
-0.00329685
82.8351
1.0999
0.1003
-0.433632
-1.67949
-2.22148
18.1991
-0.661767
-0.75366
0.207038
0.422625
7.26273
-0.278609
1.18026
0.431376
0.951989
-1.49407
-1.68938
0.632593
0.465261
-0.0197037
-0.0508916
0.148882
-0.647093
21.0664
-1.14607
-0.0261865
0.10075
-20.3505
-3.52164
0.190518
1.05271
1.4338
-1.90079
0.430449
0.0974797
0.162089
-8.54438
-0.570121
1.66021
0.439828
-0.324317
-1.91616
3.93688
1.03348
-1.2523
1.00884
0.794654
0.80821
1.25829
-0.211993
-1.39348
-7.79593
-1.59645
-2.04682
-34.9836
-0.24786
0.220244
-0.773541
-0.407007
1.15532
2.3433
1.35795
2.51546
-1.55159
-6.57462
0.119456
3.28739
-3.99184
-3.00716
-0.0636405
-3.00028
0.424111
51.2619
1.76723
-0.391852
0.520197
1.22896
-0.837711
0.918163
0.849095
1.08246
0.834853
2.63386
1.84587
9.83787
0.0559957
-1.07446
-2.24158
-1.42237
-0.103866
-0.272817
0.0836569
-8.87576
1.14518
0.201771
1.28743
0.949799
9.70415
1.992
0.93546
0.352272
0.478266
-0.901801
-0.215724
6.87546
0.89379
-4.19629
5.63136
0.313119
0.326907
6.07864
4.08978
2.27444
-0.152307
1.0142
4.16945
1.48915
-0.293647
0.436864
-1.69284
-0.0599045
5.4557
2.93471
0.785904
0.118081
-0.013421
0.0859563
0.681073
1.26051
1.85594
0.819292
-0.856477
-0.69101
0.15862
-3.45434
-2.06924
-0.770038
-0.682917
-0.422669
0.0367409
-0.7256
-1.54483
1.02792
1.70105
-0.385371
2.1307
-1.43996
0.491997
0.544503
1.02857
-40.964
3.3387
0.519374
3.0085
1.78518
-1.71933
1.33856
4.31767
0.0715748
-2.95317
0.109943
-1.60523
-0.683898
-5.91903
-0.0136319
0.641375
2.8482
3.14124
-3.75254
0.0201437
-0.531266
0.918566
1.87638
-0.313995
1.21839
0.949846
0.711916
-0.564133
0.0615794
2.2708
0.35811
1.31903
-0.0331277
0.594249
-1.19082
0.162635
-0.0213196
-2.26465
0.244077
0.728473
-1.43479
-0.642924
8.55748
1.42266
3.15656
-0.636742
-2.86846
9.10393
-0.177033
-0.303888
0.686128
-0.660361
0.603379
-1.40152
-2.19821
-0.191511
0.729028
-0.467497
0.389077
11.926
0.272104
-0.288144
-0.318231
-1.87706
0.190778
-1.73567
2.70649
0.407584
4.13266
-0.0102903
0.100867
-0.109826
-0.377751
0.653655
10.7768
0.0205128
0.79708
1.10042
0.274638
0.379156
-1.87299
-0.53181
0.909706
0.982087
352.972
0.0205464
0.487135
6.71245
6.40582
1.10035
-1.39963
0.242557
0.052162
-1.63291
-1.27951
0.56508
2.86457
-0.237561
-0.521551
-2.91617
12.473
0.516529
-2.10921
0.226536
-1.11714
0.45892
17.4967
6.09024
-7.45197
1.51902
-1.28008
0.80603
1.62868
-2.47275
3.18721
-1.99473
25.6462
1.03125
-11.5771
7.26002
-0.052242
0.175985
1.08421
-1.07903
-25.525
-2.00705
-0.262696
0.325174
44.9195
0.536806
-0.512712
-0.118641
0.0264238
0.436541
-0.66918
-1.26838
-0.853785
0.386164
-0.359164
10.2288
1.7595
4.22464
22.8322
-28.5712
-0.16428
-0.0995588
7.19455
-0.244961
1.77288
-10.2497
-0.418231
5.74553
-3.07371
-1.43688
2.01894
0.183441
-0.538715
1.47691
-9.422
3.2408
1.88615
-0.47749
-1.67158
-1.59783
-3.759
2.05473
2.97725
-0.156649
0.372422
-0.091661
-0.659758
3.26859
-0.100033
4.76992
0.187866
-0.736386
29.566
0.180203
1.49924
-1.23134
2.45138
0.197043
-0.637301
1.00498
-1.86728
-0.811987
-0.205109
-0.881611
1.16881
0.000285862
-5.32448
-0.030831
5.06452
-0.169436
-4.89427
0.898392
-0.553164
-0.981085
-0.530312
0.961178
0.70013
0.296517
0.649594
-1.5334
0.590261
-1.55878
-2.88033
-1.52766
0.244901
-1.01719
-0.382498
-0.784636
-1.85278
0.26363
-0.256947
-0.117018
-2.25226
5.80011
-0.77391
-1.77917
-0.0320903
-6.7164
-0.391026
-0.4606
-1.21927
-0.743657
0.869744
-0.329218
0.248354
5.33119
1.53639
0.0966563
1.41712
-9.36696
1.60874
-4.29195
0.0481935
-0.17403
2.86865
4.88357
0.820753
-6.81701
-0.273512
-1.72217
-0.0556231
-4.59436
0.0391029
0.221756
3.16762
-0.245125
3.56436
-52.3766
4.57875
1.79161
0.677192
-0.300186
-2.54659
1.52497
-0.885966
0.644195
-1.84374
-0.125593
-3.26813
-1.14971
-0.994124
-1.66274
1.21356
-0.867907
-0.338791
-0.270005
0.789957
1.49304
-0.982602
-1.32644
-2.3443
-0.485125
18.3228
-0.169487
1.76152
5.80576
0.817422
-2.85901
-0.943318
1.37907
-2.49407
19.2478
-0.674653
1.05065
1.00292
0.256515
-1.0507
3.63494
0.0954082
1.93827
0.52828
1.27736
1.26588
-2.17343
-2.84076
-2.62853
1.71432
0.373645
-0.447993
-1.35756
4.27186
-1.02469
0.161756
2.15734
-1.53194
0.49885
-2.22289
-1.38274
1.38452
-0.199788
-0.842514
32.3787
5.48959
0.115759
0.15713
-0.372678
1.68883
5.22848
0.0112349
-0.63292
2.5715
-2.0778
1.71409
1.18729
2.23122
-1.8063
8.35429
-1.97978
0.137221
1.31831
-0.34811
0.600141
-0.360339
1.92173
0.367058
-1.37504
-3.06036
-0.603314
-1.07189
0.637542
-2.1969
1.51111
-0.170231
0.0287632
1.46104
-1.4708
-0.820381
4.05992
0.584248
0.750497
-0.229579
-0.155661
0.79125
3.37344
0.503538
0.13309
2.12474
1.92788
5.67347
1.55462
-1.37128
0.371206
0.471236
-0.407136
-0.267537
-5.68019
2.02809
-1.41153
-0.97198
0.657207
-0.106101
-3.25794
-164.953
-2.57781
0.0120805
-0.17477
0.657533
90.3944
1.57208
0.585265
-22.2828
-0.0243513
-0.0682756
18.1702
0.17507
-4.24033
-0.148575
-0.240732
4.80345
-3.60594
-0.646834
14.039
0.936238
0.77842
0.0155482
1.07149
1.54856
-0.47968
-0.457175
-3.21136
1.07505
-1.09735
-1.58078
1.21701
-1.62409
-2.34937
-1.4992
-3.60947
0.874164
0.635247
-2.436
-4.77388
0.32343
-1.86451
-3.40769
0.0882946
0.579487
-2.18263
0.388693
1.40413
-2.74145
-2.36034
0.266343
0.556551
-0.3601
2.6001
0.66481
-7.04175
0.203292
1.84392
0.157387
-1.23281
5.11864
0.687324
-3.55881
1.19919
14.4442
1.03393
0.263661
0.128443
-0.466261
-1.55614
-2.59588
0.97782
-0.144956
0.265033
-0.0981634
-1.56723
-0.275696
0.0113232
-0.394015
2.10876
-0.335428
-0.537262
0.134957
1.62777
-1.66711
0.792398
1.1108
0.112317
-0.120666
-2.06574
-0.296096
2.96402
-0.989556
0.885682
-0.175758
1.33203
0.131863
-1.57865
-0.195167
-0.39698
4.87475
-0.616642
1.19561
-0.288686
-0.115211
13.453
-0.889275
0.529
0.562637
-0.737331
-0.15251
1.24883
117.034
3.21439
-31.8731
-2.32801
-0.765313
0.299166
-5.24987
-6.24931
0.839612
-0.519816
2.1806
2.64468
-0.363417
0.757346
2.47223
-0.485123
0.955481
1.01058
-0.112907
1.36685
0.113196
5.33503
-0.913892
0.511032
-1.29746
1.22475
-35.4974
-0.784855
-2.73353
0.485811
0.438104
-0.83869
-0.439933
-66.6078
0.363934
-1.89847
1.18813
-0.335482
0.12954
0.385676
-2.51108
-1.57571
-1.37776
-0.29727
-3.96191
1.16022
0.308865
1.09014
1.48336
-0.231385
-0.508335
-0.777462
3.65205
4.83477
0.777985
0.936041
-1.08807
2.73477
0.0945767
-0.109218
7.67776
1.10365
0.877454
-0.437447
-0.472212
-0.170361
-0.1488
0.166732
1.20456
-1.4778
0.056444
-0.179732
0.057527
1.12454
4.33452
-0.553188
-1.08477
-0.076189
-0.470469
-0.14396
-1.56048
-0.5209
-4.88881
-2.52496
-2.07879
1.67514
-0.757098
0.263946
0.0932364
-0.216155
5.2923
-0.215425
61.6872
1.24625
0.618671
0.76654
0.928622
-0.817893
-2.88818
0.947313
-3.39456
0.0954412
1.18037
2.2914
-3.45842
0.157813
-0.655629
3.90879
-0.188257
-9.76007
-2.53657
-3.0846
-3.5225
3.52801
-1.7978
0.313526
-1.13734
-3.378
1.27926
1.44612
0.367801
1.45464
-3.85885
-0.696791
-0.0627452
16.447
-1.97434
-0.922294
0.6948
0.454297
-0.884478
2.65342
-1.54952
0.241915
-0.542007
-2.44492
0.161692
-1.79085
-8.16292
5.67131
-2.45117
-0.351867
1.56635
2.04346
-0.964253
-0.464445
0.467805
46.2244
-3.61202
0.222718
0.373329
0.418274
-3.15751
0.793153
2.22037
0.82208
0.665184
-0.458145
-0.0852645
-0.64375
-7.48788
0.654581
-0.408396
7.34851
-0.685407
-7.98542
0.18858
0.780638
-0.605172
-0.456167
0.277552
-0.532285
0.515936
0.899821
-5.62396
22.8472
2.22884
-4.78986
0.999926
-0.831547
-26.2882
4.46571
2.40869
-19.2812
0.469183
1.32213
5.08291
1.94764
-0.680022
1.33067
0.968228
-3.92332
-2.78656
7.66739
-2.49009
-4.0566
0.043394
0.0885309
8.5675
0.719312
-0.166049
-3.90093
3.22228
140.094
-6.08617
-2.00846
-0.19539
-0.674533
-0.239373
-0.524373
-2.10805
2.15352
-0.199224
0.0509457
6.42963
-0.337197
3.82417
0.569731
0.634267
0.2623
6.0869
0.2453
-0.205346
2.0163
-0.0748704
-0.783392
1.68795
0.923825
0.587585
16.9976
0.166202
0.972713
-0.643885
-0.715365
-1.29466
-2.1329
-0.884527
0.441004
-0.543804
-5.66408
0.64277
-3.8817
-0.773987
-0.0264495
1.37252
1.23815
1.6998
-0.76384
0.841117
-3.21683
-4.15134
-0.625682
-6.06712
-0.768516
0.235105
1.49211
-2.75458
0.707633
0.326105
0.217237
1.28899
0.237558
1.85772
0.399751
-0.072005
2.07587
0.252186
-0.0370939
-1.4245
-1.54808
3.6212
1.46582
0.120178
0.346847
5.75114
-3.42658
-1.2584
0.547881
-4.0548
-0.0385585
6.07406
-0.562212
1.00639
-1.08509
-2.04047
-3.15102
-0.564918
-0.356022
-1.73023
0.136542
0.751754
-5.31735
-2.33918
1.82951
-4.49901
-1.77279
0.150743
11.3161
1.86563
-0.953435
1.89676
0.604873
35.5795
-1.18396
1.41256
-1.65491
3.25362
4.61465
-0.735175
0.95264
-0.483879
-0.719206
0.417466
-4.6626
-0.331197
-0.504011
0.0815221
0.401676
1.21807
-1.7342
-17.035
-0.640813
9.33775
-0.0185576
0.767864
-0.239482
1.32374
0.558994
1.43265
-0.0353133
0.749728
13.3269
-0.466127
1.11089
-4.29652
-1.62563
-0.0222831
0.875589
1.08601
-2.96417
0.513388
-1.96969
1.49839
-6.74464
2.92367
-0.859366
5.53008
0.653032
1.94949
1.58872
0.368686
-2.95913
2.71544
-0.477779
-0.800982
0.0635494
-2.60528
-0.0537702
-0.326113
0.751994
0.695842
-1.1487
-0.424682
0.534981
-0.96498
1.85276
-2.85352
-0.805978
-0.960222
0.025322
0.894109
-1.18486
-2.54517
0.509667
-2.85228
0.32334
5.60155
0.529244
-4.77837
-44.0474
2.0607
-1.84948
0.262782
1.14645
2.26068
2.85251
1.10493
6.5497
3.02536
-0.602568
-1.0839
0.405914
0.468718
-0.420538
-15.987
0.312582
0.794968
0.501795
1.31469
5.84089
-0.3623
0.451849
-0.507801
-8.2259
-0.122879
0.936117
1.31897
0.708409
-0.226421
12.8467
2.70688
1.54415
-7.30359
-0.923032
1.46289
-1.63313
0.620965
0.43895
-1.12171
-0.493111
1.13913
0.398557
0.251496
-0.0973738
0.364328
-0.978936
-0.19885
-2.96307
0.437542
-0.518562
-0.262813
0.713817
-1.31717
0.886909
-7.59606
0.479533
-2.45696
0.544856
-0.053705
4.72748
6.1673
-1.25806
-3.89244
3.47539
-0.357468
178.602
-0.943423
3.62396
1.10736
1.64511
1.25651
0.746818
-5.03503
-0.636613
-1.53674
-3.37303
-10.6495
-5.50257
0.18291
0.249934
-1.70802
0.507157
0.629039
2.2499
1.01711
-0.241848
-0.744375
1.02444
-2.28091
2.65765
-29.4508
0.366768
2.61755
1.29536
4.45262
0.872872
0.486484
1.33368
-0.497858
-9.76533
0.921004
-5.31097
-1.23606
12.4029
1.15845
0.205385
-2.94604
0.161812
-1.56173
0.29991
7.20452
27.006
-0.438006
-1.59356
-0.420944
0.160703
-0.455024
-0.0790731
0.867776
-1.50713
0.58108
0.0956145
0.130309
2.16074
1.91687
0.22315
-0.658526
17.7929
3.85624
-19.1789
0.929954
19.581
0.267431
-1.48214
-0.622805
0.642099
-16.423
-1.65395
2.36362
-0.0759092
1.95718
0.520955
-0.961636
0.696304
-0.479006
-22.2155
0.720301
0.158211
-1.65225
1.30606
0.664433
-0.44098
-0.020616
0.488752
-1.07679
0.937038
2.03923
-1.91155
-1.57146
-1.55998
1.84154
-3.66433
4.54335
-0.557144
0.481976
-1.50731
-0.132832
-0.270504
2.61295
-0.108505
18.2232
0.218638
-60.5466
-5.6738
-0.790648
-0.356389
0.467156
-0.579687
-0.192571
-2.14727
-0.171517
-1.09489
4.57712
0.0880409
-0.989209
-0.530332
4.93883
-0.863773
-0.359014
-2.3194
17.6963
-0.990486
-0.028741
0.725516
0.45082
1.62679
-0.51502
3.23636
0.325359
6.77487
3.04977
-48.5467
0.436476
-0.95076
0.262973
-1.05233
-2.20938
2.42585
-2.39392
5.49243
2.09734
10.8747
0.506689
-1.47879
12.6944
0.211337
-2.26717
-0.587078
0.872245
0.978424
0.180656
-2.09097
-0.406769
0.355104
-1.32076
-8.06007
-0.968034
-2.05967
3.45027
-0.87867
2.96929
-9.74543
-0.0770933
0.00948674
0.107927
-1.33889
-1.59462
-0.443184
0.969441
1.16996
1.54376
-0.255518
-0.41675
-0.12692
5.34124
-0.0198139
-0.113531
0.00640943
-2.82422
-0.848199
7.27299
0.173195
-0.868972
-0.0543784
1.23581
0.835105
1.07148
0.594751
0.782142
3.80948
21.6837
2.77282
132.491
2.46665
0.108148
0.780978
3.7384
-0.403632
-0.211692
-0.622464
7.37685
0.605625
-0.956499
-0.864294
-1.29583
1.11519
2.64113
-0.689149
-0.017558
1.78325
-0.599111
0.510518
-0.150414
-0.457731
14.6858
-296.866
-0.934253
-0.0274269
-0.532134
-2.19838
-0.145707
0.122123
0.923469
0.331695
-0.526131
0.412703
4.49121
0.550492
-0.623885
-3.6872
7.5172
34.1269
4.24175
0.420356
-0.407799
9.87562
-0.546445
0.1793
-0.110419
0.113876
-1.5936
1.54859
-0.326167
-0.282468
-0.265262
7.76112e-05
2.71683
-0.613175
1.00614
-12.6894
0.54174
0.878674
-0.212246
-1.59075
0.124407
-22.2073
-0.845873
0.354816
-0.329944
-0.308279
5.42745
0.26159
-1.58282
1.18498
0.505928
-0.317195
2.51761
-2.65003
-0.964594
0.41783
0.291114
0.57522
0.13814
0.391977
0.459748
0.451159
2.19698
0.462781
-0.485831
-0.265579
7.78615
-5.38943
-2.08783
-1.27455
-0.290166
-0.188691
-1.62291
-1.97581
-0.220566
-0.698468
4.69216
-1.25936
-1.09647
0.164123
5.98221
-0.0883471
-5.48033
3.38972
2.67934
0.215622
-0.12023
9.57304
0.123282
-0.34709
-13.6331
0.249564
-2.22102
1.85309
-0.806427
2.531
-1.8363
-0.647815
0.7187
0.352373
0.58131
0.121461
-0.561526
-1.07016
19.6266
-2.04039
1.41399
0.550158
0.763518
-0.000866911
1.42336
1.62669
-0.350457
-9.69512
11.4175
0.118439
0.531332
4.32224
1.33604
8.84814
-0.659959
0.315072
1.7493
-0.936472
-0.629859
0.25459
0.912174
13.8364
-0.388346
-1.48737
0.866575
0.574144
3.38395
0.83448
1.59816
-0.294072
0.102072
-0.308983
-0.142248
-1.0939
-1.85805
-0.202592
0.475139
-0.883278
-1.59523
0.682835
-0.229459
-0.108875
-1.18396
0.756731
0.387175
-1.71206
-1.63241
16.336
6.65512
3.94088
0.347722
2.45251
1.48134
-2.8122
-1.39997
0.735667
0.533695
-1.02771
-0.363726
1.60894
0.269689
-3.0938
0.88843
2.24376
1.1215
1.67937
9.48134
-0.459289
0.154026
0.0488269
-0.905331
2.28959
0.981345
-0.567457
-0.300597
0.654394
-0.713152
10.1073
-4.21113
1.99219
-3.5562
-2.99805
-1.37466
0.561781
-0.839085
-1.00546
-0.249724
0.630032
-1.74285
0.670356
-0.0150592
-0.361825
-1.52888
-1.43044
0.944794
-1.48311
-0.464512
-0.415178
0.442216
-0.552851
-0.981327
-0.346269
23.9232
1.96679
-0.466642
-0.0951079
6.04579
3.24612
-5.26577
1.15573
0.274466
-7.11052
4.22126
0.067051
-1.09695
-0.208562
0.682836
-2.10713
-1.10021
0.35178
-0.0354367
-1.68032
137.87
0.289688
-0.848915
-56.9914
-4.57443
-0.216471
-3773.15
-1.80877
-0.236825
0.247479
0.808614
0.442311
1.16398
-0.203455
-2.10441
0.881617
-0.727175
-1.92297
1.10072
-0.0486379
1.14466
-0.15952
0.239806
-34.1014
-5.69986
0.465753
-5.30422
-0.882226
2.58541
2.4588
-1.69461
-0.654714
0.603153
-0.433519
-0.870922
11.1104
0.084355
0.470251
-1.58156
-0.0817375
1.00254
0.19344
0.356164
-4.84285
-5.33386
-6.17496
2.34089
-0.229019
0.161408
-1.59063
-0.11097
-1.30402
-2.75563
-1.44097
-0.0314095
8.99385
-15.7059
-9.5006
-4.67812
1.76555
0.737134
1.93604
-1.70751
-0.978281
-117.387
-0.566857
-2.06658
5.18503
3.57446
2.63232
-0.54668
0.959962
-0.839938
-1.82046
0.590196
-0.333802
-0.210869
3.63609
-0.0983864
1.88026
-1.31037
-0.131693
0.874129
-5.22117
2.58093
-6.00774
-7.86062
-2.64261
-0.616232
-2.28963
0.478477
0.266876
-0.319757
-0.448764
-0.0814184
0.307458
0.444323
-23.5324
0.107572
1.93088
-0.774004
1.12338
-0.0102314
0.198916
-3.45707
2.90808
0.0175796
-1.3155
1.73243
-1.08174
-3.63616
-0.515327
0.308539
-0.760636
-0.0750225
9.83883
-0.110189
2.30851
0.11245
-0.174111
-0.0210918
-0.00592971
0.782816
-2.28008
-0.00649034
9.78579
-0.830618
-0.894245
1.23527
-6.59192
7.14242
-1.02833
-1.29593
-0.214208
-2.30576
-0.879241
-1.53344
1.15411
-0.0345676
0.150969
-10.6591
-0.138025
-1.1681
73.18
-1.5728
-1.81158
1.03966
-0.633864
4.98535
-5.75475
1.22549
0.105593
0.494329
1.20759
-0.266536
0.0173633
0.661453
1.18499
5.56933
-0.453944
7.74279
-3.74352
-0.434312
-0.828542
0.515795
-0.46619
-0.0674367
-0.846204
-0.353775
1.17232
-11.1548
0.691265
2.3875
0.635589
-0.196076
0.0489755
0.122473
0.784263
-0.947518
-0.498198
-1.50345
0.255941
-1.54041
0.693861
-4.71632
-0.826076
-0.443319
-1.10889
11.2193
-1.36612
0.0576765
0.711413
0.459447
0.130064
-0.631722
-1.05819
0.840377
0.128384
-0.499785
0.123283
0.0950008
5.23867
-1.85281
-6.2843
-0.952567
17.1136
-0.256499
-0.981928
4.386
6.81295
0.0808548
-1.24084
42.5224
1.32136
-4.18599
-0.262203
-1.54174
-0.665557
3.85953
-3.70777
-1.05863
-0.790022
-4.75206
0.244011
1.93766
0.022454
0.650182
-1.79623
0.30598
0.615006
-2.03002
0.797774
5.12729
-0.488564
-0.509016
0.201223
0.648086
-0.677388
3.23577
-1.32761
-4.44466
0.364101
-0.640855
-1.86143
0.324951
-0.361886
-0.249594
0.329387
3.51358
0.745985
-0.0442105
-2145.34
1.80549
7.05832
-0.445246
-2.12213
-0.0352745
-0.479016
0.135247
-1.0993
-0.873091
-0.214617
1.61646
-0.805781
-0.163009
-0.716902
-0.372951
-0.879142
3.82413
1.25926
0.669828
7.16329
1.12326
-4.66684
-0.199988
0.37441
6.11753
-3.63311
9.21845
1.05882
-1.55419
5.75395
-1.04488
2.0384
-0.37686
-0.637282
4.01589
15.0073
1.16519
-0.23353
-0.593332
9.88275
-0.277077
-1.34165
0.359415
0.992638
2.0231
2.39467
1.77434
0.967297
0.206645
-0.40731
2.58238
-3.84833
0.373734
0.454983
1.15754
0.659276
0.999254
-0.329302
-1.18996
-0.23084
1.21664
1.05874
-0.463864
-4.84892
-1.08009
0.901368
0.469279
-0.596211
-1.25147
-0.153166
4.45105
6.18208
0.456043
1.9348
-4.73886
-2.15969
-0.573438
1.45022
-0.0533567
16.0154
0.70652
-3.53173
-0.205079
-0.0252855
0.363228
3.39473
-0.0228542
2.06238
1.03092
-0.77848
2.30588
15.3225
-2.10067
-0.361288
0.425539
1.70685
0.0802228
-1.71138
-1.0916
3.99653
-2.75156
1.80622
0.281109
-73.0064
0.68742
-0.108513
-0.673959
-3.62255
7.42432
-0.283157
1.5231
-3.81248
0.647695
1.54936
1.38368
-0.946217
-1.99296
-0.938946
-0.370379
1.16188
0.607074
0.294566
0.603248
1.77211
-3.7106
-2.14503
-2.03834
0.221042
-0.956445
4.87961
-1.39294
0.382862
0.811616
2.60738
-8.82652
0.822496
-1.42484
0.394568
-0.501983
3.9662
2.06651
-2.65742
0.713018
-0.913775
0.121195
1.24209
0.388105
4.07369
-0.710851
-1.31072
38.6234
-3.08291
0.421752
0.695608
1.05458
1.17642
0.957824
0.64506
0.134336
0.409845
-0.7578
-0.397303
4.07632
6.51143
0.198462
0.882284
-2.22495
-1.14594
1.81598
1.83851
0.52718
-2.22245
3.7947
-0.384545
-96.7179
-1.26497
0.178192
-0.373567
-0.190223
0.109863
2.84653
0.671114
0.44367
6.61243
-0.333865
-0.406118
97.7632
-1.82879
-0.56361
0.0195129
0.143392
0.372901
-54.794
2.1611
-2.44458
-0.507585
-0.0572762
3.19548
-0.115648
10.3245
1.37399
-0.32813
0.0469666
0.21305
-0.081184
32.0024
-1.83936
1.03216
-0.538744
-1.24065
-6.73626
-0.544691
1.79832
1.01433
-0.73173
0.736844
-3.69515
-0.3062
3.01207
-2.73931
3.62104
-0.658578
20.955
1.8183
2.54929
-0.846505
3.99041
-0.302827
1.47725
-4.99068
4.65968
4.25194
0.902653
2.84954
-0.351161
1.29566
0.0246374
-1.20851
0.800291
1.25819
-1.99805
-6.09173
0.559871
1.33077
-0.543115
0.0346049
-1.21666
35.3325
-0.901321
-1.34701
12.8911
-3.48189
-1.20357
-1.8965
-0.829439
11.9454
4.68891
-0.532929
1.42094
-0.616546
-0.0439557
-0.945413
0.0210914
0.869303
1.17932
-0.0948071
-3.21234
1.53819
0.969203
0.181196
0.629259
-0.0529562
-4.14475
-1.39185
3.01859
4.20032
-0.1264
3.93818
1.33015
-0.178953
1.52783
-0.844788
1.02118
-6.01144
1.62389
-0.745818
3.98945
1.99022
5.33677
3.51276
-3.53817
-1.28083
0.373204
0.946388
-1.00563
-11.2272
-3.62863
0.174623
-1.82772
0.942079
-0.884593
-1.02196
0.888391
1.91474
0.17537
-0.162578
-0.178982
0.418929
3.2733
-0.128411
8.94694
-3.00439
-2.78472
-0.583806
-0.661851
0.934232
2.0288
-0.6517
0.945464
-1.35473
-0.340569
0.576772
0.278939
-0.285897
-0.619079
-0.773776
-2.4358
0.103151
-0.727986
0.491271
0.211696
-13.5681
-1.12502
-1.95013
-0.535741
0.2716
1.22421
-0.558515
-2.79733
2.14838
-4.54763
-0.35338
-0.31145
-0.59716
-0.664334
0.62398
-0.744769
4.52687
-0.724719
1.03988
-8.9572
1.26443
0.118561
1.43621
-0.131559
-1.65536
-12.573
1.6244
-0.616814
-3.69787
1.02568
4.68608
0.0177742
-5.03749
1.2565
2.01235
-0.12486
-0.296019
-1.80042
-1.39476
-2.09532
0.197651
0.192114
1.28922
0.517859
-20.352
-3.14972
-14.733
-0.999767
1.55181
-4.22582
-0.161735
0.149507
0.261122
0.699674
3.06106
-0.305305
-0.522608
-0.0807893
12.9441
-0.429022
-0.0919418
-1.00603
-4.17416
0.592876
1.29649
2.11528
1.39854
-0.419451
2.23709
2.43212
0.948179
-11.3943
1.33734
0.0517613
11.254
0.0542156
-1.53224
0.702924
0.93894
-2.59499
1.50395
0.216071
11.0426
0.508178
-0.563132
-2.21708
-110.775
55.39
-3.55144
-4.0799
-0.682618
-0.471327
0.660703
1.71951
-1.40774
0.00212201
3.08711
0.310833
0.0205931
0.601226
1.52833
7.41047
2.6942
0.984683
1.76547
-1.16996
-0.428859
0.105366
-1.12016
-0.423864
-0.993886
-0.744296
4.18087
0.639189
-0.286616
9.03066
10.6142
-0.1658
-1.08753
-4.61809
-3.72576
19.9609
-0.395007
0.579691
16.7872
-0.585485
-0.174053
-0.811699
16.4339
-0.959324
-1.33254
0.390779
1.40552
-2.2795
-2.80497
-0.257699
0.029398
0.47197
1.7722
0.0214037
1.17065
1.5262
3.04151
-0.991812
6.15836
-2.49731
1.6091
1.04124
-0.670663
0.255657
-0.628471
-2.54407
0.559101
-0.1202
1.01074
-7.68433
-2.47696
1.10159
-6.00259
-0.557987
0.854105
-2.23385
-6.32407
-2.02371
1.23418
0.773004
-0.760729
0.122825
0.0484635
-1.96472
-19.4673
0.349893
7.12368
-5.81491
1.2007
0.98115
-6.64914
-2.5478
0.332864
0.908457
3.36213
1.4811
1.27286
-0.368923
24.4965
0.195516
2.92931
1.95153
8.12157
-3.18257
-4.89334
0.405225
2.01682
-2.4184
-0.0243238
6.02884
15.7147
2.29779
-0.375148
-0.853452
1.07044
-0.00310224
-101.555
-0.0423533
-0.0516766
3.40047
0.473931
-1.42197
3.55096
-0.558566
-0.743659
1.75257
2.17252
8.23931
0.1951
0.641774
0.0439424
-2.36284
0.0056208
-0.469945
-0.173003
1.00521
0.652355
-1.08817
-1.33569
17.6864
-0.216288
4.57791
-0.260704
2.9715
0.283903
0.756823
-2.45772
3.10351
-0.233393
26.9748
0.73764
-0.427814
1.57347
-0.323881
-0.803087
1.39643
8.55463
-7.28891
1.11931
0.757497
0.895161
0.723028
0.126319
0.552595
-0.632904
-0.432163
-16.0963
-0.900465
-0.931596
-0.967535
-0.201372
-0.276262
-107.605
-1.28469
3.7774
5.24436
0.846976
-0.752715
0.36257
-1.5705
1.76929
12.6086
0.137379
-1.27963
-1.19549
-3.92366
-2.21743
-1.38079
-2.72326
2.06966
-0.380643
0.198722
35.4841
-1.36461
0.411546
-1.08065
-1.052
0.535107
1.93169
-0.821744
1.67329
1.16982
0.0806447
6.4082
0.402359
0.121318
1.21604
-5.18146
0.116835
1.37541
-0.0749057
1.32562
-2.7275
-3.0083
-0.665152
0.993889
-3.8733
-1.15672
3.78666
0.543683
3.50431
0.563464
-0.060607
1.58766
-1.58857
-0.54807
2.49094
-3.00357
1.94895
-0.0345841
0.26132
-1.85609
0.0538588
-0.257911
-1.13598
1.50529
-0.314807
1.11203
-1.02078
-11.3783
0.868909
1.07606
0.40463
-1.20366
-0.405901
67650.7
2.87828
4.91497
2.18487
-0.901805
-0.0969271
-0.782092
1.71381
-0.549492
0.0577312
-0.892211
0.454451
2.10217
-0.879432
2.01416
1.372
-2.85654
-4.58499
-1.83061
-0.123918
0.436972
-7.24797
-0.490382
-0.309617
-0.891208
0.219068
-0.627706
2.20365
7.93889
-0.0905261
1.9371
1.2287
0.0661416
1.57009
-0.283934
193.117
-0.396066
0.560986
0.644483
0.641839
1.67077
-1.95766
-0.115528
3.45061
-0.522525
72.7152
0.0692121
-0.765385
-5.31031
-4.87478
-0.0689358
1.23438
4.36123
0.820291
-2.7316
-3.44516
3.39668
1.05523
-0.328205
-1.65749
0.728593
-0.639602
-0.140549
1.13065
-0.606464
0.678553
-0.477359
-0.188546
1.31247
-0.568243
-3.16109
-1.28718
-1.20463
-2.52162
-0.665999
1.56478
-2.82284
-0.152635
0.932198
-0.379977
-5.21105
-0.913217
0.230685
-6.10688
-0.81719
-0.52645
8.93504
-0.513562
-1.79501
-0.47014
-10.8106
4.43722
0.0105489
5.3091
0.190668
0.0739256
-0.94002
1.4525
3.13593
-3.87966
0.820896
-1.24486
2.35397
1.27217
2.08801
0.733115
-0.303859
-0.688949
28.2707
0.636559
0.236177
0.54083
-3.30253
0.240092
-0.427615
2.5562
1.62767
0.275244
-0.399586
1.26605
0.218934
3.66084
-1.81844
0.783655
1.44103
-3.26447
1.58024
0.102465
-1.88875
0.481262
-0.203916
-0.948418
4.68314
-1.55602
-0.298359
2.90105
-3.32186
-12.7197
-2.16119
-0.0867025
-1.84043
3.06243
1.04073
-7.83609
0.134445
0.254197
0.13627
0.482907
-2.3448
-0.176302
-0.497185
0.221112
2.79634
-0.818447
-2.11988
-10.1493
3.01884
-0.103094
-0.346686
-0.185718
-0.200861
0.351933
-0.289105
3.00449
4.88257
-0.200907
-1.12654
-10.9618
-0.186946
-6.78403
-0.518637
0.914032
0.131421
0.879995
81.9938
0.0764863
-3.04619
0.247619
0.827655
-54.0486
-1.59873
-1.4427
1.35957
-1.52718
-0.230916
0.461609
0.794738
-23.2399
1.74602
0.281371
-0.262048
-0.244141
-0.0647968
14.6579
-12.4779
-434.589
-1.17528
1.45475
-0.0675082
-3.39681
0.0175668
-0.904526
1.21858
-0.0718528
0.782484
-0.904175
0.705434
-7.4014
0.17057
-0.784165
-2.41756
-0.644122
-0.605449
3.5998
1.9839
-0.317589
0.678729
-0.569209
-4.62012
5.3866
-3.91107
-0.112856
-1.06599
-0.604881
-1.85244
1.1999
-1.10713
-0.517502
3.10957
3.97612
2.65964
0.847732
0.0678697
4.36798
1.3259
0.889587
-0.735267
3.17595
-0.481436
-0.328116
-0.412549
0.561746
-0.0280095
7.62567
-0.652843
0.362628
2.26874
-1.09026
1.5061
-0.52909
2.49746
0.420717
-1.40582
0.959593
-0.117354
-6.62629
-1.4486
0.801904
0.924427
-0.333325
-0.363778
-0.24871
1.02315
-0.473245
-0.575262
0.309407
0.332317
4.86666
2.79358
-2.03314
-3.63666
-2.49329
-0.978076
5.43738
3.54636
-0.0664903
2.25072
-0.159943
-0.343397
-0.275157
0.782901
0.907169
-1.87884
-2.24512
-0.073666
-0.127941
0.667877
-1.32993
-0.00986004
1.20184
3.20564
1.04442
274.387
-60.0253
0.117997
-0.628271
-1.76524
1.0959
0.0533533
4.99056
-0.0468404
2.84878
-3.46454
0.752608
0.449227
-0.812767
4.47887
-1.52985
-19.1963
-1.36545
1.0973
-1.09778
0.0917004
1.59327
9.25806
-3.80338
-1.28218
-1.4056
-0.492027
2.85477
0.220258
-1.09709
-0.596562
-0.878737
1.8688
0.504877
0.410997
-0.693681
1.01078
1.05954
1.58385
3.17302
0.534692
3.14836
0.000526771
-0.493614
-17.742
-0.176493
-1.16064
-1.53538
-0.892164
0.825419
1.08501
1.85614
-4.1685
-0.115502
-3.80381
4.45309
0.182842
3.2402
0.290274
0.97051
-5.90294
2.75787
-0.487141
0.5694
-0.82462
-0.646394
-2.13892
-3.25885
-0.987222
7.58127
2.89851
-0.897446
-162.386
-0.166761
2.17766
-0.305474
0.510825
0.42232
2.01499
1.59344
4.96334
-2.01488
1.30986
5.75353
-1.20217
-0.0843208
2.13102
0.644183
-8.61701
0.0491512
-2.01697
0.962215
6.15985
1.57269
-0.609446
0.0206739
-0.216162
-0.619701
2.17319
0.149692
3.32481
0.384939
-1.3664
1.25148
13.0538
3.51815
-0.590927
-0.257098
9.81891
-0.764635
-0.102965
-1.94133
1.80853
-2.46678
0.942192
-0.100133
1.5925
5.28794
-0.125398
1.33515
0.275939
13.2531
-0.0710543
2.0343
-0.594748
-0.613602
-0.133329
20.2095
3.27277
-1.39168
1.6177
0.491161
-1.02176
-0.254538
-2.98562
-0.765486
-5.40659
-0.219121
0.596787
-1.65323
4.34448
-0.599353
-3.29733
0.139267
0.802692
0.142094
-0.580391
2.97723
233.157
-4.03565
0.216356
6.08524
0.400487
-0.328933
-2.1829
1.693
0.0726216
-2.58586
-0.409673
-1.13667
-0.697199
-0.976415
0.213641
0.509974
0.782299
-0.419479
1.41581
-20.883
-4.29058
-4.86618
-6.18953
-2.63128
0.885528
-0.267968
-0.278961
1.03222
1.02631
-1.35617
0.206706
0.668616
-0.339336
-12.6049
-0.181715
-0.564783
-18.5073
-0.0139386
-0.994373
-0.599501
-0.0865982
2.77956
-1.49423
2.36158
-0.216364
4.64613
-0.162207
0.181351
-5.35149
-0.802552
-2.28731
41.1782
0.410727
-0.653982
-0.126372
-4.97787
-9.28861
0.569302
-0.375421
0.20704
-0.603636
1.4613
-0.742288
0.5432
0.716794
2.22398
1.42013
0.968945
0.160638
0.317101
0.020094
-5.68214
-1.32382
-0.467886
1.80468
0.383066
-2.77145
-0.195449
0.443987
-0.990014
-0.0704272
-0.162629
0.512195
0.888456
0.230961
0.635871
21.5167
-0.708931
3.78601
0.510905
19.9787
0.338291
-0.133931
2.46834
-1.21536
-0.207739
0.960623
0.969917
-1.58172
-0.976377
-3.03871
-1.7801
0.546908
0.062394
0.348266
0.573502
-1.39509
-4.5578
-0.388639
-3.12477
-0.520178
-0.135296
-0.0259539
-1.05159
1.58864
-2.09198
-0.302987
4.14427
-2.80097
-1.50788
-2.28008
-1.11632
-0.968593
0.237096
0.534423
0.155492
0.0534979
-62.8252
-0.481792
0.341117
1.00493
-0.981744
-1.43184
8.00238
2.52973
-100.746
-0.414331
5.34443
-0.7998
1.49565
-7.7055
-1.57195
-0.618087
2.05494
2.19658
0.26173
0.725431
0.257626
0.399314
0.112995
0.438343
1.1864
0.308801
0.362912
-1.00457
-3.59821
-0.177819
-14.6398
5.61263
-0.29214
2.15793
-2.35536
2.45629
-0.117021
0.666191
-0.0254865
-1.16558
-0.562923
-1.19027
-2.84171
0.00594334
-1.24785
-2.45123
3.1889
-1.11273
-0.930485
0.811818
-0.86238
-1.3428
-0.628359
-3.11163
-1.12755
-5.38366
-6.11676
0.32757
1.31183
-0.583313
0.415081
14.5735
-7.54734
-0.559458
-1.04981
-0.0899124
-1.0513
-0.995093
2.72578
-1.1267
3.4719
0.209369
-0.733332
0.513245
0.348409
3.36783
0.583806
0.0124156
-0.0217441
-0.263772
0.310348
-1.64599
2.43295
-0.0535427
1.21364
1.14957
0.845513
-1.43547
0.434746
-1.13108
-1.10136
-1.76062
2.28306
-0.84882
13.6658
-0.602538
0.324933
2.47257
65.9485
0.756608
0.328335
-0.376133
-0.173771
0.347196
-0.149415
-0.957019
0.46145
-0.214535
0.186715
4.1415
1.03994
0.822844
-0.783291
-2.10069
-0.0444228
0.357518
0.945024
0.783197
-1.20637
3.82853
-1.0664
0.0152395
1.54852
0.184303
0.818365
0.288375
0.891261
2.25389
1.01259
39.1639
-3.41635
-0.570608
-3.80189
-0.377871
2.37384
-1.93097
1.01512
0.806631
0.519062
10.5891
-0.728767
-3.83263
0.309569
-15.0758
0.0761379
0.341974
-42.1983
23.3037
-0.0647549
-0.816202
-0.00136691
-2.25027
-0.035276
-1.19337
1.22918
-0.340968
-144.686
-0.710082
1.8299
-1.17907
0.696074
-2.94048
-8.95158
1.83862
-1.35952
0.42737
1.70602
-0.870552
2.00475
-1.00138
-0.766652
-2.36616
-1.79338
-0.97595
-0.208153
-0.626304
-0.693604
-3.01526
-1.80552
2.95308
0.363156
-1.26477
3.95307
-0.074187
-22.9212
-0.889437
1.53522
1.83304
-0.521914
1.39405
-0.695503
-0.590542
0.025993
1.82561
0.698873
0.446861
-1.12343
-0.726355
-0.274407
-1.51921
0.234032
-0.689862
0.31989
-11.2905
-8.45301
-0.242616
1.16976
-1.3966
-2.87514
0.46069
-0.230607
0.728588
-1.46574
-4.86243
1.96514
0.626502
-0.354592
-1.13415
-0.32834
-0.127904
0.0908816
6.37588
-0.0676569
0.504948
-1.45326
0.333924
0.194043
-1.95562
0.103804
0.918285
-0.0427837
-0.902913
0.327161
-0.836495
-2.01324
-3.89136
0.917668
-0.587683
1.3364
5.14265
-0.0234009
-0.641324
0.123929
-0.0167217
8.12036
0.120526
1.66022
2.20362
7.22823
-1.2011
-9.79528
-2.09269
-26.9404
1.13047
-5.06713
-0.923952
0.217061
-4.99387
6.66902
1.13985
-0.102481
1.16671
5.12532
-0.368838
-1.35954
3.43679
1.62402
1.25959
-0.33188
0.873857
-2.68277
1.97287
-8.88738
-3.24937
-5.69027
0.106504
1.13833
-0.578568
-6.94466
0.548738
-0.251062
-7.77307
0.677921
-3.51703
1.66703
0.344615
1.57194
-26.459
-1.9006
-28.7407
0.793535
1.38631
-1.62846
-3.21798
-60.315
0.02263
-9.95959
0.776402
0.456143
1.17751
4.7075
0.95062
1.21394
-10.7865
191.383
-8.54608
-0.257044
-0.39414
0.753468
0.371368
-0.442199
-0.890343
-0.400038
-0.0164087
0.847593
-0.181397
1.88645
0.229721
-0.383638
-1.82567
-0.807302
0.183361
0.239923
0.229387
0.410814
11.3224
1.06312
-0.0327252
0.307945
-1.94422
0.115516
0.229224
0.377454
5.13964
-0.0250357
-0.387655
-6.94255
-0.315586
-0.302476
3.67064
-0.679981
0.0607828
0.790695
-0.56144
0.242679
0.349204
2.54361
0.97837
0.33382
-0.597449
-48.6623
-0.0440809
-3.6826
-0.279989
-4.15445
28.417
-15.3144
-1.19087
1.67432
0.163948
0.0449145
1.37961
-0.708134
-2.12294
0.578442
-0.882014
-0.728153
2.15274
0.195003
-10.9511
807.934
0.30534
-0.305927
1.3072
-0.125295
2.89371
-2.49045
4.75869
8.64667
-1.27528
-0.957884
-0.971689
2.14911
9.97977
13.2225
-1.24636
-1.03506
-8.37274
-2.06162
0.667042
0.368631
-4.2886
-0.29503
-2.53414
-0.471482
32.8256
-1.26284
-1.59331
0.0783252
-6.47312
-2.00885
6.24146
0.447534
0.372626
0.0449235
0.00422843
1.22574
0.066527
5.96116
-2.49472
-4.19737
-0.383205
-0.0663459
1.70454
1.22451
1.83773
-0.191524
0.174275
0.0794159
-1.27465
0.992786
-2.69903
9.90989
3.35529
-0.954733
-5.89888
7.88643
-8.06332
-0.216024
-0.180177
-0.243832
3.04254
-0.545075
0.177703
-0.0784837
0.242582
1.39098
-0.348418
-0.772694
1.92649
-0.0921114
-2.35199
2.14322
5.35316
-0.946082
-3.3179
-0.900763
-0.708057
-0.847619
0.890081
-1.43065
1.24206
-0.101161
0.224739
0.981072
-0.941515
0.326933
-5.10488
-5.74189
2.21956
0.214623
1.24655
0.409801
-0.0160986
-0.960811
10.0874
-0.848447
-0.0632363
-2.56033
-1.44204
-2.35785
-2.22533
-0.525332
-0.118316
-2.08227
-0.333112
-0.488366
0.231189
-3.09498
0.794001
-0.137158
0.0458421
-0.910158
