0.613927
0.810863
0.340619
0.69648
0.379178
0.797205
0.425254
0.680022
0.233552
0.528836
0.503274
0.77777
0.531471
0.320046
0.644925
0.269957
0.440941
0.273348
0.35257
0.403764
0.189061
0.495158
0.476106
0.632607
0.408681
0.229117
0.787291
0.865572
0.437048
0.198914
0.38483
0.865698
0.555206
0.454212
0.620995
0.783665
0.323471
0.632011
0.704085
0.776221
0.523498
0.26186
0.480537
0.0607604
0.734128
0.474837
0.389882
0.360341
0.531288
0.578555
0.781431
0.696602
0.309618
0.226606
0.562502
0.527957
0.685152
0.571307
0.705473
0.381493
0.0770609
0.511319
0.479003
0.400882
0.417333
0.0361052
0.7037
0.078433
0.347918
0.270376
0.493294
0.244086
0.395483
0.613875
0.270413
0.471655
0.437192
0.27334
0.595185
0.194929
0.0719766
0.849438
0.58164
0.702349
0.388211
0.265091
0.280009
0.43576
0.480816
0.433188
0.0640843
0.230311
0.641122
0.829341
0.285557
0.310746
0.456563
0.664426
0.558255
0.453228
0.462086
0.685165
0.643224
0.618246
0.641151
0.749523
0.462134
0.383296
0.454128
0.644953
0.525432
0.415529
0.460821
0.497271
0.589377
0.223804
0.599437
0.348898
0.531518
0.653088
0.196847
0.298034
0.948732
0.60632
0.536882
0.652841
0.339487
0.811292
0.340104
0.47251
0.248981
0.542052
0.657367
0.183031
0.561126
0.442559
0.610956
0.650128
0.156386
0.308961
0.603578
0.583061
0.673178
0.627734
0.342337
0.786357
0.179282
0.539134
0.889576
0.364981
0.557404
0.835788
0.365309
0.252369
0.527092
0.688921
0.609603
0.538275
0.467529
0.531464
0.602778
0.629768
0.388725
0.867303
0.58435
0.827144
0.651221
0.605925
0.768483
0.917289
0.79795
0.165918
0.296879
0.298226
0.39041
0.810957
0.384728
0.805589
0.601005
0.17714
0.099274
0.607628
0.883408
0.857734
0.273791
0.500481
0.514365
0.304601
0.424989
0.837831
0.677442
0.696621
0.244315
0.774181
0.358231
0.263476
0.620811
0.0317981
0.270392
0.224974
0.885391
0.49834
0.273967
0.335843
0.516219
0.543269
0.535638
0.275341
0.697477
0.861878
0.581376
0.489405
0.476845
0.709008
0.784133
0.216956
0.730666
0.800835
0.404356
0.385803
0.44265
0.610445
0.562918
0.858886
0.467262
0.36667
0.791117
0.597743
0.330336
0.32889
0.699496
0.573638
0.376986
0.33369
0.27783
0.522125
0.683405
0.610209
0.636616
0.665543
0.389583
0.295466
0.692206
0.51931
0.582204
0.241584
0.262175
0.488646
0.470975
0.324339
0.466177
0.726656
0.580192
0.704681
0.22411
0.674364
0.555532
0.467339
0.32449
0.787416
0.31156
0.306273
0.630304
0.559585
0.278419
0.426038
0.438702
0.904041
0.419266
0.499093
0.568687
0.511391
0.268409
0.717102
0.983707
0.167926
0.581424
0.492406
0.542869
0.325028
0.202932
0.434504
0.00657654
0.535593
0.667924
0.513493
0.203791
0.227241
0.393559
0.4336
0.115179
0.614271
0.438037
0.717985
0.168059
0.247538
0.361505
0.331462
0.716657
0.0878004
0.693677
0.758694
0.248751
0.325422
0.679162
0.667106
0.38354
0.156786
0.431913
0.40928
0.584666
0.502119
0.295064
0.389465
0.397894
0.284837
0.7942
0.900861
0.439138
0.400757
0.626096
0.540164
0.621598
0.835756
0.488733
0.266358
0.849672
0.429463
0.892169
0.572379
0.563446
0.854477
0.36621
0.49908
0.844861
0.247289
0.484993
0.696298
0.36149
0.787527
0.458224
0.218805
0.605139
0.513354
0.603965
0.465885
0.37164
0.856761
0.041376
0.800306
0.729136
0.795048
0.458625
0.520912
0.151227
0.593077
0.169142
0.555992
0.677532
0.241637
0.528521
0.472391
0.348888
0.204805
0.617403
0.576064
0.501445
0.735045
0.687727
0.368806
0.359764
0.498408
0.81848
0.716295
0.122601
0.710087
0.442681
0.504729
0.577697
0.487126
0.1124
0.485267
0.717615
0.191874
0.598401
0.53264
0.673728
0.116144
0.523033
0.719612
0.168941
0.828588
0.859547
0.912992
0.0528879
0.700851
0.270666
0.447531
0.580146
0.803301
0.689212
0.186751
0.488911
0.217702
0.861437
0.72757
0.513362
0.488971
0.68972
0.378917
0.409153
0.505195
0.348022
0.511369
0.891901
0.566208
0.336113
0.540681
0.899674
0.225413
0.234817
0.215798
0.921185
0.553907
0.584434
0.512159
0.223078
0.604571
0.504801
0.20163
0.416295
0.308265
0.193303
0.436801
0.48937
0.513971
0.874158
0.742622
0.584603
0.526211
0.538685
0.882851
0.592752
0.370721
0.634634
0.830558
0.597103
0.644717
0.268177
0.626398
0.124917
0.630583
0.822536
0.798588
0.692216
0.257945
0.832515
0.724818
0.198085
0.313229
0.457153
0.756853
0.0910058
0.279646
0.748456
0.458606
0.458648
0.5432
0.720321
0.221155
0.662877
0.558691
0.388533
0.543816
0.544974
0.507805
0.702729
0.577106
0.566017
0.511099
0.65965
0.216554
0.340564
0.526184
0.721487
0.158958
0.496968
0.56237
0.623841
0.865181
0.596419
0.5917
0.717384
0.733979
0.218892
0.299439
0.430962
0.335105
0.34411
0.292824
0.369152
0.570006
0.698234
0.211978
0.374457
0.855255
0.49374
0.935638
0.815988
0.525505
0.464663
0.758311
0.44777
0.23456
0.608597
0.484029
0.258464
0.73818
0.219297
0.221616
0.470377
0.550961
0.570994
0.601641
0.711874
0.499898
0.251415
0.427587
0.168799
0.504708
0.201409
0.622617
0.314977
0.292434
0.383975
0.375198
0.539397
0.431919
0.865741
0.69611
0.350994
0.220221
0.453436
0.187667
0.386122
0.67359
0.203101
0.142545
0.516621
0.713044
0.73954
0.521192
0.617822
0.569457
0.329265
0.227548
0.478742
0.383313
0.795852
0.674514
0.206106
0.295355
0.218529
0.102463
0.387405
0.309291
0.292023
0.622792
0.646175
0.0869009
0.439391
0.5783
0.267566
0.277334
0.263892
0.554801
0.829426
0.591582
0.517128
0.692981
0.590973
0.652968
0.577708
0.722876
0.428056
0.665525
0.419001
0.199674
0.833499
0.562308
0.44989
0.520531
0.208287
0.380448
0.505461
0.146997
0.452134
0.452058
0.523929
0.18314
0.130249
0.830527
0.763407
0.639835
0.469726
0.358045
0.291157
0.362524
0.158954
0.528104
0.23518
0.662488
0.234507
0.348978
0.552298
0.0567772
0.402215
0.251409
0.779669
0.51383
0.925321
0.6238
0.651848
0.482126
0.507742
0.156657
0.649499
0.947124
0.502379
0.627765
0.377495
0.954069
0.693101
0.291139
0.841012
0.525131
0.557277
0.314066
0.701953
0.700538
0.348569
0.343101
0.271324
0.494077
0.39493
0.31456
0.454731
0.260281
0.344379
0.538461
0.559455
0.648063
0.183947
0.294859
0.54652
0.725118
0.490214
0.543606
0.536162
0.698416
0.640929
0.155786
0.529027
0.0652246
0.536245
0.0577451
0.579768
0.580502
0.468026
0.504878
0.0582617
0.132039
0.671391
0.477513
0.472922
0.423446
0.142035
0.458388
0.239416
0.163861
0.665903
0.090728
0.697907
0.576204
0.657205
0.34591
0.366644
0.224693
0.121771
0.705428
0.435746
0.626377
0.452829
0.2765
0.231208
0.48733
0.235859
0.444546
0.507023
0.266151
0.510611
0.786866
0.456603
0.627183
0.547084
0.635774
0.589992
0.65269
0.485696
0.428933
0.729436
0.82377
0.330354
0.800413
0.274197
0.57829
0.739163
0.165804
0.829998
0.472314
0.116405
0.194197
0.355491
0.308585
0.268686
0.331839
0.526603
0.68831
0.758047
0.677334
0.250997
0.365028
0.787971
0.674333
0.682943
0.543434
0.529776
0.390178
0.510199
0.320878
0.584483
0.130941
0.337867
0.701606
0.439091
0.785218
0.621016
0.34787
0.288899
0.508765
0.0521209
0.729505
0.244263
0.51524
0.657384
0.293717
0.818596
0.1177
0.47678
0.836296
0.614718
0.501773
0.287483
0.48857
0.511425
0.672383
0.883227
0.65279
0.436596
0.207126
0.259457
0.271514
0.344908
0.413785
0.80471
0.390752
0.457455
0.207555
0.704092
0.896173
0.139905
0.413216
0.474653
0.32851
0.780497
0.614313
0.441579
0.517437
0.276703
0.908239
0.407067
0.549502
0.660101
0.713547
0.952174
0.379314
0.705392
0.781682
0.749537
0.715874
0.116839
0.395246
0.768171
0.116865
0.411293
0.431696
0.449461
0.389693
0.581592
0.515637
0.767324
0.753163
0.500108
0.792477
0.809312
0.519825
0.594743
0.286664
0.195446
0.515165
0.696378
0.652039
0.666921
0.692979
0.527872
0.610387
0.718622
0.510381
0.302721
0.675095
0.221871
0.102908
0.361756
0.475389
0.903095
0.599168
0.546259
0.675868
0.939292
0.422203
0.7459
0.606442
0.74356
0.465462
0.742522
0.197336
0.49748
0.366611
0.381221
0.507964
0.708244
0.431724
0.336026
0.840151
0.905936
0.722245
0.708918
0.365976
0.241814
0.481842
0.130657
0.546196
0.205554
0.461563
0.454971
0.472498
0.764816
0.748709
0.401852
0.178439
0.572872
0.304416
0.271101
0.410546
0.430978
0.891148
0.586519
0.250498
0.685432
0.685974
0.529467
0.687113
0.251416
0.327854
0.375516
0.546012
0.365465
0.0737808
0.26972
0.325718
0.167377
0.213953
0.287428
0.629653
0.304269
0.431673
0.863517
0.629352
0.750866
0.338781
0.681279
0.888341
0.579801
0.35876
0.652936
0.398848
0.435109
0.291432
0.669733
0.752911
0.215173
0.53713
0.135682
0.340927
0.524516
0.783609
0.523236
0.637233
0.18587
0.602417
0.711359
0.724397
0.206406
0.937268
0.409453
0.393491
0.568711
0.406839
0.569508
0.0421891
0.384457
0.137517
0.191278
0.219034
0.435674
0.374777
0.491486
0.511147
0.376476
0.219208
0.510581
0.461959
0.630911
0.256432
0.654709
0.190689
0.866755
0.798625
0.513775
0.659272
0.229401
0.56558
0.469152
0.325697
0.475919
0.479626
0.829184
0.403224
0.260876
0.342898
0.54242
0.218199
0.408842
0.456591
0.285116
0.768108
0.692771
0.616812
0.0611178
0.506614
0.363863
0.204477
0.861415
0.54154
0.701152
0.539285
0.69264
0.680587
0.734174
0.489263
0.496227
0.890972
0.418695
0.654424
0.552911
0.48361
0.104936
0.850015
0.623565
0.357872
0.63396
0.613267
0.852013
0.0548947
0.647299
0.496803
0.196198
0.708763
0.826367
0.378578
0.521058
0.236129
0.733202
0.236646
0.452291
0.684014
0.456421
0.568928
0.440039
0.41802
0.442441
0.582625
0.313124
0.571979
0.590904
0.0718309
0.327825
0.625706
0.606184
0.619305
0.553119
0.297837
0.2279
0.41117
0.42187
0.241356
0.628743
0.490536
0.762319
0.853164
0.0966764
0.584597
0.766588
0.836491
0.552096
0.543705
0.625376
0.404022
0.742602
0.692091
0.245795
0.53578
0.675275
0.207454
0.66999
0.802035
0.367442
0.157292
0.435972
0.658288
0.513423
0.597866
0.39166
0.484675
0.680524
0.69873
0.423557
0.581352
0.478958
0.141081
0.540527
0.387671
0.426411
0.438515
0.420864
0.346512
0.389954
0.668273
0.859968
0.504188
0.789912
0.141534
0.831603
0.476111
0.758493
0.481895
0.69552
0.612141
0.539366
0.558656
0.358447
0.793417
0.784405
0.810051
0.64663
0.452722
0.554335
0.702943
0.311421
0.738334
0.577462
0.358849
0.312619
0.77994
0.293971
0.618293
0.467362
0.74498
0.353762
0.340528
0.688145
0.212691
0.297496
0.305451
0.647063
0.19664
0.699684
0.398144
0.892389
0.707606
0.468374
0.950762
0.618129
0.797815
0.46945
0.765561
0.670064
0.732613
0.678922
0.458525
0.497998
0.402306
0.47999
0.294452
0.481256
0.357908
0.642257
0.518272
0.522957
0.910493
0.389474
0.648003
0.501041
0.492715
0.533642
0.54376
0.865409
0.798184
0.493506
0.503966
0.478683
0.382957
0.50343
0.300939
0.623058
0.663639
0.645648
0.52768
0.16017
0.24666
0.508987
0.897633
0.170058
0.378572
0.606603
0.168654
0.356709
0.560642
0.303111
0.538114
0.251607
0.50318
0.849027
0.502261
0.745744
0.523769
0.451631
0.551255
0.51986
0.574437
0.692608
0.881084
0.619951
0.608736
0.413017
0.181385
0.650446
0.701133
0.616693
0.578388
0.553549
0.376118
0.498006
0.48646
0.745266
0.598352
0.195426
0.399206
0.334225
0.861075
0.937378
0.418617
0.418685
0.768285
0.822984
0.902447
0.512824
0.854886
0.821205
0.267647
0.280601
0.483522
0.74418
0.920453
0.551887
0.290164
0.333015
0.628419
0.47131
0.553158
0.378333
0.480351
0.308024
0.70032
0.487509
0.40871
0.469475
0.551281
0.522006
0.524552
0.462024
0.360602
0.490594
0.624403
0.585921
0.261631
0.2388
0.495711
0.514478
0.729701
0.375659
0.834468
0.372383
0.541428
0.592123
0.894402
0.593637
0.197683
0.730195
0.548611
0.615735
0.631587
0.349454
0.835778
0.0761089
0.407686
0.11199
0.295941
0.65464
0.639778
0.3843
0.42441
0.399912
0.555567
0.164301
0.77349
0.446972
0.496963
0.224713
0.434509
0.453305
0.583392
0.474566
0.598861
0.63275
0.137313
0.544852
0.325651
0.55173
0.569376
0.381353
0.671784
0.778751
0.475586
0.868776
0.542163
0.269091
0.878609
0.219434
0.504791
0.557358
0.45529
0.853283
0.337226
0.768527
0.275614
0.402984
0.613725
0.303619
0.515157
0.239263
0.530775
0.781709
0.711508
0.282116
0.164231
0.710892
0.770694
0.408711
0.653204
0.514632
0.885256
0.368057
0.550889
0.366846
0.0317651
0.457192
0.844896
0.511745
0.440219
0.30748
0.441071
0.398032
0.476412
0.289184
0.674507
0.389208
0.293916
0.396637
0.546103
0.682593
0.37531
0.466429
0.206974
0.85192
0.610665
0.461092
0.487787
0.407124
0.210495
0.387029
0.695122
0.537926
0.313434
0.587021
0.608764
0.685101
0.356201
0.345714
0.686748
0.487669
0.293013
0.4752
0.430737
0.520665
0.688885
0.123347
0.132025
0.414485
0.609283
0.598947
0.69496
0.593012
0.0677079
0.476403
0.244028
0.456643
0.491122
0.382456
0.524946
0.152989
0.575988
0.744787
0.908162
0.72012
0.328161
0.77611
0.231757
0.764945
0.238345
0.269055
0.854239
0.675245
0.60937
0.390507
0.63774
0.69327
0.127463
0.405716
0.597902
0.349202
0.400137
0.761112
0.525032
0.424462
0.848658
0.651973
0.326109
0.260336
0.461225
0.35058
0.420621
0.63198
0.339597
0.238918
0.444298
0.169077
0.499743
0.555965
0.410229
0.332541
0.746791
0.524835
0.420867
0.47423
0.803938
0.273188
0.528744
0.548912
0.839658
0.617943
0.357562
0.462254
0.150368
0.481278
0.505401
0.485686
0.497207
0.380545
0.382323
0.621106
0.383735
0.34408
0.747377
0.540901
0.751579
0.31423
0.504112
0.35907
0.45634
0.487252
0.925935
0.917794
0.696936
0.298409
0.487227
0.722963
0.475888
0.393559
0.884723
0.167373
0.271364
0.75213
0.595565
0.588961
0.947067
0.769602
0.320308
0.683909
0.49373
0.511785
0.725252
0.803236
0.404023
0.772293
0.290467
0.491837
0.686586
0.564955
0.487065
0.378462
0.517622
0.143539
0.0862744
0.603986
0.540498
0.753317
0.717997
0.606206
0.523059
0.586749
0.359436
0.297445
0.0743479
0.155181
0.194309
0.824058
0.450125
0.628938
0.126843
0.844785
0.620392
0.580882
0.486382
0.580331
0.650143
0.247368
0.879741
0.0547614
0.412092
0.461919
0.438642
0.568014
0.500321
0.699799
0.505421
0.418034
0.176925
0.387371
0.675798
0.453604
0.427959
0.282608
0.58477
0.71984
0.33562
0.638793
0.329617
0.605313
0.533715
0.151157
0.359512
0.672965
0.483489
0.297442
0.348405
0.729095
0.604783
0.871987
0.268428
0.440761
0.278707
0.845341
0.794366
0.549813
0.195641
0.536533
0.432324
0.361373
0.686664
0.654351
0.451934
0.428771
0.21566
0.551237
0.322964
0.250733
0.728683
0.855065
0.363187
0.687771
0.0996474
0.629079
0.581677
0.353296
0.457661
0.800004
0.574389
0.413733
0.649086
0.54271
0.558799
0.325891
0.332355
0.183257
0.420694
0.14683
0.518557
0.359522
0.625585
0.0814664
0.486318
0.35134
0.0940015
0.609003
0.583552
0.164147
0.665702
0.385925
0.586647
0.437731
0.531928
0.508623
0.562599
0.18404
0.383872
0.29264
0.551979
0.676183
0.833832
0.460967
0.278348
0.768944
0.1747
0.815648
0.348332
0.0955682
0.452787
0.193098
0.328973
0.835203
0.775216
0.183938
0.40567
0.271676
0.330379
0.455616
0.202981
0.67104
0.780092
0.585638
0.397229
0.909025
0.434163
0.442698
0.507217
0.40908
0.328989
0.502323
0.697913
0.248433
0.325584
0.525696
0.489594
0.507539
0.380957
0.550078
0.287242
0.64371
0.429151
0.73452
0.424772
0.741671
0.971261
0.185333
0.186585
0.623529
0.59159
0.174906
0.692761
0.492217
0.701504
0.699922
0.719619
0.852162
0.812711
0.448581
0.517098
0.527755
0.444352
0.121204
0.459167
0.125444
0.697649
0.64726
0.341023
0.513005
0.849666
0.4495
0.172799
0.385955
0.223156
0.120301
0.70673
0.135304
0.719303
0.1065
0.403785
0.214109
0.328537
0.469737
0.264557
0.52661
0.673298
0.534703
0.523228
0.849451
0.634842
0.605357
0.675643
0.568576
0.260647
0.579374
0.663395
0.519153
0.763859
0.69635
0.683332
0.20336
0.773351
0.600861
0.391515
0.198332
0.271432
0.484998
0.515305
0.533013
0.502841
0.706599
0.807503
0.399493
0.627617
0.681754
0.540149
0.775439
0.533417
0.558444
0.448308
0.686028
0.469112
0.539979
0.238787
0.555075
0.397748
0.402472
0.955789
0.827388
0.517421
0.712522
0.562917
0.541598
0.524994
0.784712
0.914256
0.861176
0.599135
0.621207
0.63931
0.610122
0.392542
0.357738
0.588007
0.800079
0.622707
0.324215
0.540565
0.481496
0.647862
0.249434
0.488445
0.81922
0.159063
0.74526
0.479605
0.211489
0.1974
0.656639
0.274543
0.482138
0.441348
0.632355
0.296942
0.432783
0.364948
0.142809
0.439672
0.411299
0.64209
0.742865
0.496451
0.413861
0.20237
0.56023
0.562002
0.281665
0.704027
0.505459
0.847094
0.284048
0.391036
0.0837055
0.594932
0.113525
0.293808
0.288493
0.204787
0.684079
0.402785
0.534081
0.748193
0.563438
0.115752
0.40822
0.72029
0.63677
0.194721
0.486347
0.959508
0.259791
0.865812
0.63918
0.485744
0.592503
0.692588
0.0984781
0.780906
0.702154
0.523877
0.742991
0.434169
0.889375
0.672965
0.163575
0.203012
0.341229
0.475488
0.410694
0.442998
0.778062
0.384966
0.579273
0.514829
0.678889
0.622023
0.517682
0.604386
0.696551
0.357634
0.244804
0.245785
0.575441
0.681398
0.71919
0.511808
0.640104
0.319638
0.337481
0.561004
0.423884
0.299251
0.168192
0.674131
0.756922
0.513398
0.486804
0.179998
0.448635
0.883599
0.516467
0.305105
0.71018
0.416202
0.555774
0.463185
0.608803
0.74388
0.363522
0.247895
0.382221
0.486357
0.555424
0.259858
0.433782
0.158297
0.446943
0.681032
0.656886
0.532891
0.659971
0.435471
0.591577
0.41132
0.121658
0.513861
0.301083
0.662777
0.856394
0.695271
0.0879269
0.636201
0.554501
0.51628
0.876885
0.490134
0.453677
0.395601
0.216961
0.46529
0.56439
0.739293
0.650577
0.397314
0.493319
0.483349
0.23177
0.533951
0.667299
0.169618
0.625237
0.618276
0.54417
0.528273
0.175926
0.3018
0.139159
0.323295
0.608611
0.270083
0.431
0.512144
0.414656
0.447999
0.288688
0.619981
0.638156
0.688855
0.137679
0.112867
0.127015
0.765274
0.636077
0.39132
0.620332
0.531972
0.442195
0.670954
0.368078
0.520316
0.822364
0.763495
0.701334
0.588785
0.782173
0.349948
0.282793
0.666185
0.328231
0.415805
0.671645
0.597557
0.915966
0.201615
0.650846
0.585299
0.459863
0.853808
0.616933
0.596849
0.135779
0.420929
0.664497
0.709578
0.563414
0.347299
0.562968
0.444999
0.605705
0.525124
0.689017
0.907255
0.0585453
0.570114
0.522397
0.621848
0.338962
0.515253
0.728039
0.44386
0.635384
0.740465
0.636372
0.7823
0.394999
0.777981
0.413735
0.617837
0.338175
0.69723
0.514184
0.761806
0.568595
0.559487
0.564461
0.339224
0.262799
0.859336
0.409198
0.339295
0.659428
0.792626
0.70009
0.462804
0.224232
0.402113
0.529564
0.543587
0.352031
0.382692
0.377981
0.10509
0.503938
0.246183
0.567307
0.644742
0.302449
0.256337
0.310131
0.467487
0.666078
0.0911889
0.439592
0.202312
0.719315
0.0524497
0.444754
0.355935
0.435342
0.238392
0.771065
0.147905
0.543467
0.782975
0.543157
0.630321
0.7581
0.332861
0.806391
0.859944
0.771652
0.615916
0.255468
0.234882
0.42249
0.417711
0.227201
0.543987
0.536233
0.631943
0.7964
0.753841
0.491953
0.329583
0.257867
0.462417
0.744265
0.48028
0.544906
0.604435
0.310645
0.476236
0.479659
0.662801
0.395685
0.308739
0.239241
0.522497
0.468043
0.423871
0.432979
0.334685
0.641757
0.667002
0.411588
0.41372
0.863994
0.483535
0.37257
0.280041
0.711368
0.781471
0.804074
0.436668
0.394347
0.622618
0.45069
0.713071
0.52411
0.674206
0.730643
0.351622
0.281197
0.539259
0.638465
0.710543
0.625547
0.0477225
0.196944
0.212259
0.700727
0.624099
0.355727
0.614277
0.521445
0.181602
0.0629943
0.39518
0.615481
0.795631
0.564858
0.542901
0.554141
0.286125
0.631087
0.255241
0.596841
0.832038
0.49427
0.400445
0.155667
0.332312
0.764033
0.862622
0.4274
0.834182
0.192329
0.374811
0.628608
0.327027
0.486498
0.320529
0.401776
0.841104
0.272702
0.399638
0.547117
0.325972
0.49486
0.0804159
0.498387
0.381106
0.497216
0.408532
0.436897
0.676634
0.0986396
0.464545
0.473548
0.378228
0.252535
0.441115
0.58436
0.557497
0.339251
0.773708
0.433218
0.845623
0.512058
0.765817
0.641606
0.828981
0.879439
0.400874
0.56657
0.184092
0.534646
0.664773
0.635235
0.535867
0.729458
0.289522
0.479522
0.665703
0.836907
0.381712
0.553452
0.600128
0.473677
0.868358
0.445227
0.319195
0.385946
0.464135
0.377287
0.317321
0.383971
0.762104
0.392453
0.445549
0.494632
0.336584
0.738197
0.718946
0.153903
0.621022
0.0816811
0.878837
0.5616
0.422266
0.825707
0.687328
0.460367
0.329772
0.172655
0.869191
0.583343
0.485753
0.735138
0.408874
0.657004
0.649205
0.266027
0.601425
0.775936
0.599969
0.636914
0.325715
0.62638
0.51266
0.505643
0.874594
0.179058
0.746112
0.465304
0.195005
0.665548
0.241257
0.456927
0.854466
0.275155
0.535667
0.765891
0.689324
0.252296
0.360726
0.730723
0.572623
0.44174
0.8991
0.407464
0.670904
0.637021
0.495195
0.700854
0.482608
0.464973
0.816314
0.0554039
0.346569
0.427824
0.481397
0.667584
0.395265
0.87783
0.769408
0.620094
0.459512
0.684103
0.389685
0.448054
0.502132
0.546325
0.578741
0.335236
0.49828
0.506543
0.556226
0.628672
0.457473
0.212397
0.138798
0.687406
0.602508
0.209081
0.52372
0.593369
0.126243
0.612245
0.300786
0.609554
0.419196
0.381072
0.45594
0.445487
0.617008
0.824032
0.254395
0.667582
0.612531
0.495544
0.13438
0.570038
0.105554
0.159053
0.741597
0.410534
0.0544843
0.692071
0.563251
0.836916
0.716649
0.69561
0.790844
0.621325
0.422602
0.460477
0.502039
0.324599
0.368122
0.464979
0.890485
0.396372
0.505674
0.174208
0.412808
0.947742
0.49316
0.334052
0.125698
0.29886
0.467144
0.769884
0.352402
0.50102
0.443431
0.789336
0.783689
0.771808
0.640358
0.342213
0.757658
0.385426
0.637373
0.612199
0.287407
0.563505
0.628973
0.521053
0.364736
0.162186
0.154678
0.345378
0.54844
0.609274
0.560057
0.720146
0.671598
0.583326
0.489771
0.485932
0.435301
0.629944
0.286626
0.194605
0.395689
0.87686
0.563741
0.499971
0.533697
0.648819
0.160608
0.317001
0.796793
0.31844
0.355947
0.0396661
0.230921
0.695318
0.696404
0.579438
0.528047
0.500253
0.65322
0.653181
0.88692
0.6549
0.519464
0.551774
0.846028
0.711825
0.926304
0.813332
0.460085
0.54126
0.443512
0.3737
0.553828
0.476317
0.7299
0.250937
0.436276
0.408201
0.344258
0.331121
0.468979
0.539801
0.784388
0.36398
0.265063
0.185014
0.696663
0.164907
0.50107
0.489897
0.534035
0.383856
0.737625
0.410567
0.217044
0.482722
0.591866
0.684079
0.488207
0.515128
0.346233
0.657737
0.500524
0.492345
0.813698
0.296855
0.53881
0.425392
0.645689
0.381218
0.868543
0.747492
0.839878
0.54892
0.208935
0.24698
0.492594
0.488137
0.340377
0.194864
0.293844
0.560307
0.424368
0.662409
0.268754
0.622333
0.716815
0.533749
0.651727
0.773464
0.411358
0.680633
0.300515
0.469543
0.213379
0.747203
0.415987
0.521075
0.210771
0.371304
0.666304
0.83215
0.404691
0.636469
0.195727
0.567359
0.56044
0.109411
0.440085
0.788565
0.440777
0.287959
0.622303
0.330507
0.534274
0.292827
0.648942
0.443701
0.570375
0.124762
0.696751
0.497786
0.838395
0.530437
0.328451
0.593432
0.455475
0.54234
0.708585
0.373767
0.551279
0.458694
0.539979
0.567301
0.585569
0.600673
0.283455
0.0560478
0.356625
0.129579
0.569511
0.580173
0.299314
0.342813
0.410113
0.411727
0.454354
0.823139
0.258079
0.114933
0.495497
0.532458
0.465147
0.831806
0.346909
0.172883
0.51934
0.174724
0.564444
0.450778
0.296857
0.869596
0.0846881
0.652519
0.580308
0.184631
0.395217
0.365442
0.347662
0.623119
0.316218
0.257635
0.336723
0.889126
0.51316
0.38239
0.587373
0.100392
0.625352
0.626105
0.444996
0.283003
0.476584
0.613591
0.197627
0.810391
0.64952
0.376156
0.378171
0.429907
0.110588
0.441665
0.490781
0.451402
0.859753
0.101171
0.653753
0.464016
0.480242
0.634918
0.464491
0.322367
0.644966
0.745479
0.796795
0.636792
0.704575
0.663973
0.686195
0.461741
0.479639
0.495528
0.332037
0.462162
0.787017
0.293861
0.369696
0.522288
0.465822
0.356006
0.704409
0.329863
0.587185
0.873073
0.0489715
0.519137
0.927049
0.740601
0.507645
0.398134
0.383098
0.213742
0.172357
0.342341
0.493519
0.692296
0.256247
0.643283
0.67215
0.554779
0.233167
0.304074
0.754566
0.258196
0.666492
0.135139
0.433362
0.322435
0.220833
0.494523
0.56621
0.579091
0.517653
0.423725
0.522672
0.250422
0.219569
0.349414
0.488261
0.414072
0.145064
0.86397
0.697237
0.394387
0.399564
0.58605
0.587191
0.605711
0.472139
0.271619
0.463933
0.673193
0.438676
0.543616
0.477693
0.401442
0.218917
0.49496
0.521463
0.792084
0.58054
0.467426
0.487577
0.581948
0.530168
0.303349
0.514704
0.750527
0.57801
0.405693
0.717351
0.507534
0.74659
0.934952
0.644136
0.610116
0.688792
0.641306
0.527596
0.478573
0.398046
0.712519
0.372418
0.295628
0.18312
0.460011
0.123897
0.216333
0.728323
0.327396
0.544404
0.424952
0.491265
0.0602788
0.420885
0.805589
0.666299
0.20842
0.686085
0.511272
0.161672
0.539082
0.253602
0.600626
0.138932
0.333711
0.572196
0.853553
0.218458
0.641682
0.766157
0.381359
0.976902
0.409816
0.85142
0.529012
0.299985
0.342442
0.444344
0.456486
0.894242
0.534032
0.0923482
0.623947
0.128202
0.327592
0.270617
0.445717
0.628749
0.772179
0.562573
0.686906
0.401391
0.579773
0.866533
0.133302
0.81043
0.525461
0.37752
0.360893
0.620952
0.518099
0.749497
0.57021
0.480721
0.626496
0.354816
0.748897
0.655803
0.526371
0.467354
0.512503
0.415668
0.295964
0.484252
0.289758
0.515967
0.706001
0.386098
0.818573
0.511744
0.407774
0.872571
0.268968
0.349854
0.319093
0.292692
0.58808
0.473435
0.452012
0.846564
0.06173
0.597753
0.64104
0.736693
0.610585
0.397198
0.651365
0.0971666
0.803195
0.0269852
0.320911
0.67112
0.602039
0.576871
0.378122
0.321453
0.403497
0.542148
0.351796
0.464692
0.242407
0.461065
0.33524
0.268674
0.672832
0.706869
0.382187
0.244321
0.687919
0.673558
0.406399
0.920666
0.29451
0.831415
0.353385
0.788416
0.516547
0.363176
0.646337
0.736214
0.481537
0.273522
0.326815
0.82832
0.475484
0.380088
0.574214
0.463137
0.374964
0.267729
0.869063
0.126879
0.434568
0.380954
0.7491
0.471109
0.589883
0.641507
0.491324
0.589901
0.609722
0.445803
0.548145
0.382442
0.287611
0.694426
0.393875
0.42794
0.405665
0.644995
0.63435
0.477248
0.750261
0.309571
0.145099
0.0225916
0.137283
0.725087
0.292299
0.423671
0.656541
0.534389
0.428468
0.6632
0.424231
0.687903
0.126593
0.333042
0.605313
0.411123
0.619825
0.206569
0.71346
0.517565
0.0591453
0.464066
0.406047
0.754949
0.711197
0.974028
0.669551
0.665713
0.627907
0.099353
0.253018
0.370906
0.476281
0.836891
0.58287
0.635611
0.280983
0.691824
0.122706
0.868677
0.776648
0.45308
0.480734
0.111312
0.176525
0.827757
0.581544
0.277248
0.536621
0.504405
0.286922
0.558513
0.440171
0.377422
0.663795
0.579435
0.168696
0.0456945
0.660016
0.579204
0.398238
0.403528
0.577012
0.0792569
0.110251
0.713718
0.551234
0.532691
0.496239
0.471851
0.215175
0.183066
0.636239
0.555531
0.557554
0.541021
0.428749
0.457715
0.307276
0.718356
0.741435
0.622606
0.306093
0.477336
0.448009
0.266128
0.501754
0.332106
0.639713
0.238839
0.390849
0.391127
0.385094
0.582681
0.784859
0.303506
0.806762
0.487225
0.293106
0.0548359
0.608854
0.346459
0.853672
0.273871
0.496528
0.471718
0.751899
0.42172
0.464266
0.585489
0.412161
0.439512
0.790583
0.297521
0.211154
0.265379
0.673215
0.579437
0.331319
0.171321
0.493546
0.474757
0.755231
0.626776
0.747158
0.5135
0.212071
0.317777
0.566554
0.0871908
0.354774
0.425099
0.652502
0.361643
0.612316
0.616053
0.294722
0.579414
0.779925
0.194237
0.785954
0.686569
0.547099
0.178886
0.51341
0.402577
0.198108
0.387141
0.258503
0.368019
0.343587
0.442813
0.472038
0.520527
0.758758
0.545799
0.55309
0.4702
0.530166
0.256386
0.29309
0.414881
0.37752
0.865019
0.312436
0.533405
0.66164
0.454894
0.487851
0.239317
0.467587
0.78369
0.329917
0.524047
0.830161
0.311148
0.619341
0.660059
0.0260317
0.217652
0.757749
0.501602
0.0841878
0.669799
0.456787
0.68127
0.268108
0.403795
0.613185
0.760137
0.575406
0.365674
0.344927
0.390774
0.412683
0.555434
0.854815
0.776338
0.476232
0.694544
0.515293
0.573256
0.257104
0.634526
0.617469
0.745172
0.55814
0.747737
0.195565
0.524789
0.839951
0.526731
0.135629
0.808511
0.793736
0.33997
0.126986
0.664286
0.275315
0.260788
0.451672
0.28131
0.443156
0.552716
0.478713
0.674167
0.752351
0.644172
0.696647
0.754093
0.808004
0.583448
0.151919
0.414256
0.229054
0.792433
0.547728
0.399782
0.683717
0.134007
0.59534
0.239659
0.509342
0.510108
0.407875
0.637058
0.513909
0.48935
0.507881
0.615066
0.177683
0.336571
0.419621
0.501726
0.347867
0.230896
0.682797
0.554653
0.275669
0.300618
0.116358
0.151716
0.425077
0.196648
0.751872
0.428491
0.640095
0.533115
0.330852
0.380616
0.558269
0.34324
0.716921
0.563054
0.482255
0.867432
0.922159
0.338826
0.459156
0.583038
0.409861
0.325173
0.573311
0.412928
0.448486
0.360651
0.748692
0.462368
0.901482
0.515479
0.310782
0.317153
0.604993
0.369863
0.616306
0.71495
0.882966
0.409107
0.476313
0.53796
0.561886
0.285494
0.44028
0.767544
0.67312
0.168139
0.15507
0.927145
0.279603
0.673816
0.654022
0.692817
0.258169
0.612008
0.572258
0.782733
0.444273
0.591722
0.740714
0.897387
0.649882
0.468774
0.512397
0.757469
0.858036
0.640888
0.461417
0.500984
0.351706
0.241919
0.522182
0.11657
0.43524
0.701372
0.2694
0.405619
0.351483
0.714031
0.757869
0.318238
0.396913
0.137476
0.336103
0.47164
0.813238
0.370445
0.12332
0.74592
0.322325
0.467949
0.711813
0.510511
0.519427
0.662651
0.754972
0.651762
0.907853
0.566807
0.366772
0.472122
0.618945
0.542985
0.945171
0.476172
0.599794
0.41028
0.706109
0.747403
0.865099
0.588838
0.255437
0.188875
0.209136
0.209601
0.624627
0.424997
0.281655
0.796338
0.356437
0.652327
0.682739
0.468583
0.265147
0.633685
0.073971
0.760191
0.541528
0.238793
0.396768
0.579139
0.366765
0.270277
0.606149
0.468053
0.395953
0.537899
0.154625
0.517126
0.437022
0.455589
0.394026
0.324574
0.763891
0.471902
0.513045
0.525109
0.454658
0.479148
0.317745
0.28191
0.440731
0.491424
0.626409
0.867859
0.407266
0.286198
0.636542
0.0902922
0.428087
0.754834
0.490756
0.320614
0.190836
0.728585
0.892306
0.193887
0.124257
0.299953
0.285358
0.499378
0.745806
0.344019
0.917352
0.683956
0.482927
0.697218
0.451147
0.466695
0.776921
0.846237
0.415785
0.483014
0.458154
0.528903
0.711686
0.245618
0.501842
0.301512
0.466707
0.570406
0.96374
0.269477
0.433766
0.948771
0.096112
0.634946
0.301442
0.571462
0.610334
0.747638
0.541144
0.178626
0.849731
0.65295
0.335871
0.419069
0.6437
0.851035
0.13632
0.179353
0.523263
0.68628
0.692842
0.558265
0.292779
0.490156
0.551672
0.419805
0.489036
0.250968
0.328565
0.301135
0.64633
0.568331
0.742666
0.361413
0.465676
0.792456
0.880778
0.451038
0.712055
0.310267
0.752263
0.614008
0.501843
0.621203
0.485392
0.701906
0.47232
0.281998
0.417065
0.506782
0.337726
0.566026
0.0622306
0.580058
0.535703
0.790616
0.552133
0.300833
0.370479
0.66437
0.449367
0.332717
0.393768
0.582584
0.542815
0.343952
0.172456
0.876702
0.269497
0.679111
0.327624
0.364949
0.588352
0.417525
0.858759
0.355177
0.040669
0.726786
0.668984
0.654196
0.283398
0.349658
0.573253
0.714695
0.797605
0.617445
0.905579
0.312981
0.290038
0.667832
0.459881
0.547435
0.368757
0.603377
0.530972
0.365442
0.54426
0.638618
0.208744
0.589939
0.95815
0.267233
0.573932
0.787248
0.257256
0.491217
0.614094
0.494745
0.309955
0.484648
0.402721
0.947034
0.913352
0.44579
0.55402
0.576589
0.487667
0.490902
0.684773
0.731313
0.532729
0.366769
0.399272
0.696133
0.678643
0.549558
0.792429
0.615447
0.658555
0.435552
0.581335
0.612141
0.438675
0.732712
0.48052
0.548714
0.344508
0.186225
0.897506
0.17602
0.420183
0.709215
0.821775
0.501988
0.860115
0.0721422
0.103384
0.660582
0.381506
0.698961
0.171151
0.382005
0.397705
0.430442
0.440857
0.307883
0.653688
0.388026
0.340385
0.746667
0.756211
0.785768
0.472297
0.348921
0.245052
0.111184
0.699175
0.361296
0.293429
0.883722
0.43937
0.291
0.392775
0.495039
0.579597
0.616233
0.879786
0.668737
0.83747
0.686481
0.624558
0.516725
0.645478
0.181632
0.65304
0.620349
0.494504
0.389642
0.772427
0.0698462
0.298657
0.505761
0.564763
0.435993
0.165359
0.476337
0.384572
0.641062
0.229153
0.368624
0.525856
0.497721
0.501074
0.54409
0.110069
0.587416
0.876478
0.683148
0.399763
0.384433
0.224366
0.528261
0.385195
0.766249
0.354458
0.59167
0.158424
0.390439
0.440853
0.462858
0.629013
0.406242
0.302073
0.635919
0.207469
0.585378
0.23793
0.782562
0.159739
0.61986
0.158017
0.88417
0.703497
0.899756
0.570945
0.305488
0.672373
0.344177
0.516799
0.379689
0.627744
0.544573
0.408962
0.454181
0.871935
0.758803
0.509386
0.630093
0.446826
0.272724
0.710055
0.565299
0.235584
0.866322
0.561534
0.587679
0.382632
0.56409
0.518739
0.806436
0.880795
0.432389
0.418115
0.17628
0.629904
0.765443
0.825794
0.76146
0.645653
0.369358
0.481904
0.900647
0.301371
0.540513
0.803394
0.163769
0.741279
0.90901
0.300433
0.429847
0.446783
0.184778
0.126125
0.549765
0.715257
0.0466833
0.444703
0.776615
0.683544
0.433775
0.311104
0.272891
0.468867
0.750832
0.55867
0.300083
0.793081
0.34291
0.358091
0.361482
0.699831
0.81874
0.518604
0.239771
0.578481
0.641023
0.443132
0.621685
0.396176
0.52085
0.426553
0.344193
0.34532
0.15911
0.516936
0.679661
0.385744
0.812895
0.572318
0.387905
0.559057
0.509895
0.38182
0.32525
0.449745
0.406694
0.533497
0.47628
0.548707
0.643105
0.66876
0.562256
0.637719
0.377265
0.7433
0.517776
0.56799
0.725563
0.608679
0.688458
0.175107
0.745555
0.641013
0.598932
0.591486
0.494404
0.589821
0.521459
0.733596
0.612848
0.430134
0.727769
0.414782
0.305945
0.71568
0.554402
0.338278
0.43462
0.504356
0.516795
0.44399
0.0519771
0.425607
0.368606
0.814576
0.408333
0.761736
0.357219
0.501409
0.439434
0.7129
0.5481
0.431794
0.211362
0.812552
0.491498
0.540518
0.32864
0.0728163
0.634029
0.279073
0.461988
0.49648
0.621786
0.854909
0.39954
0.535612
0.824851
0.413401
0.788098
0.159913
0.797316
0.682147
0.364539
0.487361
0.171246
0.448286
0.274962
0.304378
0.804248
0.544969
0.270806
0.453979
0.432591
0.505546
0.325152
0.502166
0.636935
0.238635
0.634094
0.621516
0.554841
0.331635
0.600418
0.385452
0.360085
0.564653
0.720379
0.0884488
0.397644
0.383782
0.22703
0.55034
0.276704
0.727502
0.240795
0.693352
0.881426
0.320165
0.332834
0.377406
0.797237
0.252385
0.549616
0.233996
0.14324
0.582211
0.74596
0.555508
0.260739
0.84845
0.634202
0.49156
0.583051
0.636061
0.821879
0.505728
0.689408
0.833324
0.760084
0.196319
0.850165
0.444098
0.377183
0.437533
0.56327
0.0512163
0.58355
0.418808
0.862444
0.36639
0.0952128
0.429351
0.182284
0.658239
0.368349
0.843132
0.368928
0.445769
0.530363
0.210927
0.538581
0.715011
0.642308
0.476744
0.359451
0.409193
0.474604
0.735
0.352053
0.718026
0.203913
0.573663
0.292816
0.721934
0.461506
0.160958
0.527944
0.517642
0.338092
0.895776
0.158046
0.660059
0.569733
0.533337
0.27559
0.511986
0.924685
0.409497
0.301214
0.620542
0.449736
0.223124
0.482905
0.572467
0.322284
0.112753
0.743306
0.767302
0.634048
0.110044
0.671689
0.347978
0.484352
0.409875
0.382563
0.615309
0.703335
0.519119
0.464302
0.911296
0.713751
0.29967
0.517693
0.283866
0.267069
0.0849617
0.472713
0.152593
0.78603
0.614585
0.0463277
0.404031
0.479393
0.502429
0.876397
0.391357
0.371025
0.146525
0.486057
0.544083
0.447491
0.0324062
0.686043
0.869457
0.256574
0.717568
0.633362
0.520821
0.401465
0.666653
0.795478
0.604468
0.827329
0.601448
0.218702
0.59341
0.381477
0.515797
0.404693
0.523794
0.575911
0.174354
0.834027
0.790377
0.459594
0.269715
0.252334
0.366524
0.622819
0.271235
0.701905
0.499272
0.650518
0.489715
0.826472
0.531373
0.295782
0.44647
0.523458
0.452426
0.177093
0.527051
0.827948
0.365441
0.268412
0.185404
0.185267
0.371127
0.643212
0.522514
0.641061
0.829972
0.582259
0.585928
0.523338
0.784451
0.428433
0.726928
0.921807
0.545658
0.575591
0.626904
0.63526
0.417891
0.255375
0.79262
0.644396
0.411463
0.316422
0.362934
0.399563
0.550837
0.392648
0.221002
0.0521891
0.30735
0.586546
0.732594
0.404351
0.870841
0.842818
0.811633
0.439709
0.332673
0.287557
0.639927
0.405168
0.106561
0.126597
0.743242
0.547813
0.598456
0.839027
0.566634
0.22508
0.100115
0.911197
0.327359
0.0846195
0.283115
0.713269
0.695085
0.677899
0.483544
0.242485
0.51036
0.990213
0.477656
0.200301
0.369884
0.138458
0.752949
0.527296
0.359902
0.543648
0.287737
0.820865
0.698421
0.30179
0.287795
0.174002
0.556844
0.26623
0.726419
0.504563
0.188472
0.466074
0.741763
0.436115
0.32394
0.305519
0.122809
0.224395
0.543584
0.342132
0.735469
0.51546
0.257746
0.589976
0.58825
0.2282
0.584621
0.435272
0.910225
0.368149
0.690298
0.524637
0.523057
0.331725
0.73851
0.463207
0.655976
0.418306
0.492338
0.853664
0.713261
0.437261
0.132892
0.566781
0.205421
0.521229
0.139962
0.546109
0.258195
0.516006
0.0580218
0.738162
0.290238
0.529378
0.401759
0.166664
0.386181
0.741529
0.404934
0.434177
0.18425
0.201293
0.663648
0.673681
0.656961
0.285935
0.161528
0.76039
0.712256
0.455291
0.693782
0.44217
0.615952
0.48955
0.145906
0.404531
0.682179
0.606472
0.560047
0.539981
0.656785
0.689155
0.378931
0.165807
0.702079
0.237315
0.447827
0.390848
0.665007
0.439016
0.845653
0.469652
0.472469
0.238856
0.785885
0.438414
0.457224
0.6832
0.367871
0.175388
0.398322
0.321129
0.873342
0.780845
0.0963826
0.636849
0.407801
0.277269
0.744007
0.42833
0.110908
0.476122
0.855275
0.708331
0.845434
0.267345
0.558347
0.505819
0.474675
0.323524
0.416773
0.743393
0.11986
0.47154
0.22587
0.452837
0.530924
0.407347
0.8407
0.696661
0.597451
0.588317
0.254236
0.35651
0.575573
0.544309
0.393654
0.53506
0.627496
0.452268
0.28674
0.239454
0.392034
0.506602
0.529491
0.751926
0.468504
0.712945
0.332678
0.56498
0.656417
0.498016
0.624613
0.319825
0.61606
0.662188
0.837293
0.630655
0.179159
0.341001
0.513582
0.234293
0.535776
0.361221
0.466898
0.742661
0.45733
0.188039
0.936992
0.499938
0.402532
0.511707
0.863701
0.700135
0.422007
0.801142
0.204962
0.484568
0.669859
0.182963
0.128755
0.13038
0.800279
0.0487658
0.695982
0.516221
0.64098
0.550469
0.420355
0.102564
0.671592
0.749906
0.252284
0.922184
0.185654
0.218812
0.309128
0.709226
0.583297
0.350603
0.599289
0.408339
0.344677
0.495126
0.409945
0.44166
0.500438
0.648552
0.608115
0.251342
0.28648
0.147117
0.814716
0.696916
0.399945
0.386988
0.536501
0.725412
0.42799
0.722674
0.479013
0.640941
0.479584
0.519482
0.824949
0.509685
0.504523
0.926078
0.469384
0.41403
0.737147
0.302749
0.591267
0.0213378
0.471167
0.338758
0.357122
0.801542
0.58553
0.605048
0.158096
0.693873
0.840749
0.440538
0.548171
0.5045
0.70452
0.423207
0.764439
0.669214
0.411154
0.930281
0.467737
0.53146
0.49023
0.581788
0.0535882
0.696437
0.807402
0.262776
0.272093
0.494713
0.74832
0.443378
0.496269
0.729222
0.361561
0.611736
0.638975
0.730623
0.68727
0.689442
0.599217
0.788292
0.576218
0.136697
0.691858
0.175627
0.303133
0.336663
0.565817
0.604356
0.7649
0.474598
0.742322
0.816128
0.407359
0.634154
0.516833
0.381272
0.435474
0.294787
0.28862
0.792241
0.334436
0.842392
0.445674
0.218365
0.58023
0.549174
0.0874582
0.372055
0.276239
0.625206
0.774027
0.305075
0.259001
0.2172
0.619911
0.524829
0.725152
0.8916
0.190132
0.450291
0.20932
0.388282
0.401314
0.708205
0.668164
0.904681
0.393324
0.832988
0.190287
0.442361
0.838848
0.246291
0.459322
0.330416
0.934935
0.55997
0.364467
0.882122
0.719476
0.312155
0.208051
0.629416
0.537009
0.690758
0.244788
0.538464
0.414767
0.539997
0.556028
0.300424
0.0867119
0.338877
0.581089
0.913733
0.51807
0.678995
0.375447
0.464623
0.445716
0.783004
0.533585
0.845223
0.383393
0.462515
0.206672
0.635393
0.780248
0.220688
0.578219
0.464396
0.414254
0.50313
0.663418
0.248564
0.308899
0.371523
0.31149
0.595271
0.454681
0.535576
0.568767
0.633732
0.681691
0.585933
0.670019
0.778363
0.263434
0.216513
0.745501
0.0876335
0.645314
0.439883
0.55276
0.524565
0.806441
0.451671
0.16933
0.566056
0.715838
0.495116
0.431452
0.196288
0.981334
0.357688
0.603836
0.741249
0.771635
0.478665
0.757503
0.581187
0.391884
0.477641
0.371027
0.277231
0.295614
0.584676
0.321226
0.766737
0.419046
0.756027
0.571606
0.655899
0.437331
0.425736
0.191936
0.341904
0.58921
0.540639
0.854192
0.742278
0.631877
0.360166
0.465134
0.745142
0.619187
0.515514
0.742902
0.507744
0.703927
0.495928
0.765601
0.245867
0.521354
0.480846
0.567831
0.435512
0.701665
0.621025
0.302931
0.589593
0.781273
0.282477
0.703158
0.613138
0.646773
0.134495
0.248667
0.254825
0.374035
0.455302
0.602747
0.872287
0.453022
0.251311
0.301846
0.562815
0.264462
0.781623
0.533251
0.566437
0.457454
0.328721
0.53245
0.549226
0.540213
0.477243
0.939916
0.182717
0.824516
0.610784
0.439883
0.0497373
0.455761
0.104763
0.54042
0.464485
0.524948
0.512066
0.636267
0.369586
0.419085
0.575308
0.527225
0.576768
0.157582
0.760701
0.662014
0.700003
0.33185
0.736593
0.669115
0.0771419
0.573684
0.795206
0.163755
0.612489
0.697755
0.556987
0.137705
0.560069
0.579809
0.258701
0.512404
0.504811
0.54262
0.801916
0.544896
0.823234
0.436596
0.258359
0.411771
0.790611
0.443692
0.360708
0.462387
0.259836
0.437304
0.757164
0.145777
0.417453
0.344579
0.518668
0.604521
0.411294
0.541321
0.539262
0.33502
0.46612
0.836096
0.480903
0.390897
0.220281
0.854253
0.639401
0.921067
0.626934
0.712226
0.341136
0.765334
0.504475
0.687652
0.451182
0.0695046
0.766851
0.364319
0.450464
0.432926
0.526875
0.497795
0.928072
0.280464
0.594038
0.455533
0.777735
0.587094
0.269012
0.694377
0.365324
0.717946
0.594615
0.821442
0.364937
0.733688
0.618844
0.626358
0.20019
0.116987
0.459223
0.671654
0.367714
0.379349
0.665594
0.493629
0.592024
0.600294
0.63502
0.421147
0.432838
0.636503
0.649269
0.499555
0.243089
0.333708
0.431716
0.858992
0.301183
0.707503
0.343042
0.250868
0.495096
0.672443
0.778184
0.365999
0.536478
0.245618
0.75218
0.227784
0.685741
0.79775
0.769186
0.521734
0.666819
0.750679
0.493649
0.588626
0.573703
0.816294
0.559708
0.195281
0.787649
0.442403
0.575992
0.639646
0.339787
0.892184
0.457363
0.593004
0.811631
0.464522
0.529568
0.492134
0.746141
0.204272
0.231295
0.740486
0.562561
0.308038
0.442683
0.745316
0.484653
0.368958
0.198991
0.50473
0.297168
0.502056
0.439624
0.47496
0.569893
0.44144
0.57037
0.516596
0.500409
0.905819
0.492081
0.373981
0.331146
0.705965
0.321476
0.232376
0.436529
0.345718
0.685908
0.582785
0.632344
0.688315
0.538102
0.377292
0.44993
0.376207
0.670624
0.563474
0.397879
0.171401
0.21261
0.642645
0.396567
0.103709
0.499559
0.81343
0.346525
0.467531
0.395184
0.26219
0.348338
0.797754
0.423987
0.280239
0.534921
0.298509
0.393753
0.472291
0.349643
0.423764
0.435075
0.531277
0.386254
0.357462
0.384745
0.86425
0.516999
0.267011
0.452936
0.547732
0.829036
0.473859
0.339834
0.766155
0.159328
0.47749
0.542551
0.454195
0.495065
0.27593
0.591792
0.545476
0.858245
0.150562
0.39179
0.561405
0.624888
0.34227
0.155554
0.602556
0.584405
0.468379
0.517217
0.791102
0.40329
0.557131
0.588523
0.329032
0.437665
0.462304
0.268871
0.368377
0.396588
0.231518
0.717171
0.434161
0.485561
0.616627
0.185633
0.608286
0.0876644
0.524894
0.474913
0.295894
0.436291
0.819094
0.108301
0.689936
0.703963
0.299932
0.389227
0.872463
0.519144
0.0738912
0.687939
0.502613
0.607841
0.265409
0.423943
0.714176
0.457012
0.427886
0.53254
0.464982
0.967905
0.110024
0.425612
0.743974
0.802343
0.721096
0.715524
0.65974
0.754184
0.302532
0.340827
0.729244
0.669625
0.557492
0.225031
0.692549
0.7992
0.33127
0.664318
0.746288
0.034193
0.302425
0.663484
0.375469
0.241218
0.378817
0.245648
0.942738
0.27888
0.448089
0.112318
0.151513
0.615191
0.275155
0.625277
0.532114
0.556756
0.348623
0.0572602
0.118356
0.181101
0.045376
0.488739
0.208652
0.299894
0.611587
0.625037
0.575638
0.278658
0.465636
0.620648
0.0494088
0.840864
0.342717
0.612808
0.211707
0.571504
0.763704
0.408216
0.474562
0.625319
0.476002
0.397126
0.862053
0.493296
0.448115
0.48693
0.465748
0.380805
0.581312
0.789698
0.713083
0.532278
0.722593
0.539017
0.496157
0.368628
0.326936
0.262649
0.391313
0.690149
0.540069
0.0482738
0.505043
0.482307
0.684552
0.69651
0.569438
0.52526
0.573261
0.482833
0.253182
0.467905
0.499314
0.409597
0.0371544
0.639397
0.72646
0.420375
0.0247408
0.428216
0.707897
0.70789
0.126024
0.291621
0.285811
0.548302
0.89492
0.534502
0.272478
0.550057
0.444066
0.521853
0.403031
0.264314
0.661623
0.506234
0.808828
0.152659
0.567169
0.241115
0.330164
0.270842
0.543344
0.930946
0.421785
0.466103
0.65082
0.694555
0.170646
0.599724
0.874338
0.383092
0.421611
0.432339
0.367074
0.527603
0.384572
0.921498
0.78206
0.562472
0.379816
0.290794
0.63806
0.884821
0.883764
0.786659
0.210783
0.30953
0.393243
0.429475
0.328745
0.545235
0.274843
0.614174
0.65916
0.366548
0.460338
0.883668
0.878101
0.54715
0.1562
0.28554
0.128469
0.640466
0.533697
0.565125
0.789177
0.579664
0.347411
0.120634
0.532123
0.484783
0.598124
0.660074
0.465043
0.117338
0.527279
0.304551
0.695982
0.654727
0.533611
0.364898
0.568929
0.348657
0.479366
0.502639
0.582878
0.601569
0.557781
0.233753
0.40333
0.898185
0.49152
0.943858
0.503682
0.65871
0.202525
0.392908
0.244209
0.66649
0.428565
0.670598
0.33116
0.43386
0.564681
0.232017
0.632891
0.811171
0.594967
0.946038
0.611745
0.358362
0.480799
0.913029
0.31959
0.466502
0.726966
0.478107
0.474282
0.356438
0.311152
0.142913
0.368968
0.248471
0.801297
0.162074
0.363696
0.483833
0.178348
0.63681
0.379489
0.416163
0.320295
0.461754
0.381446
0.147062
0.291026
0.553745
0.334772
0.75969
0.33083
0.342308
0.893531
0.651204
0.393291
0.417446
0.296528
0.359068
0.657174
0.335557
0.57072
0.335856
0.415687
0.640331
0.465085
0.307685
0.175561
0.361718
0.654582
0.445641
0.563677
0.249162
0.574909
0.318187
0.430844
0.849426
0.496811
0.143325
0.86474
0.766357
0.658933
0.827861
0.493345
0.488894
0.798225
0.710362
0.605374
0.931392
0.406918
0.794792
0.176591
0.621
0.477747
0.491369
0.124417
0.552228
0.159461
0.825301
0.584356
0.308095
0.73057
0.525787
0.589281
0.257134
0.520697
0.597391
0.428018
0.550262
0.588607
0.571667
0.166857
0.772768
0.639121
0.244119
0.152948
0.403753
0.675259
0.363259
0.910957
0.584842
0.397387
0.435087
0.635276
0.426279
0.350408
0.455813
0.723383
0.44315
0.568317
0.3434
0.558039
0.416805
0.0704801
0.397683
0.405816
0.153241
0.435799
0.509702
0.548384
0.835469
0.542293
0.231574
0.604891
0.452441
0.945617
0.31411
0.755145
0.582225
0.628353
0.963492
0.863002
0.498442
0.642703
0.84106
0.268764
0.480745
0.465129
0.149643
0.522488
0.604121
0.467663
0.371348
0.633198
0.357134
0.384775
0.63829
0.391069
0.332717
0.426887
0.559802
0.672106
0.52093
0.484646
0.765266
0.361498
0.422973
0.716905
0.556311
0.449248
0.248862
0.067884
0.438558
0.588594
0.244327
0.5751
0.402097
0.405709
0.539806
0.182245
0.559125
0.361961
0.587683
0.445278
0.482358
0.564206
0.452328
0.613243
0.611793
0.472844
0.577769
0.487995
0.140647
0.663394
0.754185
0.441597
0.521828
0.658755
0.348574
0.0319588
0.259531
0.682731
0.406135
0.15388
0.509462
0.619628
0.35381
0.754224
0.686328
0.441148
0.570353
0.299152
0.686415
0.634454
0.289801
0.693312
0.331924
0.30039
0.376729
0.313305
0.525135
0.467454
0.588706
0.140775
0.0948761
0.476586
0.598298
0.386698
0.0932211
0.538067
0.295414
0.523161
0.462271
0.561223
0.180016
0.629635
0.58219
0.239119
0.371947
0.577706
0.712967
0.575395
0.733058
0.294078
0.671502
0.32276
0.578651
0.441513
0.598121
0.728829
0.6498
0.438942
0.155438
0.433852
0.0619411
0.215382
0.698082
0.52785
0.412594
0.680203
0.52217
0.655702
0.133838
0.629841
0.353979
0.47411
0.46243
0.545956
0.811071
0.343144
0.458977
0.132353
0.646524
0.818556
0.161549
0.46048
0.586036
0.0531596
0.470274
0.031081
0.343796
0.182778
0.427015
0.510252
0.749292
0.54338
0.81487
0.271984
0.563966
0.832516
0.530268
0.898782
0.681922
0.0939481
0.487469
0.492438
0.598165
0.485777
0.350593
0.37603
0.334003
0.818405
0.53864
0.185976
0.912897
0.260671
0.538462
0.432077
0.399022
0.664391
0.351117
0.629145
0.800621
0.715716
0.58763
0.673633
0.593928
0.465145
0.457623
0.162894
0.47136
0.408026
0.732877
0.55586
0.327885
0.187891
0.229178
0.487295
0.577396
0.492465
0.383211
0.520914
0.679555
0.435415
0.493364
0.31983
0.237331
0.607482
0.468362
0.598491
0.614397
0.292244
0.247437
0.583865
0.575027
0.641017
0.619322
0.152584
0.760252
0.267023
0.611692
0.235329
0.613135
0.442517
0.521696
0.212577
0.321137
0.867827
0.523928
0.40207
0.560168
0.644756
0.573566
0.705659
0.345952
0.257316
0.406332
0.701692
0.604262
0.48182
0.647549
0.411524
0.0804758
0.469778
0.141585
0.420158
0.77601
0.33725
0.799715
0.589141
0.517768
0.332279
0.175439
0.674796
0.766969
0.229022
0.685964
0.479373
0.523809
0.517292
0.418501
0.25178
0.289651
0.535687
0.739467
0.766048
0.551925
0.564313
0.350425
0.49955
0.639028
0.49063
0.830725
0.582059
0.471274
0.243168
0.83517
0.476055
0.564818
0.819101
0.174767
0.775927
0.421368
0.291825
0.136465
0.489099
0.888006
0.865304
0.667988
0.408204
0.366351
0.846719
0.478089
0.735463
0.494305
0.654481
0.630089
0.325967
0.659443
0.793741
0.724033
0.435929
0.411456
0.557602
0.59455
0.667584
0.939708
0.803178
0.359088
0.179675
0.126501
0.0739205
0.83404
0.778839
0.569999
0.472089
0.430871
0.63297
0.123376
0.719303
0.225134
0.775378
0.586666
0.782722
0.46977
0.833468
0.320383
0.605908
0.349669
0.365396
0.268316
0.495749
0.633747
0.982837
0.161332
0.521447
0.398062
0.55034
0.442667
0.632248
0.430433
0.466827
0.563353
0.663897
0.482846
0.450346
0.537205
0.358522
0.349382
0.273333
0.748602
0.660219
0.38869
0.755012
0.641116
0.873002
0.592851
0.545373
0.686294
0.595274
0.578097
0.67903
0.482676
0.30462
0.823926
0.697334
0.445734
0.499784
0.439982
0.306096
0.237963
0.167221
0.456283
0.33924
0.710212
0.593855
0.311264
0.333428
0.473542
0.0747207
0.49035
0.695186
0.525872
0.555219
0.219602
0.483126
0.287417
0.706878
0.756094
0.768521
0.558852
0.179028
0.588365
0.72552
0.349329
0.425702
0.653136
0.697733
0.208248
0.518656
0.812885
0.463549
0.553151
0.477683
0.0843564
0.563415
0.371646
0.944676
0.660032
0.456125
0.880875
0.377179
0.759633
0.348108
0.484192
0.531761
0.361086
0.512351
0.339389
0.851446
0.901809
0.31719
0.651393
0.780996
0.560899
0.367342
0.467987
0.137978
0.617465
0.280413
0.770057
0.407675
0.454251
0.154347
0.42623
0.459937
0.800548
0.510101
0.48101
0.272348
0.483318
0.516722
0.55854
0.665663
0.417348
0.533395
0.621414
0.505549
0.388117
0.157266
0.0936017
0.303362
0.376826
0.582376
0.543773
0.474248
0.694771
0.501291
0.273373
0.31225
0.420715
0.677274
0.742906
0.460784
0.39439
0.153742
0.218214
0.546592
0.0733362
0.134399
0.681379
0.27264
0.108364
0.459552
0.221388
0.509216
0.671499
0.731817
0.528133
0.474115
0.45379
0.23036
0.927878
0.956247
0.350346
0.832216
0.724239
0.528574
0.11577
0.579595
0.489196
0.444955
0.591467
0.453803
0.363938
0.862653
0.30124
0.311858
0.797582
0.931788
0.545071
0.596489
0.328355
0.211396
0.292
0.441427
0.289703
0.187779
0.318476
0.572002
0.43347
0.57602
0.232557
0.668622
0.571683
0.0837194
0.778655
0.653021
0.553169
0.723603
0.581368
0.521665
0.254011
0.207604
0.647019
0.547774
0.752409
0.380693
0.322045
0.375598
0.396601
0.312039
0.770128
0.522982
0.414749
0.12046
0.0740437
0.688696
0.350993
0.749445
0.430441
0.439447
0.672715
0.415686
0.16034
0.550747
0.548385
0.838055
0.416728
0.530948
0.648697
0.927532
0.482545
0.516456
0.918945
0.511841
0.304205
0.448564
0.0882796
0.322699
0.221902
0.701162
0.639525
0.6427
0.499948
0.4089
0.417142
0.259225
0.427565
0.244922
0.793656
0.583335
0.589574
0.226149
0.576862
0.653848
0.971518
0.504978
0.28939
0.264465
0.376697
0.574284
0.694206
0.441491
0.642495
0.715467
0.517303
0.590138
0.737084
0.517105
0.212675
0.760115
0.319189
0.3572
0.742664
0.410068
0.51494
0.660275
0.564312
0.841802
0.70603
0.109191
0.612522
0.508097
0.669201
0.720867
0.784003
0.363632
0.53279
0.507567
0.420152
0.831007
0.233198
0.876362
0.6677
0.609525
0.412213
0.816354
0.406046
0.592101
0.381505
0.446451
0.650225
0.516927
0.71786
0.618586
0.386338
0.419095
0.503273
0.277378
0.527547
0.529823
0.887321
0.26504
0.386273
0.376035
0.161804
0.64
0.47261
0.152262
0.473911
0.0718581
0.218061
0.474117
0.675594
0.519105
0.493045
0.694206
0.562941
0.537175
0.579149
0.696418
0.786546
0.362977
0.553279
0.42418
0.336623
0.350816
0.758696
0.596735
0.486529
0.178574
0.532824
0.69086
0.114629
0.600016
0.426732
0.192856
0.553891
0.299104
0.516684
0.548389
0.615306
0.828006
0.242202
0.659761
0.207069
0.717188
0.613094
0.517869
0.475511
0.481257
0.652825
0.738412
0.512834
0.5682
0.567996
0.340117
0.234992
0.785034
0.271418
0.310917
0.292237
0.664794
0.39487
0.422473
0.534223
0.715852
0.100031
0.253049
0.747751
0.425018
0.562778
0.655043
0.692555
0.493307
0.63499
0.460226
0.390603
0.602827
0.484679
0.369469
0.62654
0.392693
0.522635
0.353238
0.077731
0.421223
0.622303
0.435949
0.236206
0.683681
0.447284
0.705136
0.573288
0.524644
0.473091
0.341886
0.430091
0.629276
0.319653
0.790886
0.530086
0.108627
0.528906
0.56821
0.377759
0.733163
0.595683
0.146521
0.641817
0.151196
0.495482
0.67707
0.871519
0.302456
0.692462
0.634691
0.4474
0.36181
0.635741
0.247244
0.347034
0.396768
0.479625
0.548672
0.374214
0.780128
0.54938
0.641282
0.655465
0.363443
0.711348
0.647047
0.0875072
0.898246
0.525313
0.561045
0.597772
0.412671
0.525767
0.296411
0.568695
0.246467
0.802781
0.445955
0.524764
0.565143
0.275373
0.809646
0.575749
0.574077
0.651172
0.490944
0.474445
0.808777
0.463646
0.60244
0.244349
0.573001
0.627804
0.408725
0.361205
0.429985
0.449927
0.45087
0.56892
0.533627
0.697128
0.0336903
0.149319
0.73883
0.846215
0.418073
0.858178
0.388476
0.594067
0.46236
0.73625
0.786344
0.16634
0.428125
0.490242
0.29082
0.388375
0.148009
0.439165
0.676186
0.299624
0.500452
0.897863
0.691749
0.656155
0.214713
0.521076
0.201699
0.767927
0.818229
0.694772
0.320593
0.488892
0.228737
0.610979
0.293381
0.486625
0.589383
0.209641
0.540008
0.269545
0.762833
0.665317
0.640637
0.386849
0.56898
0.424592
0.738456
0.719503
0.31168
0.786093
0.855615
0.76798
0.64692
0.420669
0.23919
0.669389
0.464343
0.753887
0.175846
0.636154
0.565033
0.413181
0.646298
0.830958
0.7123
0.552048
0.956271
0.54623
0.112816
0.815236
0.61472
0.546498
0.369223
0.451249
0.580201
0.601382
0.561208
0.498324
0.222595
0.0664262
0.301373
0.891607
0.422606
0.276228
0.128968
0.524214
0.4407
0.354929
0.515116
0.442512
0.628085
0.616101
0.436354
0.602942
0.13511
0.247766
0.620726
0.53828
0.219734
0.626782
0.685984
0.887115
0.605672
0.485534
0.289288
0.480731
0.434064
0.805764
0.720894
0.94322
0.854241
0.719945
0.542195
0.367739
0.681017
0.277801
0.644985
0.346129
0.593069
0.0398504
0.560357
0.649781
0.657031
0.884237
0.351178
0.323402
0.44512
0.387998
0.172918
0.434495
0.893008
0.337316
0.58779
0.231524
0.3545
0.438709
0.28293
0.452182
0.897968
0.187401
0.603767
0.37663
0.416605
0.080879
0.710086
0.263218
0.563049
0.362745
0.448585
0.29777
0.153975
0.599936
0.778261
0.831251
0.619428
0.428178
0.662777
0.611211
0.205274
0.476602
0.448293
0.504066
0.69767
0.470784
0.880212
0.369779
0.461202
0.419518
0.394058
0.736957
0.914867
0.657378
0.773395
0.121664
0.372559
0.323029
0.642585
0.561404
0.419895
0.520294
0.80821
0.458623
0.472089
0.290611
0.24657
0.344848
0.455964
0.414724
0.434715
0.823954
0.593137
0.188692
0.430359
0.805287
0.753598
0.852564
0.625711
0.70611
0.334555
0.894768
0.74807
0.537432
0.946038
0.554441
0.584994
0.0742576
0.512704
0.478017
0.51522
0.475082
0.203015
0.573318
0.482346
0.517592
0.657802
0.499751
0.622867
0.257385
0.407696
0.229781
0.732472
0.530654
0.553269
0.445327
0.315922
0.884603
0.455558
0.36085
0.620259
0.742383
0.383151
0.498321
0.114965
0.341958
0.63283
0.520854
0.48487
0.117112
0.244066
0.442002
0.783529
0.538136
0.536035
0.284649
0.710369
0.261156
0.0945762
0.422361
0.590501
0.447959
0.623104
0.190151
0.430695
0.449145
0.656242
0.631163
0.589911
0.766727
0.740417
0.618908
0.142001
0.339698
0.347066
0.666717
0.238078
0.176692
0.349029
0.550122
0.325479
0.0805101
0.519417
0.404267
0.390698
0.494105
0.67727
0.635273
0.719012
0.108401
0.590925
0.157136
0.570133
0.508216
0.155779
0.427196
0.536073
0.43033
0.598266
0.733975
0.365833
0.241626
0.244977
0.359216
0.715534
0.526857
0.270151
0.196666
0.428442
0.654306
0.643853
0.206603
0.696119
0.250006
0.407224
0.197681
0.740827
0.4816
0.872876
0.274409
0.244463
0.692935
0.673012
0.724895
0.696913
0.439495
0.352722
0.442387
0.525839
0.489307
0.341456
0.406063
0.491857
0.448384
0.35444
0.459471
0.391817
0.355717
0.612943
0.224419
0.424771
0.319562
0.0755696
0.516981
0.269241
0.420993
0.302215
0.571043
0.437826
0.516611
0.100623
0.641457
0.570085
0.491666
0.517884
0.508885
0.563272
0.646847
0.633275
0.334714
0.201896
0.383371
0.394707
0.447526
0.422512
0.755937
0.641494
0.650478
0.543701
0.803403
0.506206
0.627015
0.51907
0.291773
0.435738
0.533626
0.662387
0.500138
0.776584
0.383291
0.289927
0.271675
0.704293
0.759815
0.579756
0.500465
0.527317
0.616964
0.72735
0.729932
0.658683
0.69998
0.560568
0.236894
0.23521
0.211413
0.356018
0.440689
0.196023
0.395908
0.677086
0.721415
0.6451
0.845398
0.447874
0.704135
0.364078
0.569819
0.315757
0.653704
0.571801
0.719591
0.579827
0.151932
0.418708
0.202587
0.826845
0.456699
0.542297
0.665662
0.48704
0.57078
0.392267
0.201971
0.677977
0.713076
0.370582
0.930751
0.637241
0.160995
0.345447
0.443936
0.757706
0.831591
0.323966
0.629415
0.549104
0.439927
0.353965
0.606859
0.885392
0.502737
0.231069
0.929307
0.600455
0.668045
0.285377
0.730147
0.618802
0.10864
0.698126
0.48611
0.919664
0.718442
0.0502322
0.315495
0.61104
0.732575
0.541626
0.467447
0.426272
0.728527
0.265682
0.55075
0.553534
0.768958
0.611743
0.704686
0.184556
0.1656
0.648545
0.373042
0.651995
0.365131
0.372388
0.585831
0.456366
0.106004
0.458769
0.0995924
0.61738
0.53175
0.420142
0.751852
0.687268
0.570505
0.943102
0.2413
0.314099
0.739008
0.565714
0.48306
0.132632
0.67651
0.482727
0.375938
0.492814
0.671451
0.668009
0.361344
0.428008
0.160724
0.52748
0.094515
0.945361
0.544571
0.602255
0.868303
0.630752
0.493796
0.403216
0.546067
0.454478
0.49184
0.560078
0.52852
0.607547
0.351484
0.70777
0.492864
0.571172
0.511328
0.320798
0.531457
0.115097
0.624833
0.264878
0.549747
0.537718
0.816514
0.199646
0.464664
0.518959
0.444829
0.484315
0.418007
0.584447
0.666344
0.569983
0.3652
0.818089
0.86496
0.480435
0.435957
0.363614
0.355101
0.673035
0.2454
0.490392
0.388096
0.43018
0.655067
0.443826
0.523082
0.37004
0.573338
0.647157
0.942039
0.40556
0.412223
0.573631
0.304568
0.558127
0.387551
0.581985
0.201102
0.294472
0.50543
0.833057
0.060035
0.662649
0.299795
0.522401
0.319007
0.427678
0.591966
0.827016
0.54502
0.435089
0.588859
0.740063
0.681397
0.658637
0.314726
0.234681
0.348533
0.227073
0.412637
0.648093
0.204184
0.896795
0.424214
0.814056
0.289358
0.477434
0.36491
0.611729
0.496974
0.473866
0.300364
0.371156
0.189087
0.340665
0.6775
0.421149
0.878724
0.726507
0.790064
0.238343
0.546158
0.701515
0.817656
0.722986
0.275805
0.307729
0.663018
0.466533
0.615665
0.261888
0.554797
0.67968
0.450578
0.493285
0.750265
0.221145
0.255175
0.4526
0.769899
0.223507
0.801575
0.628153
0.466406
0.781811
0.127247
0.113974
0.355079
0.494756
0.644345
0.362191
0.428307
0.581031
0.454812
0.705641
0.500122
0.901179
0.424993
0.952893
0.769769
0.377108
0.506064
0.747335
0.486925
0.708518
0.236393
0.667124
0.513371
0.441859
0.340955
0.258867
0.812038
0.669548
0.800061
0.692593
0.497402
0.0537516
0.581875
0.65887
0.531736
0.421739
0.244605
0.473735
0.367539
0.622262
0.576546
0.398324
0.67322
0.731294
0.554656
0.515587
0.529623
0.429437
0.801665
0.546265
0.379814
0.133985
0.482154
0.453137
0.721618
0.25975
0.711248
0.611484
0.657213
0.620849
0.504826
0.562544
0.499553
0.0995582
0.46414
0.0754468
0.162081
0.739481
0.0846593
0.394524
0.443966
0.622558
0.570607
0.428056
0.423475
0.329296
0.522155
0.3391
0.280081
0.337854
0.478387
0.439282
0.211848
0.581817
0.620102
0.18484
0.36669
0.0623649
0.474064
0.466116
0.469543
0.714665
0.16358
0.614585
0.645391
0.289478
0.506084
0.285668
0.790966
0.770621
0.390889
0.583603
0.153597
0.561001
0.641202
0.761687
0.389784
0.400757
0.673037
0.654984
0.0914206
0.109628
0.346628
0.593132
0.814776
0.963312
0.537425
0.621029
0.194258
0.824281
0.645598
0.459888
0.375123
0.367617
0.464305
0.118252
0.799636
0.500861
0.424559
0.072064
0.310199
0.315072
0.552573
0.44757
0.508578
0.876078
0.77566
0.445782
0.688098
0.436781
0.694427
0.440105
0.228486
0.602208
0.738651
0.16971
0.841365
0.800157
0.316378
0.462989
0.646238
0.605764
0.661823
0.493047
0.347647
0.354428
0.537085
0.538412
0.816924
0.183226
0.632049
0.75705
0.637138
0.107662
0.260436
0.553106
0.565381
0.222151
0.529469
0.508595
0.757977
0.17555
0.765296
0.164326
0.784358
0.596103
0.24283
0.57569
0.654926
0.814885
0.271266
0.262333
0.474927
0.567045
0.436965
0.451256
0.0159023
0.652282
0.252815
0.728253
0.511415
0.438947
0.494353
0.522878
0.815146
0.541397
0.442078
0.730123
0.624882
0.741551
0.358178
0.502673
0.631027
0.329498
0.503607
0.428815
0.485892
0.383381
0.484782
0.352792
0.140713
0.286953
0.782306
0.719464
0.529018
0.498235
0.468847
0.568505
0.39314
0.550813
0.31878
0.512903
0.298266
0.119567
0.635155
0.872204
0.535939
0.15636
0.494271
0.565536
0.604309
0.352298
0.49619
0.688085
0.621206
0.578109
0.210332
0.494971
0.671139
0.371794
0.455369
0.708658
0.439204
0.674445
0.426367
0.37266
0.211479
0.364851
0.491114
0.430651
0.0283189
0.52771
0.671112
0.663673
0.506992
0.437737
0.287465
0.229283
0.583793
0.39422
0.312132
0.287665
0.581062
0.551447
0.382414
0.856271
0.437004
0.326338
0.910345
0.203985
0.438633
0.704532
0.385577
0.688364
0.601248
0.501402
0.90458
0.67779
0.109319
0.368976
0.672324
0.619588
0.0792264
0.389958
0.66412
0.262926
0.866692
0.594779
0.691931
0.681796
0.701637
0.61838
0.615178
0.541259
0.508416
0.234056
0.632802
0.294522
0.715504
0.728662
0.190192
0.287015
0.468564
0.895599
0.668264
0.486554
0.665093
0.510779
0.266827
0.478644
0.29522
0.0260413
0.861925
0.498032
0.307474
0.180693
0.556497
0.45957
0.663154
0.423877
0.542033
0.363291
0.379014
0.399737
0.570245
0.553143
0.603092
0.52778
0.559761
0.391084
0.478313
0.978751
0.332734
0.565996
0.515814
0.480809
0.326797
0.4002
0.655288
0.583017
0.433101
0.367902
0.801052
0.757233
0.383101
0.134937
0.495366
0.351692
0.294401
0.615173
0.0678352
0.548884
0.476145
0.476257
0.561924
0.568081
0.211295
0.188498
0.404702
0.643093
0.23843
0.380881
0.509371
0.364765
0.748663
0.545069
0.574878
0.184417
0.530545
0.421981
0.50346
0.920254
0.511747
0.438718
0.763255
0.497524
0.372491
0.371538
0.284647
0.701481
0.0914101
0.840712
0.638715
0.558769
0.616479
0.455819
0.284532
0.529105
0.656081
0.397754
0.507079
0.239134
0.119847
0.231871
0.654631
0.590278
0.204901
0.392637
0.216654
0.601369
0.657263
0.974298
0.390962
0.496152
0.414569
0.426931
0.740101
0.319332
0.166788
0.528011
0.43712
0.579069
0.305354
0.923938
0.493027
0.197673
0.654897
0.774059
0.722761
0.84705
0.619708
0.554116
0.461469
0.30517
0.190978
0.672025
0.543619
0.860827
0.349864
0.314045
0.0971107
0.395176
0.902344
0.783902
0.513403
0.271348
0.268822
0.743903
0.200829
0.571802
0.736209
0.250768
0.517142
0.353312
0.112022
0.647365
0.651861
0.0706034
0.485603
0.384964
0.669756
0.592972
0.725046
0.181719
0.351608
0.557698
0.681629
0.856923
0.732865
0.236082
0.535608
0.314886
0.637829
0.511417
0.434947
0.397159
0.267047
0.674538
0.626073
0.399979
0.68666
0.535713
0.164843
0.500369
0.495993
0.647896
0.47574
0.496898
0.556644
0.864743
0.38471
0.309997
0.433221
0.458632
0.610042
0.574395
0.54067
0.353162
0.318228
0.67799
0.771214
0.747647
0.436844
0.854933
0.378421
0.406864
0.600997
0.835926
0.357091
0.349178
0.467938
0.31858
0.643675
0.594009
0.677872
0.680064
0.278126
0.841946
0.41683
0.761067
0.257494
0.58639
0.736678
0.364291
0.154634
0.636013
0.831884
0.805075
0.590087
0.616298
0.124485
0.211342
0.687003
0.282479
0.466838
0.392692
0.500819
0.294234
0.173067
0.894068
0.827817
0.165813
0.508693
0.540906
0.427583
0.417958
0.215669
0.404955
0.649279
0.336265
0.575941
0.520899
0.77345
0.313523
0.307631
0.523473
0.550333
0.462463
0.568059
0.125815
0.35025
0.784101
0.768927
0.307266
0.397122
0.231941
0.490173
0.820584
0.525443
0.402563
0.647129
0.574586
0.514613
0.500033
0.294764
0.32128
0.480352
0.668934
0.554768
0.41179
0.646477
0.585192
0.575253
0.530412
0.624575
0.963988
0.565544
0.931109
0.574487
0.331458
0.614271
0.258446
0.723085
0.265424
0.459307
0.320323
0.537948
0.406469
0.332395
0.290753
0.179246
0.25321
0.586182
0.667379
0.417883
0.776052
0.601086
0.613106
0.678722
0.715824
0.475711
0.109376
0.349901
0.894088
0.676558
0.487731
0.53594
0.0793108
0.547315
0.0467739
0.503926
0.368998
0.179247
0.575843
0.0964936
0.416197
0.383886
0.480074
0.718151
0.215875
0.586533
0.431492
0.435626
0.451479
0.510754
0.467623
0.498816
0.77591
0.624343
0.445459
0.354593
0.868059
0.477769
0.769616
0.596628
0.482444
0.73622
0.696833
0.31347
0.624138
0.2727
0.434752
0.444861
0.375621
0.476408
0.673831
0.450683
0.530267
0.199598
0.402435
0.693374
0.615266
0.716492
0.454303
0.726224
0.493874
0.836282
0.634789
0.397041
0.714302
0.473082
0.190294
0.487278
0.624273
0.540543
0.359181
0.61626
0.312622
0.457001
0.119914
0.391684
0.801299
0.205129
0.693354
0.761471
0.0340451
0.612418
0.333705
0.636362
0.845874
0.567074
0.741652
0.462796
0.316596
0.457319
0.651574
0.324583
0.590971
0.357365
0.692265
0.570152
0.579036
0.454694
0.720284
0.567647
0.436584
0.432429
0.0117951
0.588409
0.184209
0.436771
0.320382
0.55329
0.382494
0.259399
0.524866
0.926366
0.882436
0.272614
0.375382
0.824814
0.567744
0.732563
0.482906
0.787559
0.265833
0.51235
0.284889
0.401698
0.505924
0.278888
0.167626
0.35511
0.237107
0.159281
0.457282
0.634135
0.490504
0.0659683
0.64115
0.122075
0.594006
0.514085
0.796476
0.320671
0.554609
0.356237
0.446118
0.792928
0.553296
0.203299
0.401173
0.629844
0.404804
0.656708
0.375536
0.631081
0.385764
0.0472267
0.863952
0.253428
0.408585
0.294029
0.37351
0.451521
0.306406
0.340394
0.311409
0.480625
0.500465
0.400071
0.694449
0.156888
0.361638
0.410644
0.705509
0.519237
0.781653
0.523742
0.639684
0.789521
0.777985
0.490923
0.430186
0.401605
0.623533
0.190206
0.506897
0.521234
0.584411
0.48079
0.316152
0.199791
0.245261
0.709137
0.329129
0.326783
0.293046
0.592643
0.510764
0.536213
0.520984
0.389109
0.546567
0.286229
0.520788
0.670622
0.478736
0.512653
0.682323
0.545699
0.4457
0.535586
0.156857
0.138127
0.423347
0.192293
0.61693
0.296347
0.516836
0.834405
0.529082
0.572848
0.546734
0.656128
0.624086
0.615483
0.322404
0.543116
0.494315
0.326183
0.321761
0.41684
0.77344
0.47889
0.534846
0.502222
0.476059
0.396874
0.826848
0.609947
0.923189
0.65677
0.494311
0.379599
0.195031
0.436673
0.699049
0.393725
0.489106
0.320419
0.452791
0.501426
0.686047
0.808823
0.389611
0.376146
0.716021
0.607886
0.612725
0.506463
0.167259
0.538082
0.160094
0.648806
0.488481
0.149501
0.134506
0.36261
0.425459
0.784016
0.636086
0.144488
0.627512
0.284562
0.478744
0.358911
0.60378
0.637241
0.73943
0.546779
0.655507
0.305991
0.265524
0.635384
0.625829
0.581266
0.448794
0.366838
0.171484
0.0502221
0.774329
0.637265
0.462883
0.380552
0.59232
0.564153
0.264062
0.505037
0.274686
0.579495
0.548509
0.448383
0.754992
0.224837
0.79968
0.838562
0.569003
0.581467
0.867549
0.416105
0.38727
0.822726
0.458756
0.858078
0.945468
0.581302
0.594132
0.668251
0.330443
0.47527
0.5526
0.887797
0.180315
0.463113
0.125982
0.526063
0.728072
0.367928
0.439093
0.41019
0.795111
0.529959
0.459982
0.554857
0.67177
0.157483
0.765271
0.545957
0.966189
0.529386
0.576595
0.63868
0.433516
0.676422
0.800125
0.553169
0.799711
0.887696
0.848388
0.508646
0.265555
0.147251
0.781073
0.5066
0.127275
0.633274
0.460592
0.329334
0.502897
0.877317
0.48273
0.673723
0.543378
0.688562
0.429262
0.740576
0.582283
0.541443
0.626744
0.334322
0.597449
0.784435
0.525255
0.919951
0.595431
0.671387
0.286629
0.396139
0.869591
0.700011
0.259927
0.274254
0.623264
0.857877
0.601693
0.639434
0.600554
0.355095
0.561075
0.286191
0.851718
0.432657
0.399278
0.778819
0.612876
0.481708
0.865328
0.335514
0.348667
0.534741
0.234748
0.261188
0.451545
0.175357
0.575839
0.481771
0.385369
0.476746
0.893746
0.324034
0.48893
0.575924
0.68178
0.738832
0.814772
0.213941
0.561456
0.818917
0.180131
0.752275
0.808815
0.789306
0.27292
0.480321
0.648722
0.660301
0.221322
0.563895
0.567364
0.879935
0.348582
0.292767
0.675066
0.490479
0.555054
0.347095
0.288141
0.807034
0.370172
0.536059
0.643759
0.256729
0.482884
0.72253
0.0820965
0.443987
0.587909
0.228234
0.50432
0.37736
0.587131
0.645019
0.634555
0.180809
0.283062
0.327478
0.582889
0.52873
0.229929
0.51583
0.240999
0.438728
0.215071
0.5785
0.771174
0.31583
0.589181
0.751874
0.314589
0.590727
0.321201
0.408016
0.799732
0.694461
0.507418
0.655399
0.443196
0.16194
0.712308
0.765704
0.0815775
0.493518
0.370957
0.252063
0.546347
0.101775
0.262213
0.0687312
0.897225
0.741372
0.303193
0.464427
0.280161
0.71261
0.46706
0.544621
0.602432
0.730777
0.147217
0.0621682
0.561003
0.487856
0.254976
0.279008
0.575096
0.86224
0.529413
0.779508
0.426239
0.655174
0.555216
0.161503
0.277859
0.286224
0.737051
0.81458
0.42313
0.638588
0.689916
0.684626
0.598204
0.720052
0.209311
0.124678
0.314567
0.446208
0.530473
0.687482
0.537898
0.545822
0.632599
0.505539
0.612994
0.65824
0.364459
0.647582
0.858876
0.401133
0.447393
0.392047
0.801525
0.73295
0.0479198
0.510903
0.452758
0.454885
0.515273
0.641948
0.573937
0.266177
0.271776
0.812038
0.486363
0.91587
0.261219
0.763394
0.522832
0.633015
0.649975
0.472971
0.285761
0.552372
0.297615
0.621347
0.427974
0.108195
0.340947
0.680758
0.456535
0.606423
0.352872
0.607105
0.144418
0.1047
0.542805
0.631086
0.89808
0.466862
0.768916
0.579409
0.562723
0.588126
0.956665
0.686431
0.154955
0.320798
0.398257
0.58483
0.211202
0.0172226
0.691343
0.634233
0.458414
0.233558
0.42272
0.939346
0.292804
0.329074
0.0866018
0.242229
0.846438
0.712643
0.43234
0.702227
0.796889
0.5303
0.561037
0.194812
0.410722
0.291727
0.544335
0.397591
0.798819
0.373666
0.344569
0.255996
0.504234
0.526157
0.408463
0.538178
0.157919
0.392423
0.834454
0.141279
0.653133
0.521922
0.636484
0.580139
0.547054
0.232698
0.817594
0.592435
0.451954
0.725484
0.509858
0.386843
0.594694
0.767207
0.430861
0.535965
0.38117
0.682384
0.261208
0.603911
0.893011
0.391535
0.48504
0.467661
0.271362
0.327957
0.291481
0.546935
0.723203
0.697195
0.656909
0.342466
0.548397
0.603984
0.376163
0.277526
0.571903
0.383656
0.557883
0.260512
0.42917
0.800581
0.230291
0.492581
0.36017
0.314483
0.816543
0.626962
0.397629
0.50308
0.243419
0.175852
0.779244
0.0407131
0.566291
0.724974
0.575939
0.379122
0.262107
0.160153
0.224862
0.407555
0.608272
0.277848
0.515822
0.271682
0.488897
0.822711
0.544645
0.528476
0.523611
0.0881121
0.470239
0.169173
0.383157
0.585444
0.660657
0.453686
0.637914
0.228051
0.365769
0.604274
0.890567
0.716113
0.101951
0.778039
0.494903
0.517867
0.981164
0.888587
0.394451
0.625554
0.579529
0.226295
0.874941
0.664409
0.747729
0.320689
0.473529
0.930394
0.458839
0.421676
0.398132
0.445106
0.12235
0.610633
0.867105
0.499873
0.332546
0.586637
0.38056
0.708478
0.144107
0.244398
0.490101
0.529634
0.869008
0.842696
0.366163
0.224291
0.570611
0.367268
0.406729
0.384529
0.709523
0.56918
0.635639
0.553165
0.400328
0.4956
0.863051
0.526733
0.410074
0.448694
0.497659
0.117152
0.122319
0.471882
0.295021
0.794676
0.270954
0.370069
0.29662
0.539526
0.695002
0.0584784
0.670076
0.622503
0.370313
0.77757
0.325028
0.583726
0.540646
0.920911
0.586677
0.489005
0.715333
0.348037
0.707531
0.658145
0.252534
0.482001
0.247677
0.459185
0.647358
0.545678
0.827536
0.865148
0.246814
0.23367
0.239751
0.630837
0.485018
0.64714
0.496224
0.459433
0.751283
0.573645
0.492539
0.622725
0.361989
0.247493
0.317708
0.342566
0.80845
0.58981
0.357588
0.440192
0.813727
0.550704
0.582973
0.357245
0.380406
0.445408
0.438541
0.628219
0.390135
0.416169
0.529144
0.656551
0.678195
0.623738
0.620455
0.571197
0.918822
0.675829
0.429543
0.310184
0.498504
0.771503
0.687537
0.622879
0.516214
0.154354
0.733882
0.571383
0.635679
0.735409
0.484985
0.449205
0.54149
0.617867
0.356873
0.864958
0.347208
0.617081
0.772013
0.540905
0.910931
0.544649
0.717419
0.56858
0.385986
0.776847
0.229586
0.802015
0.537943
0.654205
0.259473
0.546181
0.272813
0.697391
0.527753
0.444641
0.636673
0.549081
0.439532
0.154058
0.767749
0.473768
0.423903
0.619553
0.224782
0.616764
0.544689
0.576977
0.4091
0.426718
0.0546492
0.786377
0.383612
0.506963
0.209005
0.363284
0.523972
0.941694
0.400491
0.276397
0.681623
0.542568
0.624937
0.414779
0.77446
0.116505
0.84376
0.825188
0.139643
0.340512
0.700406
0.448797
0.58874
0.155914
0.306806
0.0515169
0.714128
0.711764
0.291045
0.586676
0.736451
0.682015
0.648763
0.933173
0.497287
0.577621
0.141026
0.734493
0.342912
0.234691
0.81564
0.779607
0.680567
0.68247
0.294821
0.308708
0.296915
0.216905
0.679909
0.525473
0.800688
0.301125
0.496106
0.621013
0.791932
0.89506
0.572132
0.368388
0.385022
0.931825
0.468976
0.373463
0.650774
0.295112
0.69862
0.348447
0.335814
0.633973
0.480488
0.226644
0.618891
0.940626
0.455477
0.916246
0.740369
0.21261
0.712525
0.290364
0.471628
0.35939
0.590836
0.360375
0.266998
0.369652
0.724798
0.648086
0.565955
0.640703
0.233452
0.164592
0.404165
0.234827
0.669793
0.663013
0.377296
0.555906
0.49726
0.439062
0.522947
0.857258
0.424302
0.325472
0.597285
0.360198
0.187897
0.519311
0.590554
0.781598
0.431146
0.287974
0.528399
0.374251
0.578597
0.650728
0.335334
0.750571
0.798549
0.496004
0.79658
0.299596
0.289262
0.375682
0.761327
0.368772
0.0835789
0.459366
0.31314
0.952241
0.493943
0.314548
0.133103
0.230529
0.689932
0.220592
0.952359
0.204426
0.498352
0.481131
0.399257
0.557601
0.439282
0.46364
0.571378
0.4049
0.170424
0.597221
0.495614
0.310461
0.62929
0.467867
0.28412
0.903592
0.273398
0.570211
0.566832
0.529872
0.270307
0.248915
0.811143
0.536974
0.442223
0.371945
0.867751
0.833454
0.196674
0.239938
0.262484
0.535929
0.860573
0.506168
0.453516
0.534864
0.377466
0.753255
0.870698
0.798375
0.637114
0.576174
0.740114
0.771244
0.505404
0.724277
0.476465
0.32437
0.446078
0.663475
0.614664
0.817502
0.821582
0.376252
0.479292
0.341915
0.188638
0.302518
0.497431
0.933987
0.637549
0.456096
0.500982
0.757093
0.747929
0.285706
0.6052
0.137097
0.645217
0.0782961
0.669717
0.542713
0.35203
0.35719
0.638298
0.700298
0.358935
0.4756
0.717739
0.535029
0.625565
0.553132
0.211209
0.486029
0.913008
0.591904
0.495789
0.338643
0.602038
0.52034
0.569392
0.376924
0.441832
0.464493
0.542599
0.145099
0.7854
0.594404
0.482549
0.617753
0.398724
0.229489
0.5079
0.751207
0.790744
0.742682
0.677269
0.29744
0.423426
0.346097
0.51258
0.41856
0.660456
0.176703
0.769611
0.49352
0.747185
0.771934
0.439738
0.446197
0.643529
0.512763
0.380865
0.269322
0.628203
0.833477
0.685594
0.433833
0.54218
0.808732
0.467357
0.757161
0.439152
0.922354
0.559321
0.193533
0.671288
0.629273
0.867853
0.478792
0.282382
0.909937
0.306051
0.623191
0.542599
0.490933
0.669758
0.347326
0.387324
0.309421
0.63746
0.58564
0.577041
0.612751
0.717947
0.462801
0.548513
0.226263
0.689465
0.442673
0.464907
0.347277
0.437759
0.356553
0.491568
0.524619
0.486782
0.37375
0.235043
0.491074
0.616302
0.257518
0.308357
0.399086
0.27917
0.464612
0.660634
0.373044
0.883893
0.246533
0.481491
0.177815
0.524429
0.281499
0.820532
0.193098
0.360123
0.832719
0.522194
0.694753
0.32829
0.252145
0.451511
0.532924
0.276665
0.0289536
0.374503
0.455513
0.31157
0.655185
0.168243
0.784832
0.361619
0.421433
0.492664
0.0830608
0.160067
0.875072
0.694155
0.443852
0.367849
0.521295
0.377476
0.166167
0.522839
0.310084
0.437798
0.282513
0.350406
0.854224
0.861276
0.645241
0.459695
0.426459
0.565699
0.376918
0.145797
0.786949
0.0601299
0.256934
0.298833
0.432176
0.664113
0.776961
0.978516
0.507495
0.665712
0.320571
0.550765
0.399344
0.648502
0.312761
0.717909
0.369041
0.128283
0.786232
0.434791
0.894673
0.270932
0.603588
0.531103
0.475174
0.78604
0.47598
0.609455
0.282919
0.392048
0.284791
0.525371
0.42733
0.625067
0.836491
0.858578
0.848709
0.625628
0.29244
0.445994
0.0731642
0.107972
0.283028
0.769592
0.237581
0.530175
0.244636
0.593295
0.387555
0.388254
0.851452
0.351104
0.947583
0.213386
0.532635
0.345206
0.285939
0.73129
0.386634
0.571708
0.208205
0.531742
0.684175
0.519388
0.712613
0.591811
0.382418
0.462296
0.563916
0.508893
0.885591
0.281543
0.264641
0.551559
0.349929
0.709209
0.835031
0.162877
0.748545
0.40427
0.404934
0.699806
0.227803
0.575757
0.359107
0.623669
0.481398
0.403413
0.486078
0.543255
0.3596
0.5248
0.0215321
0.238917
0.574481
0.426562
0.349432
0.660793
0.450371
0.57522
0.564454
0.307153
0.932729
0.240975
0.681979
0.572444
0.676118
0.210267
0.518637
0.644173
0.588382
0.765882
0.606414
0.170803
0.256535
0.565951
0.833329
0.379673
0.700646
0.316762
0.647887
0.0671114
0.313204
0.66276
0.384687
0.197642
0.498459
0.576863
0.763805
0.833059
0.222091
0.604192
0.523759
0.675429
0.646691
0.783875
0.541071
0.373296
0.430924
0.450692
0.680505
0.442787
0.215359
0.71732
0.458083
0.542549
0.348766
0.387797
0.270817
0.573613
0.505632
0.794905
0.276822
0.625133
0.426779
0.342388
0.258936
0.439522
0.435627
0.433696
0.673282
0.423574
0.435946
0.361169
0.708171
0.195777
0.513233
0.304682
0.632512
0.456939
0.709171
0.350591
0.508256
0.636512
0.622381
0.706901
0.927457
0.648403
0.251969
0.687631
0.198186
0.347603
0.423436
0.509995
0.668801
0.885465
0.137611
0.245979
0.408808
0.401925
0.617584
0.461691
0.45596
0.465153
0.48935
0.542351
0.429941
0.283167
0.149312
0.629393
0.0773387
0.69044
0.61406
0.492784
0.262244
0.790753
0.120284
0.842679
0.500937
0.763026
0.488323
0.678951
0.744541
0.369849
0.262176
0.726205
0.564379
0.621526
0.809758
0.559667
0.952756
0.626833
0.765188
0.260134
0.816378
0.50302
0.713056
0.222925
0.547105
0.731997
0.58323
0.277892
0.379637
0.259823
0.511935
0.558959
0.599654
0.477689
0.535962
0.40868
0.498141
0.342248
0.464944
0.644981
0.664791
0.451475
0.102101
0.694868
0.599797
0.362029
0.574758
0.167393
0.460688
0.100322
0.747616
0.462009
0.748285
0.279983
0.317319
0.367448
0.510242
0.403224
0.45667
0.491903
0.776032
0.515402
0.458916
0.78146
0.945471
0.436068
0.332359
0.146764
0.183112
0.653559
0.255988
0.456859
0.909836
0.303961
0.708548
0.815244
0.554907
0.431631
0.844191
0.360503
0.598382
0.732661
0.663295
0.398674
0.794285
0.812245
0.509941
0.355843
0.456095
0.0521245
0.648587
0.52857
0.382053
0.707748
0.79941
0.410688
0.410332
0.871614
0.650337
0.30411
0.172394
0.29723
0.556633
0.607451
0.743641
0.437223
0.366787
0.560913
0.397972
0.88221
0.494137
0.562963
0.318762
0.479045
0.34271
0.530155
0.602352
0.85583
0.786188
0.52503
0.348079
0.296676
0.320993
0.719663
0.635365
0.614271
0.436496
0.698137
0.755242
0.898078
0.272426
0.446326
0.639991
0.618054
0.808928
0.260791
0.407166
0.698304
0.138733
0.67179
0.627339
0.814764
0.221491
0.572208
0.100064
0.600943
0.27309
0.641075
0.279229
0.263644
0.390578
0.726172
0.163658
0.726569
0.886603
0.296403
0.535886
0.556435
0.774189
0.395052
0.403176
0.618893
0.50844
0.536185
0.819199
0.507718
0.499531
0.317141
0.329192
0.4507
0.541534
0.611767
0.409993
0.591932
0.572168
0.815612
0.230867
0.0680752
0.444961
0.302196
0.540692
0.73315
0.450556
0.397552
0.628598
0.152836
0.398363
0.479918
0.682772
0.807594
0.331571
0.766706
0.497545
0.349468
0.502976
0.277982
0.301311
0.59779
0.629306
0.493682
0.384001
0.394298
0.148036
0.791979
0.516976
0.441148
0.141172
0.622576
0.642004
0.60102
0.620579
0.597596
0.158695
0.444677
0.282027
0.153077
0.498093
0.498117
0.360853
0.837324
0.608279
0.391454
0.528805
0.622312
0.507548
0.480106
0.464779
0.727525
0.631197
0.843343
0.854806
0.920827
0.69595
0.525956
0.609119
0.559698
0.555693
0.448411
0.944546
0.512259
0.785344
0.854437
0.524241
0.617463
0.205389
0.590352
0.866779
0.386401
0.38477
0.327537
0.463561
0.403427
0.408502
0.271158
0.64502
0.360555
0.380389
0.479537
0.817991
0.667741
0.699763
0.497193
0.801627
0.25416
0.490906
0.740697
0.597916
0.452845
0.499082
0.442689
0.963196
0.49691
0.559453
0.240922
0.454464
0.216522
0.594015
0.79365
0.501773
0.390678
0.133567
0.520217
0.236035
0.568052
0.170986
0.429004
0.448071
0.530747
0.240379
0.539092
0.27527
0.249913
0.933276
0.474773
0.549635
0.801997
0.494566
0.573525
0.175898
0.720138
0.511667
0.270939
0.858587
0.400848
0.782126
0.895483
0.318047
0.53808
0.416672
0.419581
0.620311
0.493935
0.743485
0.58141
0.624909
0.228998
0.699213
0.336773
0.496177
0.409611
0.134902
0.857484
0.332787
0.400539
0.279579
0.609621
0.790077
0.168577
0.37764
0.581878
0.580839
0.606853
0.572479
0.46376
0.360316
0.195052
0.709799
0.280646
0.585998
0.8037
0.578963
0.275494
0.285075
0.710076
0.836214
0.595257
0.492806
0.710617
0.533966
0.316698
0.611429
0.593686
0.327266
0.566229
0.18709
0.493822
0.491165
0.7995
0.654554
0.412876
0.247927
0.868697
0.436654
0.406218
0.39486
0.791665
0.825563
0.347382
0.603832
0.432177
0.671345
0.368497
0.231512
0.202503
0.353049
0.905507
0.671641
0.318172
0.539113
0.448017
0.271564
0.793048
0.525175
0.607362
0.636422
0.795684
0.573858
0.789773
0.705134
0.543144
0.715876
0.723044
0.189246
0.746121
0.885115
0.276429
0.643136
0.711982
0.470414
0.188422
0.343667
0.84544
0.22882
0.542063
0.498355
0.557548
0.812304
0.481387
0.210224
0.412848
0.642634
0.436893
0.678976
0.43434
0.195286
0.526537
0.323562
0.381714
0.528514
0.637951
0.820028
0.86762
0.160795
0.606466
0.847256
0.539809
0.639438
0.823294
0.446166
0.206378
0.773057
0.292951
0.0868642
0.502371
0.376411
0.675017
0.502212
0.0860764
0.790674
0.571503
0.222245
0.322898
0.626113
0.94898
0.605809
0.186178
0.795287
0.617896
0.525591
0.212977
0.568723
0.446823
0.169533
0.146328
0.63461
0.595457
0.562145
0.533887
0.459746
0.448493
0.707769
0.509006
0.548855
0.37704
0.476009
0.539083
0.338803
0.51117
0.686631
0.185343
0.736289
0.755773
0.443941
0.788105
0.442637
0.513132
0.693167
0.69471
0.375367
0.493821
0.735473
0.218845
0.798762
0.418751
0.49306
0.307612
0.25764
0.468568
0.548197
0.556519
0.550412
0.46348
0.714021
0.225284
0.697298
0.710766
0.892499
0.554089
0.512677
0.305333
0.435005
0.558344
0.269998
0.289369
0.280502
0.500311
0.783916
0.662025
0.379392
0.620722
0.695271
0.282925
0.829451
0.497942
0.435765
0.550595
0.703206
0.434011
0.313584
0.487532
0.62023
0.706102
0.879267
0.468988
0.537431
0.341291
0.620822
0.546562
0.757199
0.557163
0.453898
0.206731
0.486462
0.758375
0.20966
0.347472
0.555954
0.899926
0.610429
0.44449
0.702674
0.344343
0.729052
0.816204
0.641147
0.587305
0.757841
0.899959
0.450078
0.75212
0.609752
0.649821
0.466916
0.718091
0.918695
0.500181
0.737992
0.623792
0.81551
0.563186
0.377981
0.558808
0.286572
0.908056
0.148642
0.624208
0.266308
0.285644
0.809909
0.613058
0.603452
0.203462
0.40054
0.0603856
0.341715
0.828823
0.582533
0.372181
0.474076
0.617043
0.482505
0.513089
0.509163
0.456837
0.470964
0.47244
0.308592
0.437413
0.361106
0.410888
0.633663
0.825313
0.844127
0.300366
0.533977
0.56014
0.807333
0.605897
0.912194
0.415831
0.141193
0.529276
0.538961
0.119563
0.806215
0.264309
0.137721
0.177523
0.311775
0.636437
0.516392
0.242131
0.806115
0.763737
0.13453
0.197727
0.576192
0.141678
0.441206
0.182623
0.232379
0.293292
0.218252
0.258756
0.467617
0.624739
0.37137
0.452248
0.732992
0.481212
0.420705
0.297989
0.598351
0.519992
0.583406
0.520304
0.541858
0.628802
0.481379
0.573651
0.447958
0.253602
0.753303
0.768704
0.638294
0.508297
0.744113
0.748819
0.201466
0.4796
0.467854
0.601352
0.549303
0.186223
0.609236
0.641313
0.27129
0.487748
0.300674
0.958006
0.684142
0.462692
0.578155
0.547335
0.617021
0.297469
0.511367
0.454915
0.508677
0.270998
0.1891
0.331822
0.832679
0.0185309
0.625528
0.47217
0.660015
0.260782
0.279447
0.388687
0.701511
0.750595
0.727506
0.230383
0.269801
0.291937
0.0217648
0.109233
0.523872
0.610108
0.74703
0.746949
0.807633
0.195325
0.0674534
0.157222
0.504191
0.414455
0.345072
0.0348001
0.673918
0.410311
0.39354
0.134195
0.338522
0.619697
0.203491
0.504229
0.564545
0.487984
0.0849478
0.628838
0.37461
0.299588
0.597254
0.751008
0.297652
0.452872
0.79625
0.679313
0.821891
0.270026
0.577235
0.261688
0.335792
0.644856
0.523643
0.337641
0.469326
0.904444
0.415808
0.539613
0.65472
0.916899
0.579604
0.310384
0.724406
0.752103
0.166685
0.252857
0.403026
0.443086
0.799393
0.560029
0.517159
0.762612
0.764645
0.227922
0.464793
0.895425
0.520313
0.286618
0.718458
0.736437
0.0400425
0.460714
0.0804421
0.376718
0.261322
0.369346
0.702369
0.562558
0.34719
0.288965
0.598861
0.750746
0.792335
0.13299
0.537799
0.370826
0.704925
0.467916
0.726931
0.889905
0.419273
0.7142
0.025118
0.418002
0.921901
0.613734
0.810493
0.864349
0.82261
0.837824
0.398927
0.342849
0.628354
0.826818
0.723789
0.225584
0.673932
0.473606
0.49862
0.367053
0.460315
0.279753
0.362362
0.79138
0.516677
0.628757
0.563825
0.585177
0.84146
0.152387
0.527394
0.217767
0.0340224
0.442043
0.542317
0.678224
0.382002
0.519116
0.657402
0.64778
0.33853
0.280189
0.403432
0.701827
0.36327
0.64114
0.406197
0.855551
0.304927
0.697581
0.43049
0.541461
0.600791
0.589112
0.483982
0.558208
0.729105
0.405356
0.321227
0.193496
0.177974
0.219236
0.471419
0.446992
0.233126
0.806185
0.655654
0.72231
0.116656
0.248562
0.484475
0.492884
0.347764
0.686148
0.396289
0.0600882
0.500025
0.522841
0.610828
0.210945
0.590816
0.815322
0.566128
0.257338
0.887633
0.542995
0.456576
0.821474
0.121142
0.493791
0.105218
0.358564
0.561455
0.413894
0.434958
0.625018
0.185096
0.490006
0.637154
0.26894
0.216133
0.101786
0.596775
0.412133
0.583759
0.353531
0.482288
0.294237
0.655794
0.7344
0.845163
0.357749
0.276079
0.244397
0.234924
0.477657
0.384043
0.65038
0.295332
0.603852
0.49474
0.70643
0.577204
0.423644
0.672938
0.502371
0.332867
0.61314
0.888326
0.722077
0.232915
0.490131
0.270979
0.440735
0.592145
0.380205
0.715039
0.42141
0.569848
0.547112
0.359377
0.252541
0.619393
0.215665
0.499957
0.478143
0.339885
0.940812
0.190062
0.803095
0.402884
0.572653
0.329541
0.510665
0.901377
0.369146
0.538126
0.724987
0.74574
0.263884
0.0938233
0.716221
0.49892
0.565562
0.175609
0.522232
0.124759
0.421504
0.498402
0.501567
0.781053
0.504767
0.522756
0.604773
0.721689
0.680787
0.555122
0.533543
0.216893
0.285253
0.457094
0.741273
0.731303
0.822666
0.522018
0.418192
0.928186
0.909918
0.459887
0.515739
0.343612
0.488991
0.399811
0.627203
0.183728
0.377518
0.353768
0.0962405
0.465546
0.588316
0.603993
0.82559
0.408557
0.814071
0.834527
0.471573
0.290348
0.638912
0.818219
0.414722
0.540827
0.314744
0.324307
0.784432
0.240952
0.549615
0.296478
0.389921
0.924691
0.733158
0.372622
0.48728
0.606542
0.218044
0.518209
0.522042
0.658041
0.346464
0.405867
0.76976
0.85949
0.82958
0.612256
0.407591
0.419375
0.140938
0.575206
0.554175
0.682805
0.869468
0.352281
0.0920788
0.778569
0.404248
0.276913
0.328181
0.156229
0.614253
0.787955
0.756503
0.351775
0.876956
0.118509
0.181531
0.842069
0.747707
0.712987
0.366954
0.891143
0.407238
0.178205
0.136339
0.179807
0.250286
0.682754
0.722552
0.505538
0.369178
0.354415
0.707997
0.641532
0.840071
0.181023
0.497035
0.688885
0.546435
0.426315
0.606544
0.518179
0.497065
0.296966
0.154493
0.188248
0.749463
0.645628
0.58592
0.499541
0.481594
0.910395
0.529908
0.474214
0.625876
0.254048
0.671218
0.378991
0.761502
0.894866
0.400296
0.681625
0.439975
0.269938
0.34169
0.756807
0.391707
0.735006
0.532408
0.36917
0.538817
0.212138
0.21992
0.533978
0.643613
0.716147
0.478129
0.301815
0.788672
0.627951
0.415237
0.781323
0.560761
0.481067
0.798823
0.190525
0.457055
0.366601
0.892096
0.236741
0.621021
0.760364
0.435078
0.429179
0.331989
0.488654
0.581806
0.226353
0.814532
0.469683
0.598417
0.349082
0.311505
0.0261237
0.428656
0.723297
0.200493
0.628766
0.84674
0.866924
0.262842
0.00721311
0.659124
0.0508776
0.884826
0.194003
0.915375
0.632498
0.142166
0.733843
0.285522
0.404761
0.36464
0.40786
0.410809
0.887983
0.682084
0.749343
0.703102
0.411861
0.814311
0.655312
0.134306
0.231045
0.395593
0.257915
0.712258
0.361542
0.641923
0.579109
0.0877789
0.829487
0.211531
0.456662
0.895181
0.537721
0.52371
0.84242
0.624436
0.365651
0.248009
0.815239
0.498914
0.248433
0.628053
0.439126
0.741897
0.594228
0.546683
0.787372
0.324458
0.69238
0.369466
0.838751
0.675595
0.377623
0.532169
0.762702
0.594213
0.719961
0.786956
0.514737
0.735478
0.918477
0.527268
0.766671
0.367706
0.839255
0.520009
0.541483
0.739143
0.639409
0.346116
0.490335
0.298195
0.485371
0.859381
0.457297
0.42972
0.265538
0.30374
0.181247
0.370427
0.614588
0.478761
0.477125
0.926955
0.645778
0.421945
0.250748
0.732449
0.602635
0.707317
0.400626
0.545133
0.7044
0.177837
0.65224
0.33205
0.219469
0.581983
0.69791
0.72158
0.144799
0.332697
0.659216
0.791064
0.62084
0.422316
0.266942
0.334717
0.132886
0.695347
0.621052
0.798408
0.839936
0.799607
0.743365
0.850713
0.667992
0.61552
0.0987948
0.27541
0.180342
0.525863
0.505174
0.523008
0.704642
0.069193
0.482364
0.664609
0.704528
0.667174
0.65145
0.779095
0.319013
0.38921
0.264847
0.415887
0.68006
0.0899025
0.746013
0.464113
0.819375
0.510961
0.598754
0.591442
0.888665
0.676992
0.503627
0.270973
0.680274
0.544262
0.583336
0.483762
0.621287
0.605671
0.358091
0.471872
0.535688
0.549007
0.431276
0.238427
0.475223
0.456655
0.488241
0.476237
0.696847
0.583558
0.237287
0.196214
0.23738
0.42893
0.389664
0.275258
0.2659
0.411255
0.520383
0.0166392
0.680698
0.563037
0.466587
0.493369
0.39704
0.191814
0.535769
0.617724
0.518723
0.629751
0.880156
0.55215
0.612223
0.550824
0.551568
0.564438
0.556304
0.719891
0.526035
0.36232
0.309021
0.111911
0.35978
0.260919
0.242326
0.574961
0.525958
0.4946
0.703677
0.892596
0.740094
0.64922
0.873412
0.327176
0.504599
0.440443
0.432859
0.406234
0.419421
0.590016
0.615433
0.071381
0.184853
0.858712
0.393101
0.378859
0.269191
0.198321
0.302684
0.0702365
0.471305
0.614612
0.627364
0.18115
0.556714
0.629966
0.142528
0.39798
0.703431
0.452279
0.673658
0.392148
0.516098
0.662195
0.496281
0.456963
0.64675
0.802643
0.271087
0.352746
0.328453
0.384445
0.325094
0.55507
0.551885
0.513274
0.17419
0.633408
0.300317
0.41299
0.182526
0.611052
0.748223
0.197148
0.556882
0.531943
0.603463
0.265803
0.303519
0.0586682
0.250547
0.432348
0.592811
0.0336003
0.388466
0.381656
0.382393
0.6495
0.743763
0.704949
0.279368
0.607131
0.408631
0.740105
0.550512
0.608146
0.572557
0.772435
0.428099
0.276889
0.490089
0.636699
0.357192
0.472448
0.499518
0.535169
0.474701
0.602434
0.258101
0.890379
0.225409
0.455301
0.507017
0.538614
0.867282
0.513518
0.478818
0.607706
0.896842
0.793499
0.304801
0.889129
0.27201
0.389733
0.699984
0.101208
0.29874
0.302964
0.467035
0.15133
0.69077
0.340511
0.573242
0.656783
0.558078
0.738652
0.759201
0.705183
0.815878
0.832573
0.81499
0.567781
0.0564372
0.0612749
0.227
0.576113
0.552427
0.128321
0.711877
0.201002
0.462002
0.341952
0.506127
0.411606
0.619242
0.440089
0.401323
0.332536
0.593058
0.289748
0.573489
0.562917
0.494949
0.271555
0.356595
0.0890151
0.260319
0.266003
0.297171
0.640659
0.706093
0.609054
0.580244
0.552507
0.403393
0.153255
0.154173
0.948201
0.559722
0.441887
0.458901
0.434929
0.879665
0.0754492
0.371647
0.856968
0.403338
0.532195
0.55665
0.700523
0.681841
0.720049
0.509094
0.47288
0.350539
0.921301
0.823422
0.612592
0.65337
0.89157
0.635697
0.353332
0.641215
0.350892
0.769069
0.403353
0.43892
0.429951
0.768685
0.569272
0.410549
0.593777
0.602992
0.613399
0.450063
0.756099
0.625329
0.567087
0.121621
0.630384
0.163427
0.619956
0.544294
0.560834
0.502923
0.570163
0.271815
0.673556
0.159699
0.470746
0.408463
0.532393
0.737769
0.670151
0.713742
0.235617
0.824974
0.86293
0.305687
0.521516
0.705972
0.293111
0.536851
