0.475301
0.521486
0.546229
0.491292
0.507647
0.520622
0.463646
0.57
0.533658
0.491982
0.507165
0.489338
0.447125
0.486861
0.505463
0.55562
0.511726
0.432427
0.510146
0.562271
0.544718
0.492812
0.506428
0.578
0.506245
0.454634
0.454248
0.49546
0.495923
0.541626
0.533352
0.501379
0.496542
0.475712
0.528491
0.51095
0.471807
0.457559
0.521355
0.520657
0.479292
0.513182
0.488535
0.478116
0.552073
0.566877
0.516809
0.496107
0.505981
0.504498
0.537917
0.499341
0.499998
0.532233
0.50666
0.502695
0.43318
0.529351
0.533317
0.452349
0.46348
0.501285
0.52088
0.497429
0.475216
0.49173
0.499134
0.528146
0.498429
0.466469
0.463106
0.502982
0.483407
0.482286
0.517435
0.455873
0.477804
0.493896
0.477783
0.495702
0.48553
0.480174
0.495114
0.433216
0.501607
0.525456
0.530414
0.480945
0.473721
0.467103
0.54089
0.503375
0.500185
0.479299
0.470821
0.488517
0.488566
0.504948
0.54053
0.506912
0.485214
0.51995
0.527565
0.515868
0.421636
0.461863
0.519506
0.479168
0.549783
0.530436
0.474989
0.506504
0.518274
0.530409
0.488032
0.551265
0.541017
0.514852
0.572613
0.535939
0.496974
0.544847
0.544236
0.525067
0.515719
0.490935
0.45989
0.477347
0.511197
0.503285
0.477
0.479793
0.471519
0.508265
0.547617
0.523932
0.504046
0.514014
0.520761
0.470364
0.503089
0.548843
0.490588
0.514851
0.515705
0.553924
0.530388
0.534851
0.494971
0.522867
0.484324
0.526396
0.478104
0.450506
0.534986
0.480782
0.499633
0.523622
0.512037
0.539968
0.520815
0.517529
0.505291
0.517399
0.471368
0.481507
0.536237
0.523225
0.556677
0.418084
0.530086
0.49327
0.483712
0.4883
0.542686
0.50063
0.505213
0.487263
0.502858
0.476057
0.490059
0.528874
0.522677
0.444475
0.506433
0.520367
0.480692
0.503533
0.514207
0.49864
0.482906
0.507279
0.477106
0.471087
0.543174
0.55232
0.49959
0.501134
0.490476
0.441329
0.456184
0.497745
0.459874
0.513152
0.502968
0.491204
0.513857
0.500967
0.465527
0.474223
0.480739
0.488805
0.520415
0.525396
0.47892
0.51805
0.52665
0.505853
0.494525
0.513186
0.500433
0.532192
0.492414
0.410897
0.493727
0.519096
0.486168
0.497424
0.521084
0.510886
0.533573
0.491826
0.527625
0.497458
0.514779
0.561123
0.495048
0.518925
0.477789
0.428284
0.485266
0.514654
0.469734
0.484329
0.448548
0.493709
0.474596
0.527368
0.473154
0.529669
0.473091
0.518045
0.487115
0.50585
0.485461
0.60341
0.523433
0.536915
0.462386
0.468529
0.503203
0.427069
0.475198
0.513136
0.535358
0.518305
0.488594
0.462911
0.517681
0.48694
0.474053
0.512741
0.514629
0.522641
0.549861
0.501041
0.509286
0.478818
0.505842
0.516077
0.507522
0.431328
0.512371
0.550797
0.543108
0.516369
0.530765
0.492999
0.506321
0.557992
0.485512
0.491449
0.501269
0.508221
0.509817
0.481738
0.547074
0.4732
0.499257
0.491997
0.515934
0.489334
0.481002
0.489042
0.500206
0.504055
0.477493
0.568761
0.536854
0.513804
0.515822
0.466637
0.459093
0.512043
0.491793
0.488843
0.502668
0.504889
0.487815
0.51244
0.561204
0.541104
0.495899
0.553413
0.477212
0.484151
0.523175
0.489763
0.510945
0.441477
0.50198
0.537128
0.489125
0.492689
0.486785
0.507624
0.492907
0.543484
0.475518
0.437326
0.425076
0.473553
0.475271
0.530091
0.508694
0.469006
0.496421
0.528999
0.493939
0.525496
0.511961
0.482473
0.490105
0.516976
0.55979
0.478862
0.541329
0.524347
0.506918
0.496961
0.535907
0.462844
0.490509
0.544207
0.470873
0.459336
0.5185
0.52022
0.519025
0.490536
0.501623
0.499574
0.550696
0.447855
0.511177
0.50023
0.505472
0.49903
0.507271
0.536574
0.480556
0.503174
0.507614
0.519556
0.485885
0.504268
0.506671
0.539618
0.497175
0.485769
0.501326
0.497043
0.485061
0.530725
0.506494
0.492563
0.472263
0.499988
0.509459
0.509794
0.504421
0.465517
0.484709
0.5287
0.479831
0.513881
0.50358
0.482116
0.496863
0.501572
0.499759
0.428822
0.546376
0.511117
0.469587
0.477985
0.572982
0.504946
0.454739
0.479435
0.499573
0.460011
0.536182
0.508399
0.452202
0.524965
0.497005
0.51558
0.478138
0.485748
0.454588
0.52485
0.521834
0.484485
0.479423
0.459995
0.527546
0.538031
0.500502
0.474991
0.521683
0.561136
0.500261
0.432766
0.553336
0.547431
0.452547
0.456399
0.501291
0.519018
0.484506
0.492915
0.545756
0.459837
0.509758
0.479193
0.521472
0.493915
0.480152
0.485723
0.466526
0.499489
0.543941
0.498125
0.481311
0.51368
0.498821
0.526946
0.510555
0.527163
0.490995
0.509557
0.526346
0.509039
0.550814
0.507406
0.512437
0.521197
0.4786
0.478644
0.503156
0.498654
0.480521
0.438805
0.509623
0.475098
0.465932
0.516828
0.490138
0.505895
0.518848
0.523921
0.521174
0.476611
0.524354
0.489644
0.483772
0.553326
0.555155
0.541727
0.543043
0.509191
0.49632
0.50963
0.484199
0.47456
0.471926
0.540292
0.487844
0.467918
0.553
0.449033
0.513492
0.481678
0.481216
0.557669
0.479133
0.468014
0.529422
0.52179
0.484498
0.470026
0.502683
0.523331
0.497226
0.525176
0.469207
0.534158
0.577692
0.510809
0.518783
0.520054
0.46562
0.47306
0.519247
0.538169
0.417995
0.495466
0.47352
0.498476
0.494123
0.554339
0.517981
0.501963
0.493036
0.494429
0.486884
0.493932
0.526815
0.527845
0.549159
0.515867
0.568904
0.506443
0.477932
0.527483
0.470008
0.485411
0.506326
0.502961
0.498912
0.513234
0.475205
0.540419
0.477392
0.528101
0.491486
0.547687
0.465476
0.507905
0.484004
0.513842
0.496594
0.472639
0.504715
0.495915
0.504715
0.534009
0.515773
0.482304
0.473405
0.534922
0.469767
0.524737
0.517921
0.495876
0.495683
0.53279
0.526955
0.58859
0.484001
0.470068
0.503571
0.509352
0.500226
0.547696
0.561166
0.47275
0.499233
0.535024
0.498097
0.505681
0.457462
0.502805
0.514816
0.464004
0.513395
0.451832
0.453147
0.509892
0.488314
0.478574
0.49461
0.514064
0.501183
0.484942
0.501601
0.508614
0.488095
0.505439
0.54265
0.495295
0.515131
0.502783
0.474167
0.490862
0.513238
0.481131
0.461771
0.462655
0.506849
0.490507
0.512861
0.4789
0.518971
0.51039
0.499191
0.441568
0.541444
0.495862
0.527257
0.504921
0.509466
0.484779
0.540996
0.527364
0.476396
0.445227
0.513889
0.522837
0.442774
0.492656
0.536997
0.443041
0.489494
0.536632
0.518743
0.533091
0.498637
0.516692
0.477513
0.498148
0.498666
0.481479
0.477287
0.531994
0.518044
0.478684
0.440693
0.482732
0.509846
0.476487
0.446032
0.475674
0.469192
0.528754
0.460998
0.466356
0.477308
0.47226
0.514152
0.502328
0.51528
0.508346
0.506508
0.503291
0.484146
0.464676
0.523196
0.50505
0.465352
0.503807
0.504743
0.491095
0.438905
0.540204
0.457499
0.491117
0.470195
0.539663
0.503732
0.470862
0.537607
0.50602
0.457386
0.5222
0.561058
0.528049
0.517063
0.473546
0.458726
0.470721
0.511826
0.533556
0.509757
0.503106
0.51873
0.497831
0.491937
0.521199
0.546707
0.468858
0.474515
0.576475
0.535565
0.471124
0.529736
0.486148
0.509445
0.510919
0.506637
0.502393
0.532126
0.476354
0.524333
0.556479
0.510162
0.527141
0.488953
0.528229
0.444906
0.443333
0.490476
0.517775
0.474205
0.522138
0.477688
0.478617
0.489784
0.454529
0.46816
0.499764
0.460309
0.468552
0.475237
0.498742
0.518655
0.491224
0.547452
0.452633
0.503236
0.510692
0.502092
0.514611
0.548215
0.457084
0.510946
0.549835
0.49925
0.544219
0.531942
0.515539
0.465902
0.512292
0.527642
0.501909
0.517333
0.508672
0.504773
0.506406
0.485035
0.49247
0.475319
0.475657
0.578565
0.578257
0.478529
0.514567
0.533216
0.542722
0.456767
0.487869
0.530611
0.509894
0.510739
0.53867
0.44509
0.478219
0.538507
0.482638
0.503837
0.586106
0.527238
0.523957
0.522599
0.488837
0.528928
0.526156
0.540043
0.483948
0.545936
0.530988
0.512888
0.496456
0.516026
0.482694
0.534378
0.549749
0.49933
0.50205
0.496049
0.499632
0.473249
0.520357
0.495529
0.493043
0.530279
0.531874
0.501947
0.471421
0.485184
0.505017
0.45878
0.571661
0.511299
0.516609
0.517354
0.512264
0.533151
0.515683
0.531099
0.523534
0.518454
0.507379
0.491702
0.530897
0.564022
0.464407
0.44693
0.549377
0.466674
0.512044
0.481757
0.492381
0.493868
0.488672
0.517885
0.483995
0.54413
0.491175
0.482572
0.503407
0.511326
0.504049
0.539099
0.52255
0.519053
0.491569
0.534096
0.511156
0.453853
0.48976
0.539486
0.521733
0.523211
0.482987
0.46984
0.503058
0.44332
0.479608
0.532737
0.484371
0.441972
0.501134
0.526066
0.500909
0.515673
0.495616
0.530351
0.539588
0.531738
0.512252
0.516946
0.483901
0.522679
0.511514
0.517601
0.529236
0.521249
0.542026
0.513212
0.531181
0.502042
0.528103
0.527805
0.454922
0.54408
0.543875
0.518834
0.495698
0.505478
0.472324
0.489836
0.548518
0.515426
0.549002
0.532281
0.467148
0.452595
0.516749
0.508339
0.532662
0.517029
0.512963
0.495974
0.432949
0.501712
0.476015
0.495631
0.476343
0.489926
0.480835
0.489564
0.452246
0.537052
0.491593
0.498802
0.414258
0.495428
0.485403
0.53968
0.489074
0.474995
0.526109
0.525092
0.477216
0.500562
0.490153
0.520854
0.436869
0.490372
0.453295
0.483097
0.544462
0.464966
0.511173
0.479348
0.467614
0.517081
0.459479
0.496936
0.497401
0.492014
0.529432
0.503625
0.515039
0.47554
0.487368
0.515028
0.507766
0.477742
0.497241
0.502256
0.492324
0.472827
0.432731
0.524638
0.521904
0.496897
0.50003
0.47209
0.500905
0.469603
0.499422
0.507918
0.496408
0.446249
0.516953
0.496521
0.488047
0.521208
0.508029
0.44467
0.428959
0.501059
0.461135
0.515737
0.486945
0.45859
0.548288
0.481609
0.501797
0.501387
0.492758
0.487868
0.454223
0.518038
0.495232
0.497428
0.503865
0.500717
0.485494
0.511971
0.465761
0.496923
0.513896
0.487488
0.501242
0.500131
0.459162
0.490817
0.542929
0.51599
0.487235
0.50151
0.514078
0.527069
0.478811
0.533506
0.527329
0.496963
0.476783
0.532154
0.491862
0.458487
0.522787
0.524919
0.503312
0.497567
0.525367
0.511926
0.497405
0.473995
0.46968
0.481104
0.50358
0.494305
0.466112
0.440348
0.593548
0.475356
0.516394
0.456665
0.514292
0.516633
0.49174
0.482908
0.475197
0.504489
0.496925
0.51231
0.442199
0.514452
0.493066
0.457783
0.512848
0.472927
0.483767
0.497699
0.527412
0.504127
0.505412
0.515912
0.512405
0.531425
0.501236
0.476796
0.521498
0.476488
0.526501
0.464484
0.469657
0.449232
0.47231
0.539949
0.521713
0.563608
0.539251
0.473459
0.476374
0.528301
0.487959
0.488939
0.488251
0.509379
0.517729
0.509278
0.438593
0.498484
0.530255
0.488309
0.4825
0.512221
0.524355
0.439422
0.456253
0.485579
0.527928
0.50826
0.500369
0.516527
0.481308
0.526044
0.536911
0.504821
0.535336
0.461495
0.475883
0.462738
0.518924
0.586401
0.454901
0.518243
0.563208
0.568356
0.546275
0.484202
0.50871
0.562364
0.510857
0.475084
0.511817
0.5317
0.460966
0.552288
0.518452
0.490801
0.495146
0.520202
0.474624
0.474933
0.522867
0.509471
0.461748
0.481181
0.482316
0.496255
0.492743
0.503675
0.481551
0.4934
0.524104
0.546236
0.542297
0.471164
0.537953
0.523584
0.503943
0.52326
0.492633
0.506111
0.457647
0.523177
0.494292
0.543849
0.479248
0.45298
0.50617
0.465894
0.474765
0.501613
0.485652
0.467928
0.420957
0.484164
0.477535
0.521014
0.500561
0.46218
0.509098
0.490139
0.509845
0.474864
0.539454
0.544476
0.504674
0.521493
0.491002
0.508724
0.507979
0.568635
0.48053
0.504463
0.480934
0.516246
0.45543
0.483044
0.514837
0.491549
0.497492
0.520349
0.490338
0.52825
0.521534
0.504613
0.512751
0.503172
0.444792
0.489724
0.521419
0.447325
0.48909
0.448672
0.559964
0.540747
0.472452
0.508517
0.502478
0.499838
0.448618
0.475084
0.505689
0.514141
0.507931
0.50089
0.463735
0.531437
0.514911
0.494311
0.452658
0.492373
0.517609
0.525058
0.486058
0.528324
0.530095
0.516308
0.478731
0.510837
0.468324
0.495767
0.466515
0.522189
0.464735
0.517175
0.540249
0.511598
0.529265
0.473635
0.499603
0.479712
0.522809
0.510451
0.515881
0.537438
0.509334
0.496167
0.486573
0.518312
0.518731
0.456952
0.450829
0.463597
0.504978
0.514712
0.503894
0.485611
0.521943
0.439109
0.517349
0.459448
0.488281
0.496213
0.495479
0.480866
0.44695
0.51277
0.468627
0.505604
0.534999
0.478107
0.501887
0.49238
0.504001
0.51147
0.449146
0.540273
0.507045
0.44928
0.513312
0.465727
0.527968
0.525217
0.44579
0.51191
0.463761
0.479488
0.511767
0.533359
0.480334
0.497842
0.490005
0.493549
0.50118
0.464216
0.501463
0.526979
0.50151
0.534033
0.452429
0.497427
0.568323
0.471461
0.434973
0.509832
0.508083
0.529164
0.537527
0.476843
0.454398
0.471448
0.576368
0.506842
0.551921
0.542098
0.556814
0.525435
0.560632
0.499855
0.531104
0.496325
0.515398
0.543135
0.485394
0.462362
0.525318
0.509604
0.506042
0.467756
0.499367
0.506351
0.497588
0.505155
0.450468
0.435845
0.501554
0.395884
0.477831
0.497568
0.523555
0.500283
0.523345
0.463283
0.511292
0.482249
0.515626
0.496247
0.499884
0.48475
0.505971
0.524516
0.533768
0.430939
0.502753
0.481619
0.503235
0.500341
0.490549
0.552591
0.563485
0.526215
0.461361
0.480402
0.527204
0.525395
0.4886
0.510526
0.507987
0.525399
0.488699
0.475491
0.498662
0.477284
0.47643
0.505065
0.520734
0.521223
0.471742
0.502021
0.500953
0.472037
0.499418
0.511458
0.508358
0.503585
0.436485
0.489254
0.48737
0.505846
0.522437
0.510621
0.494403
0.491485
0.427291
0.543763
0.479489
0.506471
0.473568
0.489512
0.480285
0.521638
0.418995
0.501405
0.510969
0.500829
0.503122
0.470144
0.457773
0.491107
0.496823
0.552648
0.438574
0.468349
0.419815
0.572145
0.525893
0.497018
0.486507
0.50778
0.51824
0.527949
0.470791
0.468336
0.488772
0.547248
0.47937
0.495639
0.505091
0.559763
0.472033
0.492298
0.499485
0.56173
0.524424
0.49146
0.492448
0.531056
0.510543
0.481472
0.528628
0.464814
0.511948
0.496525
0.50591
0.569007
0.469513
0.528822
0.484862
0.454894
0.500295
0.474288
0.504733
0.491355
0.502565
0.450661
0.518328
0.498307
0.490051
0.464723
0.533781
0.489163
0.522961
0.497738
0.506385
0.490277
0.497006
0.540617
0.485463
0.494252
0.488553
0.491254
0.494747
0.426459
0.527744
0.546634
0.492113
0.52712
0.543064
0.454952
0.485653
0.484436
0.528993
0.503926
0.445416
0.509459
0.449144
0.489023
0.478342
0.455276
0.514231
0.500173
0.50053
0.508659
0.488501
0.491045
0.505665
0.451069
0.47838
0.486915
0.43868
0.519965
0.499223
0.463727
0.554262
0.555112
0.493771
0.493089
0.513078
0.515231
0.530275
0.488775
0.574357
0.527219
0.507898
0.495719
0.429128
0.49552
0.487994
0.480695
0.468768
0.517401
0.475824
0.545722
0.480946
0.548042
0.479233
0.443907
0.519373
0.486942
0.497467
0.488853
0.492358
0.56624
0.460674
0.521062
0.542827
0.486678
0.482289
0.5088
0.501584
0.485087
0.513654
0.499993
0.475949
0.538079
0.431318
0.511522
0.544961
0.501964
0.538697
0.531256
0.464763
0.533499
0.45872
0.45691
0.446099
0.46674
0.51379
0.537741
0.459796
0.487743
0.48252
0.465912
0.503008
0.53299
0.505297
0.482394
0.513827
0.493902
0.446395
0.468273
0.456791
0.455537
0.480213
0.50958
0.536839
0.542152
0.531806
0.498096
0.451609
0.53781
0.473351
0.460184
0.486584
0.481025
0.522103
0.501436
0.476713
0.475774
0.462861
0.490061
0.521701
0.476435
0.527545
0.522182
0.497438
0.543478
0.542345
0.475975
0.497962
0.474502
0.502539
0.509522
0.533128
0.478546
0.497657
0.472713
0.496801
0.530033
0.533767
0.472306
0.506092
0.464222
0.511355
0.539574
0.468865
0.523271
0.460163
0.532644
0.496735
0.517844
0.477562
0.493975
0.453945
0.483318
0.563093
0.483133
0.466156
0.463937
0.514901
0.554452
0.492208
0.457417
0.507417
0.489121
0.488546
0.523349
0.534951
0.504838
0.480277
0.501062
0.491445
0.509447
0.511857
0.498184
0.468562
0.475975
0.499259
0.494672
0.466164
0.526126
0.49628
0.525535
0.472185
0.480811
0.480474
0.558376
0.471436
0.485498
0.426169
0.521307
0.511221
0.50327
0.468154
0.477195
0.559229
0.530366
0.502154
0.468715
0.527247
0.460848
0.467056
0.494738
0.461277
0.454694
0.476259
0.504307
0.480811
0.455361
0.536466
0.474262
0.550905
0.519456
0.54395
0.507649
0.501324
0.545856
0.480686
0.441755
0.49611
0.510288
0.533138
0.539097
0.48045
0.422201
0.509706
0.476491
0.493323
0.554573
0.471222
0.533345
0.465204
0.467398
0.52233
0.460253
0.508626
0.547677
0.527401
0.484749
0.471828
0.531216
0.457623
0.517227
0.475538
0.495047
0.498529
0.513667
0.451372
0.467239
0.49917
0.532357
0.495837
0.49893
0.522919
0.521379
0.472719
0.509996
0.54018
0.516702
0.502212
0.525495
0.507564
0.514393
0.528669
0.498336
0.506117
0.464152
0.508896
0.470184
0.48037
0.477272
0.485512
0.505753
0.505086
0.504611
0.498778
0.476129
0.520052
0.476328
0.506397
0.497917
0.494827
0.484568
0.50282
0.502525
0.462477
0.494898
0.483608
0.492166
0.538755
0.476719
0.509955
0.486866
0.463296
0.534112
0.554741
0.493262
0.452071
0.47612
0.473007
0.486981
0.512831
0.511415
0.502586
0.534254
0.442568
0.501123
0.578476
0.515858
0.460248
0.462339
0.508388
0.510807
0.459356
0.523103
0.505413
0.454244
0.440173
0.489314
0.502991
0.481882
0.526311
0.509805
0.520931
0.503072
0.495968
0.49462
0.540208
0.449217
0.475654
0.542896
0.527261
0.499766
0.510007
0.5228
0.51163
0.482539
0.490668
0.511085
0.477572
0.469546
0.462363
0.491205
0.571884
0.487025
0.515125
0.51598
0.50517
0.504832
0.425427
0.515565
0.498253
0.504007
0.470639
0.538608
0.502975
0.442941
0.503067
0.480801
0.508357
0.515488
0.511698
0.510305
0.537568
0.474245
0.469024
0.505554
0.494484
0.45755
0.541765
0.482496
0.484422
0.42002
0.500348
0.502195
0.462967
0.537263
0.532408
0.525622
0.468264
0.491252
0.527756
0.492358
0.481885
0.492244
0.541026
0.478279
0.494889
0.526669
0.515904
0.511324
0.490161
0.481545
0.511327
0.523421
0.538062
0.510328
0.502644
0.502863
0.496029
0.551073
0.484295
0.47923
0.477501
0.506101
0.447437
0.519413
0.492641
0.486283
0.546005
0.528077
0.541283
0.458445
0.515188
0.510778
0.513449
0.459421
0.462215
0.557739
0.448339
0.465854
0.522868
0.517788
0.48984
0.488101
0.478262
0.454853
0.504077
0.555457
0.512359
0.475651
0.488345
0.466577
0.47639
0.491345
0.524478
0.474211
0.514082
0.495017
0.444578
0.490544
0.48123
0.510367
0.511399
0.534217
0.56205
0.467034
0.445922
0.440888
0.517738
0.449049
0.534114
0.466674
0.522058
0.471989
0.514799
0.501293
0.514502
0.481157
0.509512
0.541057
0.520868
0.499378
0.439235
0.549177
0.45891
0.503533
0.485672
0.513105
0.525281
0.570547
0.517243
0.558942
0.489279
0.465964
0.530918
0.557254
0.476129
0.533321
0.466413
0.551052
0.522629
0.47492
0.482766
0.486175
0.493291
0.481323
0.469939
0.519997
0.495376
0.467369
0.498559
0.532109
0.513933
0.528968
0.475139
0.458731
0.527834
0.531683
0.501876
0.511727
0.507265
0.506381
0.500394
0.496688
0.471972
0.518388
0.486197
0.518259
0.535212
0.476805
0.471259
0.493022
0.495506
0.484344
0.519629
0.491694
0.479482
0.502301
0.466343
0.486257
0.483973
0.489672
0.511816
0.539852
0.531596
0.511861
0.468405
0.50605
0.486036
0.507575
0.506557
0.450191
0.483571
0.519324
0.475953
0.512302
0.465866
0.442927
0.480944
0.474212
0.493
0.486745
0.515487
0.551395
0.500034
0.496343
0.494202
0.5034
0.507401
0.522194
0.504337
0.488849
0.464942
0.516176
0.486765
0.477608
0.528787
0.509191
0.54895
0.492239
0.504429
0.521698
0.502442
0.513888
0.550489
0.508309
0.463261
0.497735
0.49575
0.506492
0.513885
0.545763
0.464394
0.499725
0.476661
0.508155
0.535757
0.471857
0.473921
0.489965
0.547809
0.488809
0.480927
0.479963
0.517676
0.515831
0.492638
0.479728
0.465293
0.535086
0.440292
0.471168
0.492491
0.514189
0.462458
0.460719
0.471874
0.498236
0.518694
0.511619
0.497508
0.475582
0.50081
0.527737
0.470158
0.463023
0.503099
0.551704
0.49831
0.48374
0.492293
0.497355
0.494958
0.478378
0.521613
0.495014
0.488864
0.535465
0.549641
0.473675
0.545117
0.504096
0.509948
0.505058
0.508161
0.503906
0.48507
0.511448
0.503347
0.511927
0.489668
0.515636
0.510363
0.492394
0.460997
0.472782
0.550961
0.506098
0.506467
0.499011
0.509005
0.524899
0.461413
0.520754
0.495479
0.451583
0.556571
0.455575
0.504415
0.504945
0.492572
0.525219
0.455194
0.506741
0.51422
0.503199
0.487111
0.485615
0.513977
0.523186
0.495862
0.49021
0.473012
0.484015
0.468491
0.499036
0.468007
0.498121
0.500783
0.500205
0.538743
0.510895
0.463785
0.47454
0.488853
0.469602
0.546634
0.467698
0.491218
0.475439
0.53077
0.450459
0.518796
0.476761
0.563498
0.503196
0.50735
0.44379
0.511393
0.475309
0.51219
0.485998
0.478648
0.490125
0.457715
0.466157
0.472014
0.509881
0.534852
0.515448
0.48971
0.506133
0.483563
0.480427
0.541568
0.472555
0.458926
0.505769
0.523952
0.516864
0.531147
0.4698
0.515573
0.465934
0.47061
0.498788
0.506518
0.485082
0.495048
0.488904
0.577465
0.513654
0.490486
0.46263
0.481535
0.47126
0.492051
0.50238
0.477364
0.502039
0.523544
0.483935
0.436094
0.530072
0.481937
0.494457
0.521949
0.522023
0.47833
0.524845
0.488232
0.520481
0.521438
0.467567
0.497729
0.522565
0.511972
0.474445
0.496103
0.515404
0.512399
0.50258
0.493582
0.517552
0.470232
0.481373
0.456638
0.490206
0.425079
0.49279
0.467026
0.483959
0.459016
0.566374
0.548089
0.507599
0.502345
0.468268
0.482289
0.499841
0.506154
0.440564
0.491928
0.509729
0.550348
0.466794
0.496834
0.486481
0.51961
0.537234
0.505692
0.436592
0.546141
0.542041
0.486576
0.519832
0.540592
0.502036
0.479438
0.513145
0.502517
0.47928
0.528655
0.472147
0.507414
0.518435
0.484571
0.555797
0.5252
0.453355
0.514176
0.465479
0.538278
0.51234
0.534905
0.552214
0.477367
0.553243
0.451973
0.474529
0.49851
0.461842
0.485915
0.506686
0.521324
0.49203
0.527998
0.537074
0.5001
0.495058
0.529217
0.48655
0.496989
0.510652
0.443563
0.466018
0.508773
0.491061
0.495416
0.473487
0.551693
0.448326
0.519254
0.46786
0.546129
0.435944
0.439569
0.446739
0.485659
0.482068
0.529904
0.538186
0.521767
0.488092
0.499566
0.493634
0.492338
0.482278
0.469641
0.575546
0.462613
0.43374
0.498882
0.556027
0.51265
0.430863
0.474592
0.48087
0.50406
0.525971
0.531174
0.509599
0.497013
0.492934
0.484441
0.470364
0.499826
0.487294
0.495375
0.506198
0.428871
0.452623
0.49261
0.475596
0.454823
0.518014
0.505956
0.507719
0.478316
0.528098
0.53844
0.515273
0.447639
0.509597
0.484157
0.523265
0.464188
0.460398
0.523348
0.458982
0.526595
0.494306
0.462096
0.449658
0.497936
0.495229
0.506509
0.513958
0.535691
0.519374
0.522711
0.518599
0.512322
0.556397
0.474227
0.431728
0.514077
0.506048
0.504634
0.492111
0.492919
0.494095
0.530745
0.512229
0.445038
0.430843
0.442157
0.481125
0.480191
0.480767
0.476823
0.478835
0.437848
0.478389
0.506559
0.470398
0.484796
0.521833
0.516042
0.528454
0.428143
0.542279
0.536152
0.536207
0.498562
0.528075
0.507348
0.496665
0.499862
0.47237
0.508495
0.511545
0.488488
0.451011
0.525962
0.528655
0.474101
0.523996
0.509325
0.536845
0.490905
0.502125
0.533381
0.502467
0.497609
0.496609
0.478842
0.502505
0.457824
0.481348
0.450779
0.471882
0.525958
0.496382
0.477092
0.492815
0.53731
0.529722
0.548703
0.502014
0.463811
0.529339
0.49625
0.479121
0.514577
0.52569
0.469584
0.5215
0.477002
0.518608
0.478757
0.513373
0.500351
0.484022
0.478131
0.46094
0.538534
0.49144
0.5063
0.461475
0.467871
0.510883
0.478315
0.528003
0.502911
0.468632
0.535751
0.419142
0.549764
0.50809
0.504212
0.525442
0.510584
0.571076
0.474277
0.491231
0.510854
0.544166
0.545583
0.488992
0.506621
0.525128
0.556896
0.468825
0.472825
0.489275
0.50766
0.517941
0.475066
0.470574
0.475893
0.496609
0.521494
0.515704
0.48819
0.501933
0.502791
0.461967
0.46256
0.536349
0.52729
0.505058
0.52341
0.54334
0.483981
0.49616
0.497849
0.470611
0.464386
0.437885
0.548184
0.475325
0.468751
0.495873
0.529597
0.494072
0.483778
0.520962
0.514156
0.531507
0.486732
0.501186
0.560105
0.528123
0.510432
0.552017
0.473352
0.5539
0.50879
0.527865
0.478913
0.487689
0.52448
0.501185
0.52326
0.541603
0.477422
0.523459
0.501733
0.467519
0.46129
0.523039
0.513013
0.503481
0.528675
0.469144
0.537576
0.528441
0.465056
0.462547
0.528897
0.463873
0.515812
0.487321
0.55223
0.512391
0.47544
0.45287
0.500986
0.511124
0.447268
0.522007
0.497302
0.508274
0.466594
0.522402
0.53132
0.494546
0.50881
0.501074
0.520166
0.479035
0.512767
0.453035
0.467617
0.48617
0.482115
0.516452
0.471228
0.533554
0.50453
0.471126
0.515114
0.509444
0.549385
0.470406
0.531036
0.505307
0.484515
0.497178
0.502727
0.567823
0.535891
0.503072
0.510823
0.512974
0.501366
0.489813
0.468307
0.481941
0.519756
0.478418
0.466205
0.556489
0.515505
0.514089
0.521365
0.474897
0.520561
0.562876
0.484821
0.485282
0.470095
0.483798
0.490237
0.460896
0.485752
0.46289
0.494801
0.513774
0.485481
0.481882
0.524245
0.513338
0.516148
0.46466
0.522056
0.532434
0.485192
0.482637
0.460019
0.534174
0.509199
0.481414
0.500453
0.501011
0.52646
0.493934
0.49472
0.507157
0.440973
0.470546
0.460063
0.48383
0.478041
0.527166
0.54751
0.473397
0.51523
0.535003
0.504728
0.48532
0.532965
0.527221
0.524204
0.488396
0.52024
0.53033
0.551326
0.517222
0.523693
0.494265
0.49864
0.525533
0.511377
0.530822
0.529161
0.447211
0.542012
0.543668
0.497882
0.491751
0.499857
0.495245
0.489051
0.551946
0.475804
0.519953
0.46698
0.496959
0.475324
0.464647
0.517734
0.475835
0.479731
0.485142
0.5426
0.489481
0.462344
0.481776
0.474331
0.510097
0.556652
0.491441
0.433424
0.49562
0.468197
0.46369
0.4917
0.484977
0.491492
0.522717
0.538816
0.452225
0.481721
0.526147
0.496587
0.451253
0.49909
0.518756
0.465865
0.516908
0.530272
0.480407
0.488608
0.515437
0.502407
0.510823
0.478467
0.491347
0.504251
0.430112
0.489151
0.496407
0.497323
0.486578
0.510739
0.538887
0.49596
0.507925
0.557415
0.469405
0.525093
0.506924
0.480647
0.468445
0.511897
0.488665
0.511874
0.526703
0.483372
0.50691
0.528296
0.472486
0.504965
0.46769
0.501557
0.512462
0.511568
0.477328
0.526961
0.487641
0.485385
0.5203
0.522629
0.51261
0.516117
0.503189
0.453505
0.492295
0.466471
0.489997
0.51185
0.468846
0.516144
0.49977
0.528431
0.50628
0.473745
0.500443
0.489584
0.569168
0.489769
0.516493
0.524431
0.473571
0.513246
0.497986
0.521111
0.435575
0.486212
0.473386
0.545828
0.519662
0.507191
0.538688
0.486126
0.492916
0.45867
0.474444
0.519991
0.511102
0.522528
0.495765
0.492348
0.46109
0.487771
0.506708
0.495307
0.495429
0.510234
0.510451
0.520303
0.486141
0.515287
0.533443
0.498946
0.55553
0.460579
0.501257
0.522419
0.514013
0.472599
0.524295
0.491228
0.493241
0.521895
0.50368
0.500659
0.494061
0.51827
0.464861
0.482
0.462776
0.497772
0.504422
0.513024
0.517662
0.513922
0.482636
0.508015
0.495355
0.499888
0.501227
0.49035
0.490574
0.507452
0.475809
0.458905
0.512188
0.471093
0.491449
0.520904
0.445946
0.507469
0.445947
0.452954
0.513743
0.515652
0.499532
0.531398
0.5182
0.472676
0.515111
0.532417
0.469027
0.510927
0.525576
0.509121
0.476251
0.504777
0.482481
0.511793
0.459359
0.497116
0.564225
0.550972
0.447832
0.493303
0.525116
0.550999
0.54693
0.469007
0.54513
0.521307
0.454968
0.505634
0.511985
0.509012
0.479199
0.496053
0.513271
0.521559
0.483929
0.545301
0.549952
0.492139
0.515969
0.504405
0.509446
0.490732
0.51126
0.506524
0.474921
0.484655
0.536766
0.546915
0.568301
0.446914
0.490777
0.532767
0.490872
0.458159
0.501925
0.504424
0.513253
0.486098
0.504712
0.521949
0.45408
0.489583
0.471562
0.484018
0.474734
0.485651
0.485431
0.500775
0.509293
0.456382
0.532411
0.49729
0.51019
0.465901
0.472484
0.525518
0.479219
0.481033
0.493249
0.533947
0.50132
0.41436
0.51298
0.526411
0.478181
0.475552
0.525469
0.553498
0.516043
0.523264
0.541588
0.527652
0.485333
0.510356
0.496083
0.540063
0.509743
0.472115
0.469745
0.49488
0.502373
0.470356
0.50626
0.472697
0.552354
0.453098
0.501915
0.526809
0.515198
0.454802
0.529266
0.495988
0.514884
0.488257
0.450047
0.49756
0.478496
0.465946
0.517468
0.512988
0.51101
0.513473
0.475647
0.501081
0.476806
0.47524
0.49882
0.514934
0.486396
0.475326
0.492161
0.488864
0.485076
0.514321
0.539064
0.429507
0.480446
0.493072
0.528662
0.457048
0.526321
0.491676
0.496631
0.53176
0.512192
0.509006
0.499084
0.488805
0.543489
0.52445
0.473028
0.469173
0.464086
0.47661
0.489571
0.522769
0.467172
0.468449
0.542266
0.514628
0.524487
0.446977
0.499744
0.498124
0.49036
0.478013
0.528671
0.48847
0.50164
0.510076
0.502007
0.481768
0.485917
0.470983
0.443204
0.46313
0.529017
0.548531
0.506275
0.532867
0.522046
0.522629
0.514183
0.451147
0.493891
0.497693
0.505788
0.444912
0.495497
0.485961
0.509102
0.489775
0.528049
0.506837
0.522976
0.455271
0.481821
0.494451
0.520014
0.512695
0.531596
0.532463
0.492583
0.517037
0.516513
0.486808
0.495711
0.561687
0.507819
0.485727
0.502591
0.517853
0.470394
0.562
0.499742
0.518496
0.509115
0.522159
0.511709
0.465209
0.52714
0.466351
0.464082
0.489412
0.501022
0.45288
0.505526
0.497564
0.510378
0.493115
0.534022
0.532503
0.563414
0.482668
0.461672
0.50549
0.452308
0.428522
0.470681
0.489697
0.46497
0.511276
0.457626
0.46688
0.515344
0.416893
0.463265
0.473337
0.539037
0.530528
0.493093
0.505083
0.502783
0.461006
0.474032
0.559115
0.45605
0.490795
0.502149
0.518723
0.494077
0.472497
0.464658
0.504664
0.499707
0.526556
0.498633
0.556735
0.514757
0.510673
0.463521
0.495425
0.491113
0.511841
0.491551
0.542067
0.510663
0.516696
0.509159
0.506744
0.527155
0.512439
0.58554
0.442271
0.500585
0.533705
0.455984
0.533516
0.496398
0.492863
0.504706
0.485115
0.501031
0.532033
0.53408
0.496005
0.467806
0.512146
0.506456
0.542132
0.461291
0.502262
0.505703
0.462842
0.544646
0.523639
0.4652
0.532918
0.466574
0.507469
0.486901
0.499541
0.497959
0.480066
0.444099
0.467794
0.461459
0.449583
0.51343
0.513194
0.510996
0.516219
0.456306
0.436316
0.495478
0.523404
0.485924
0.50139
0.448076
0.487715
0.485438
0.473947
0.497155
0.505389
0.510082
0.505702
0.498323
0.435381
0.528277
0.529066
0.492376
0.512934
0.473392
0.507474
0.456807
0.490907
0.52101
0.517298
0.527475
0.503462
0.430701
0.515939
0.502608
0.530484
0.493578
0.480046
0.476964
0.471218
0.506719
0.486083
0.505375
0.449268
0.48498
0.468886
0.500376
0.523277
0.524341
0.515991
0.508991
0.500595
0.435686
0.487396
0.512192
0.484846
0.503424
0.520758
0.542949
0.509942
0.431573
0.536774
0.583389
0.537564
0.495472
0.48239
0.469125
0.534765
0.50707
0.551483
0.462657
0.453061
0.515422
0.462478
0.493626
0.487396
0.503521
0.545997
0.439854
0.487668
0.492554
0.456755
0.510443
0.469317
0.461996
0.53355
0.543839
0.46273
0.508282
0.537994
0.515655
0.501176
0.538127
0.462647
0.541298
0.498594
0.499391
0.506051
0.527986
0.504044
0.499765
0.486947
0.482775
0.468925
0.521078
0.50121
0.493515
0.553496
0.496585
0.538952
0.476577
0.515597
0.464885
0.509305
0.509399
0.489164
0.484017
0.497793
0.520827
0.492998
0.472466
0.50447
0.553485
0.488547
0.492175
0.486248
0.468415
0.494203
0.506838
0.477683
0.523723
0.464933
0.583728
0.481964
0.51915
0.480016
0.498606
0.476636
0.55332
0.525374
0.50296
0.552701
0.487959
0.465536
0.515398
0.46479
0.494616
0.485774
0.451513
0.455269
0.547484
0.497442
0.508545
0.464828
0.526671
0.476223
0.554615
0.472655
0.447975
0.488818
0.4818
0.504064
0.478623
0.530804
0.504877
0.553699
0.496913
0.466927
0.512712
0.466696
0.462859
0.472219
0.488998
0.554502
0.485312
0.502922
0.508004
0.510152
0.489116
0.49263
0.496029
0.480619
0.557194
0.511097
0.510121
0.510112
0.482636
0.518253
0.50411
0.49391
0.513261
0.478857
0.512877
0.481131
0.506532
0.486297
0.485879
0.487773
0.4793
0.497197
0.479924
0.487142
0.490564
0.518954
0.481044
0.519329
0.46443
0.49505
0.480526
0.468453
0.485543
0.47025
0.487858
0.516987
0.503781
0.459485
0.492936
0.499187
0.494624
0.547617
0.513573
0.446613
0.51476
0.487311
0.466416
0.501495
0.499766
0.491201
0.487169
0.519442
0.455591
0.512236
0.458754
0.470153
0.473686
0.499965
0.485983
0.469651
0.509312
0.505346
0.476895
0.493575
0.554648
0.494759
0.511114
0.519386
0.505994
0.515232
0.474093
0.534539
0.48347
0.504629
0.504784
0.483887
0.50044
0.517704
0.477759
0.53633
0.519157
0.533714
0.496097
0.539167
0.512166
0.50363
0.517981
0.517312
0.531614
0.452196
0.509925
0.489584
0.548995
0.437017
0.497463
0.469301
0.466889
0.495834
0.506949
0.522455
0.485139
0.494055
0.529404
0.48244
0.492482
0.524732
0.52113
0.501726
0.499153
0.467429
0.510628
0.451638
0.457226
0.52307
0.464196
0.472543
0.456691
0.51882
0.503066
0.496968
0.532329
0.527628
0.514998
0.513426
0.507527
0.48607
0.467447
0.472762
0.497169
0.51402
0.544879
0.492577
0.495821
0.480131
0.558861
0.557498
0.505458
0.485659
0.548465
0.509709
0.527163
0.53046
0.504629
0.548889
0.494469
0.51155
0.51258
0.514616
0.485428
0.466157
0.520688
0.475968
0.441981
0.515129
0.46428
0.48856
0.537053
0.483714
0.523499
0.472269
0.512686
0.497428
0.452247
0.48438
0.529818
0.55084
0.520243
0.501577
0.507822
0.503969
0.494103
0.486093
0.477799
0.46943
0.470881
0.480034
0.538786
0.455861
0.545467
0.498567
0.503668
0.479326
0.481401
0.435766
0.507581
0.511679
0.474851
0.522734
0.514033
0.498126
0.528392
0.469513
0.483922
0.537801
0.521802
0.491613
0.493074
0.490878
0.490828
0.497094
0.450884
0.510964
0.513932
0.507281
0.524238
0.4871
0.495769
0.516898
0.488014
0.487895
0.441815
0.478772
0.509293
0.491156
0.480425
0.512909
0.512838
0.472972
0.488966
0.505718
0.518582
0.475605
0.503847
0.50614
0.448743
0.545962
0.53741
0.55239
0.455828
0.495747
0.507254
0.524685
0.529233
0.547974
0.45765
0.521665
0.535401
0.477187
0.482829
0.494938
0.515605
0.52486
0.555105
0.468243
0.479459
0.486794
0.506554
0.493887
0.537099
0.46339
0.49336
0.495331
0.456937
0.48109
0.491464
0.484708
0.429632
0.49663
0.497885
0.478822
0.535856
0.514629
0.493482
0.465258
0.531246
0.49102
0.572136
0.547846
0.494985
0.514577
0.502749
0.531393
0.459416
0.418784
0.501227
0.510435
0.490403
0.536261
0.499193
0.484378
0.517428
0.485354
0.506672
0.527851
0.507045
0.508061
0.5218
0.52401
0.46405
0.532615
0.52895
0.451006
0.484843
0.522616
0.5169
0.516408
0.512727
0.444854
0.48293
0.527222
0.513619
0.49491
0.511499
0.507788
0.523627
0.475403
0.474503
0.505435
0.480385
0.486379
0.45352
0.502847
0.53381
0.488051
0.475002
0.482791
0.507282
0.487807
0.521554
0.538779
0.537908
0.518391
0.493316
0.535409
0.437884
0.492336
0.492547
0.533219
0.533669
0.476371
0.503856
0.520959
0.514137
0.513538
0.476588
0.436829
0.453788
0.542412
0.471836
0.510524
0.525739
0.502076
0.463771
0.498534
0.497469
0.495531
0.495581
0.522056
0.498293
0.498078
0.508888
0.493763
0.492185
0.463034
0.508892
0.507609
0.486102
0.504938
0.46546
0.503426
0.478141
0.457399
0.534756
0.511336
0.479985
0.523863
0.49144
0.463671
0.524984
0.447101
0.444977
0.475111
0.510063
0.517066
0.514651
0.543811
0.452323
0.514188
0.488577
0.523474
0.517957
0.481105
0.486867
0.512177
0.482649
0.492547
0.495118
0.469425
0.512396
0.480462
0.471148
0.48697
0.527303
0.536858
0.527355
0.507455
0.506747
0.455045
0.527903
0.521548
0.493134
0.473358
0.52092
0.510046
0.526527
0.543899
0.450873
0.480915
0.499558
0.469605
0.527021
0.5087
0.489478
0.470998
0.455029
0.538533
0.442721
0.511551
0.457426
0.490411
0.510316
0.487577
0.524188
0.469914
0.515542
0.512302
0.519253
0.515342
0.456801
0.529086
0.48688
0.481798
0.469405
0.498054
0.490424
0.491308
0.523307
0.473393
0.534813
0.513059
0.505328
0.512782
0.474859
0.525496
0.4826
0.560517
0.509076
0.50584
0.509452
0.484355
0.499814
0.503733
0.486054
0.482701
0.514956
0.47274
0.489736
0.490828
0.446035
0.512412
0.477094
0.537293
0.527076
0.508245
0.477759
0.506798
0.454661
0.498063
0.472147
0.513437
0.502303
0.539912
0.50158
0.48574
0.493127
0.514388
0.497951
0.477222
0.508692
0.477179
0.522631
0.485402
0.505566
0.47642
0.493575
0.498488
0.464468
0.483019
0.54164
0.489371
0.511514
0.52631
0.49005
0.476109
0.491887
0.525968
0.48562
0.479071
0.519981
0.555105
0.49004
0.497168
0.476539
0.477458
0.550005
0.53649
0.574254
0.539696
0.504506
0.508996
0.463483
0.511661
0.507018
0.489085
0.496076
0.463981
0.472854
0.531696
0.477355
0.472457
0.483399
0.494359
0.466094
0.528129
0.487592
0.522329
0.544399
0.474439
0.46767
0.51273
0.50081
0.459663
0.484039
0.480527
0.460116
0.502234
0.509114
0.523389
0.504491
0.514937
0.480177
0.478937
0.477048
0.504749
0.517696
0.518947
0.527808
0.489412
0.551256
0.530432
0.442968
0.51832
0.506187
0.500757
0.523257
0.470006
0.498302
0.517677
0.520521
0.445038
0.532767
0.467891
0.470674
0.482591
0.469193
0.499187
0.505189
0.489929
0.484434
0.488861
0.524457
0.472607
0.545532
0.489638
0.54917
0.482962
0.478557
0.496243
0.497382
0.516566
0.548029
0.50076
0.514591
0.489224
0.521969
0.510476
0.514181
0.487087
0.507693
0.492772
0.550238
0.472943
0.483989
0.530186
0.491339
0.463927
0.469605
0.544855
0.451765
0.518379
0.471838
0.512502
0.487823
0.468336
0.510633
0.486827
0.476132
0.502951
0.493907
0.51789
0.454779
0.517901
0.481927
0.512701
0.506801
0.455307
0.458388
0.530165
0.500478
0.553869
0.501618
0.47046
0.576992
0.513392
0.531801
0.523397
0.490084
0.462831
0.512618
0.450954
0.444104
0.474915
0.503994
0.543554
0.518107
0.519421
0.495003
0.532398
0.47916
0.514955
0.543197
0.523783
0.504676
0.516606
0.511957
0.405592
0.470931
0.50278
0.526778
0.46837
0.485057
0.524922
0.492794
0.518528
0.565186
0.522327
0.480353
0.521458
0.505097
0.501897
0.466121
0.497672
0.515266
0.488104
0.549937
0.452753
0.503605
0.497726
0.440719
0.516798
0.510992
0.490622
0.528878
0.453493
0.515903
0.473101
0.501252
0.492832
0.488678
0.482841
0.483304
0.482076
0.491113
0.469975
0.500458
0.531782
0.465815
0.511408
0.486895
0.529841
0.448995
0.505838
0.528989
0.516398
0.519763
0.503851
0.547775
0.473561
0.530443
0.496964
0.528623
0.510809
0.550568
0.515216
0.517385
0.502331
0.519024
0.495908
0.474068
0.535995
0.503819
0.504976
0.47322
0.442617
0.569244
0.543391
0.503144
0.443513
0.51022
0.477397
0.454324
0.45631
0.490469
0.534549
0.544638
0.473516
0.474351
0.49589
0.490508
0.482757
0.493749
0.494357
0.487665
0.50669
0.54585
0.464194
0.513245
0.486799
0.552049
0.506902
0.505902
0.508326
0.492064
0.504626
0.468261
0.460967
0.512688
0.488005
0.524587
0.49633
0.481969
0.45593
0.496851
0.481056
0.464055
0.48054
0.527712
0.493593
0.466938
0.490633
0.524982
0.480421
0.456961
0.506658
0.497372
0.548702
0.594762
0.514154
0.536301
0.519402
0.484264
0.510936
0.496746
0.487601
0.469031
0.495239
0.507155
0.522399
0.490687
0.483344
0.50275
0.51237
0.506858
0.499652
0.538795
0.476201
0.47803
0.510755
0.503892
0.541928
0.553623
0.536412
0.533965
0.529283
0.539251
0.520565
0.433433
0.503004
0.504258
0.498167
0.452078
0.49285
0.478192
0.499837
0.537455
0.558371
0.526338
0.464681
0.479256
0.490527
0.509979
0.448217
0.50198
0.522881
0.511048
0.520734
0.446503
0.47468
0.46043
0.482749
0.48283
0.486479
0.493853
0.527084
0.511343
0.533444
0.541073
0.497495
0.476421
0.536925
0.517516
0.505476
0.475257
0.493619
0.449671
0.450781
0.509243
0.51358
0.505834
0.516042
0.501314
0.490717
0.484409
0.457689
0.488284
0.457186
0.497312
0.467761
0.513394
0.488501
0.5132
0.495258
0.514209
0.459172
0.513714
0.490012
0.540448
0.486482
0.487848
0.40274
0.483628
0.477613
0.479254
0.455575
0.496285
0.494904
0.536068
0.509046
0.476308
0.535554
0.471944
0.452802
0.527359
0.512877
0.512669
0.484415
0.507732
0.521014
0.509423
0.486999
0.528125
0.526373
0.48446
0.47313
0.536928
0.476575
0.527338
0.518427
0.505511
0.508924
0.521757
0.509
0.504035
0.510058
0.51917
0.516659
0.521106
0.478931
0.522607
0.50513
0.561578
0.476369
0.522141
0.518375
0.491712
0.463617
0.484164
0.464365
0.487987
0.524214
0.53465
0.46803
0.455892
0.490715
0.498904
0.526639
0.521411
0.519956
0.456441
0.49816
0.536229
0.515098
0.501675
0.504288
0.446401
0.484486
0.553515
0.478454
0.524017
0.488655
0.45683
0.446253
0.47558
0.537588
0.54555
0.470036
0.485126
0.49779
0.503
0.496913
0.482958
0.467834
0.494395
0.473772
0.522838
0.454035
0.516318
0.49517
0.505042
0.534705
0.487984
0.508751
0.565475
0.51936
0.541218
0.524208
0.520478
0.513137
0.484781
0.499417
0.49365
0.528831
0.531179
0.512231
0.488444
0.519382
0.539665
0.50721
0.514046
0.479403
0.520098
0.489307
0.460577
0.500589
0.542945
0.484867
0.423609
0.474693
0.528226
0.525283
0.400723
0.469145
0.539961
0.48893
0.480115
0.551692
0.444921
0.57861
0.461354
0.526405
0.419519
0.548314
0.482077
0.486453
0.503704
0.505727
0.505019
0.539021
0.475204
0.524148
0.473
0.521907
0.533433
0.485509
0.483705
0.544688
0.504353
0.498442
0.512014
0.462026
0.502663
0.483146
0.508561
0.542708
0.535305
0.446479
0.494964
0.492679
0.532542
0.482624
0.466919
0.488368
0.564284
0.480172
0.517044
0.530579
0.536896
0.446868
0.463121
0.528736
0.479078
0.496972
0.530107
0.527858
0.476401
0.469416
0.504157
0.47105
0.46744
0.531256
0.474822
0.480858
0.497066
0.55135
0.470677
0.443487
0.503929
0.522464
0.459858
0.527857
0.501486
0.482061
0.488453
0.511681
0.519698
0.526605
0.467324
0.441521
0.504646
0.472254
0.504908
0.512964
0.475492
0.555091
0.485719
0.527957
0.504305
0.50245
0.519857
0.473884
0.528928
0.467205
0.538682
0.525382
0.519299
0.420094
0.529139
0.455166
0.522885
0.52984
0.449855
0.501446
0.507356
0.473197
0.494343
0.46185
0.492645
0.490518
0.461201
0.469416
0.507325
0.438323
0.481373
0.504963
0.515167
0.477006
0.504181
0.479463
0.548969
0.435528
0.495116
0.494654
0.494694
0.479222
0.480166
0.512417
0.516794
0.472745
0.467022
0.503325
0.504653
0.516442
0.488559
0.529439
0.432634
0.506926
0.516926
0.510878
0.516591
0.515185
0.518078
0.442172
0.514997
0.449107
0.529971
0.472803
0.512691
0.510472
0.498722
0.483979
0.47148
0.505404
0.444037
0.47541
0.539151
0.535533
0.458938
0.504038
0.523828
0.495778
0.492596
0.511117
0.503545
0.552336
0.464574
0.47209
0.523479
0.517289
0.522452
0.500291
0.500021
0.487697
0.513204
0.532784
0.508746
0.498351
0.535361
0.494734
0.461989
0.55705
0.489463
0.464617
0.583051
0.555384
0.45704
0.561499
0.482748
0.420302
0.514048
0.539585
0.526911
0.493084
0.506628
0.544321
0.47025
0.451554
0.491075
0.525756
0.484655
0.524384
0.494176
0.463529
0.533008
0.486792
0.525533
0.546033
0.530141
0.456014
0.503282
0.443923
0.499926
0.471023
0.504558
0.462535
0.524011
0.520425
0.490519
0.463652
0.447608
0.488644
0.503348
0.487045
0.528311
0.514659
0.552826
0.455773
0.51449
0.498207
0.448511
0.454123
0.522581
0.46164
0.438573
0.487727
0.51191
0.50506
0.478705
0.544548
0.488811
0.489144
0.557547
0.512576
0.498027
0.502697
0.474456
0.53285
0.500916
0.516596
0.459618
0.479441
0.481276
0.516013
0.476044
0.543804
0.517698
0.519664
0.511391
0.49917
0.485806
0.506964
0.520427
0.468812
0.496513
0.487479
0.48468
0.504854
0.51218
0.475513
0.495154
0.534258
0.54816
0.547125
0.540167
0.495423
0.552329
0.556069
0.459287
0.48993
0.511793
0.494925
0.504133
0.494116
0.4886
0.49197
0.458355
0.486786
0.491918
0.443863
0.495705
0.502245
0.452471
0.477909
0.462417
0.529351
0.487839
0.541341
0.486564
0.482242
0.549314
0.542542
0.543337
0.539208
0.469197
0.541303
0.474598
0.51259
0.511349
0.500871
0.469379
0.502051
0.539501
0.499617
0.487544
0.480814
0.481739
0.49832
0.492314
0.481955
0.482882
0.551433
0.472141
0.489324
0.488526
0.505779
0.514201
0.512525
0.517512
0.484091
0.528905
0.53248
0.567917
0.537245
0.568091
0.525752
0.442492
0.498982
0.472112
0.461835
0.542191
0.578997
0.498891
0.485438
0.483222
0.490643
0.439166
0.520142
0.508292
0.501627
0.527684
0.533199
0.513591
0.481152
0.492996
0.463254
0.478939
0.513571
0.524818
0.481103
0.501595
0.492799
0.495721
0.492686
0.518893
0.517127
0.454115
0.496124
0.538263
0.491803
0.511296
0.47017
0.474762
0.525291
0.482577
0.447677
0.528072
0.510711
0.509428
0.509144
0.537549
0.480104
0.507003
0.500585
0.472281
0.466957
0.49255
0.486707
0.442894
0.560523
0.55096
0.521937
0.504944
0.489897
0.532204
0.503158
0.484765
0.510176
0.442578
0.491384
0.514583
0.498488
0.480672
0.514846
0.484123
0.532724
0.505675
0.510508
0.542845
0.516609
0.468276
0.519627
0.524876
0.524881
0.503751
0.527993
0.474694
0.482887
0.466254
0.462856
0.5352
0.514475
0.528416
0.47344
0.483007
0.476708
0.529686
0.525393
0.523117
0.513318
0.480848
0.493734
0.53371
0.541967
0.524444
0.453723
0.490966
0.471939
0.526921
0.53198
0.525876
0.534921
0.5067
0.515876
0.524218
0.475636
0.483649
0.520121
0.474471
0.462388
0.483034
0.535434
0.465829
0.548601
0.486649
0.452436
0.53175
0.50135
0.45373
0.479486
0.538161
0.455243
0.475349
0.518213
0.486549
0.530875
0.491372
0.515011
0.500209
0.495169
0.534682
0.527995
0.529026
0.492119
0.511392
0.491738
0.508726
0.48062
0.479069
0.498868
0.471675
0.522004
0.530733
0.488156
0.517576
0.512517
0.486497
0.470382
0.495711
0.541019
0.535347
0.440902
0.54043
0.453606
0.467541
0.483769
0.545232
0.50543
0.506768
0.486386
0.547717
0.454534
0.506221
0.51322
0.489802
0.499036
0.482518
0.537085
0.469516
0.531038
0.486588
0.509091
0.519434
0.509436
0.484662
0.54353
0.481843
0.477766
0.510998
0.468976
0.484175
0.48864
0.475337
0.506622
0.554592
0.466606
0.483033
0.513699
0.463827
0.477675
0.527618
0.483479
0.48516
0.524715
0.490088
0.531372
0.551593
0.5197
0.534626
0.51364
0.462549
0.51982
0.467651
0.473734
0.498717
0.525979
0.529294
0.451031
0.482554
0.527678
0.459338
0.505123
0.495476
0.493903
0.451752
0.500671
0.495398
0.478938
0.553804
0.445474
0.487173
0.52611
0.500828
0.507745
0.502977
0.559996
0.501628
0.484886
0.472035
0.474561
0.500671
0.500199
0.493632
0.514757
0.472364
0.48834
0.51122
0.533334
0.523063
0.484653
0.508191
0.451596
0.563931
0.545294
0.439423
0.518665
0.53049
0.499008
0.471747
0.422118
0.473569
0.519927
0.537836
0.494684
0.454599
0.493705
0.451478
0.535686
0.501619
0.443949
0.4895
0.488078
0.479172
0.487206
0.52155
0.456016
0.496418
0.454928
0.530397
0.484795
0.506308
0.509844
0.50195
0.503493
0.520614
0.479247
0.437856
0.466729
0.44901
0.533803
0.508874
0.479187
0.506254
0.489828
0.491189
0.536176
0.482922
0.455557
0.480071
0.533915
0.498038
0.494915
0.527711
0.470688
0.504488
0.520717
0.509322
0.518033
0.481129
0.475252
0.480599
0.480809
0.462328
0.519804
0.480034
0.474952
0.501973
0.493129
0.503317
0.538002
0.55317
0.497084
0.518676
0.483788
0.487607
0.507825
0.488628
0.519937
0.483199
0.503174
0.474605
0.503808
0.510948
0.468094
0.458481
0.525151
0.480221
0.515738
0.44358
0.475771
0.516608
0.513434
0.534345
0.518915
0.501567
0.551167
0.54806
0.462523
0.513799
0.511953
0.535853
0.487023
0.467198
0.513758
0.518146
0.523618
0.499927
0.473762
0.488897
0.494018
0.496992
0.477464
0.512847
0.466024
0.450507
0.474911
0.472576
0.517262
0.525744
0.468928
0.502073
0.455366
0.558055
0.487967
0.517719
0.478052
0.438923
0.529054
0.465594
0.499457
0.474654
0.511443
0.457948
0.515871
0.466779
0.52401
0.455946
0.518255
0.519919
0.521379
0.51755
0.48167
0.463896
0.535116
0.458081
0.491684
0.458109
0.484451
0.468706
0.500952
0.505857
0.49069
0.539298
0.499139
0.505177
0.493101
0.503892
0.537249
0.534185
0.4915
0.438817
0.501817
0.478579
0.509268
0.517567
0.541444
0.525271
0.475075
0.547097
0.481361
0.49968
0.504376
0.544534
0.502215
0.468533
0.492713
0.510829
0.475662
0.500647
0.499363
0.480639
0.467749
0.513564
0.476627
0.490254
0.524986
0.524736
0.479599
0.464764
0.558683
0.485589
0.453259
0.501306
0.518957
0.470916
0.545635
0.479339
0.477111
0.543048
0.462385
0.495797
0.537257
0.470801
0.481858
0.489895
0.536296
0.470675
0.530226
0.498703
0.504259
0.517898
0.491158
0.462439
0.520623
0.475974
0.448381
0.502324
0.530143
0.486211
0.484865
0.520736
0.465121
0.496506
0.498984
0.512949
0.498385
0.497256
0.48327
0.483856
0.498748
0.519963
0.530092
0.536364
0.481876
0.511599
0.493158
0.447615
0.505502
0.448494
0.533878
0.484374
0.477247
0.493039
0.494863
0.541831
0.502207
0.463332
0.493838
0.505275
0.539324
0.500598
0.452456
0.528606
0.491723
0.565251
0.535779
0.456979
0.544993
0.48552
0.446764
0.505099
0.525139
0.490941
0.500964
0.542299
0.548094
0.497478
0.492027
0.507563
0.506366
0.54493
0.498385
0.521677
0.474291
0.546281
0.513067
0.511692
0.537382
0.481173
0.526717
0.509395
0.477237
0.512327
0.480961
0.527591
0.542238
0.518014
0.525127
0.515135
0.544667
0.491152
0.491304
0.495992
0.56276
0.534695
0.495661
0.563487
0.515424
0.484405
0.460207
0.575587
0.498741
0.46719
0.488574
0.479829
0.515743
0.511636
0.469326
0.519661
0.490254
0.545598
0.525529
0.491742
0.505474
0.514304
0.482259
0.503467
0.50956
0.484924
0.454196
0.51095
0.57227
0.465451
0.490767
0.552076
0.524929
0.505565
0.481377
0.431506
0.494103
0.545519
0.54037
0.511713
0.488545
0.48937
0.490374
0.495779
0.517817
0.486801
0.53096
0.475883
0.46549
0.461676
0.501911
0.530526
0.443776
0.526082
0.45915
0.460847
0.510664
0.449232
0.486517
0.50116
0.474001
0.527017
0.545202
0.493314
0.525342
0.548484
0.549869
0.543074
0.453534
0.530861
0.508445
0.486485
0.53489
0.478204
0.48118
0.534685
0.492129
0.486173
0.491209
0.47887
0.534038
0.504979
0.508335
0.477614
0.48567
0.475156
0.492361
0.48357
0.425921
0.52962
0.462036
0.475241
0.444126
0.496326
0.487675
0.484016
0.535973
0.507072
0.504848
0.461615
0.495124
0.540232
0.535306
0.525421
0.521577
0.511931
0.479597
0.508508
0.509623
0.526984
0.510774
0.489492
0.56322
0.496226
0.475196
0.499159
0.478487
0.45138
0.586931
0.513225
0.512781
0.525636
0.506545
0.50307
0.52609
0.503435
0.500501
0.500889
0.49936
0.524847
0.498757
0.506951
0.479474
0.499174
0.497843
0.531592
0.502971
0.542296
0.494555
0.462737
0.468867
0.528567
0.508728
0.49309
0.501201
0.52907
0.457271
0.504358
0.477748
0.51451
0.477964
0.515797
0.493837
0.486253
0.510484
0.500714
0.497998
0.548799
0.570837
0.449219
0.495254
0.519569
0.488914
0.533119
0.507968
0.468077
0.479408
0.506337
0.524251
0.469673
0.483798
0.501241
0.468717
0.494743
0.51281
0.509717
0.46583
0.490996
0.529551
0.512326
0.515935
0.514876
0.465763
0.496434
0.439262
0.501555
0.50712
0.524334
0.472474
0.457231
0.515663
0.517167
0.471654
0.460705
0.513038
0.514318
0.518717
0.464409
0.469633
0.57809
0.496036
0.541309
0.471757
0.469237
0.505372
0.49933
0.519079
0.462499
0.517856
0.487351
0.532456
0.497108
0.495621
0.447173
0.470337
0.492346
0.493617
0.497545
0.500103
0.502229
0.500894
0.544967
0.456131
0.498197
0.480212
0.50002
0.524144
0.538968
0.496888
0.558072
0.473624
0.489342
0.483378
0.492696
0.496781
0.534393
0.513789
0.514787
0.480961
0.554128
0.458525
0.488496
0.506415
0.490801
0.516993
0.437383
0.555283
0.463825
0.527041
0.524082
0.430392
0.474992
0.521996
0.519876
0.481292
0.551632
0.526009
0.495294
0.474816
0.521911
0.499411
0.489888
0.470531
0.47172
0.529141
0.502071
0.457763
0.486051
0.533481
0.503971
0.527655
0.501476
0.461546
0.490088
0.525829
0.474817
0.57974
0.492816
0.50104
0.493388
0.54081
0.505935
0.512558
0.483799
0.494861
0.454777
0.511193
0.501325
0.451715
0.507159
0.470857
0.504721
0.464047
0.483198
0.511493
0.5292
0.55175
0.538037
0.540125
0.532573
0.498687
0.515027
0.481926
0.518329
0.529433
0.496478
0.492406
0.519257
0.489313
0.54528
0.527526
0.503051
0.507277
0.516975
0.430466
0.546819
0.526272
0.523895
0.529355
0.492466
0.496117
0.509068
0.454306
0.484152
0.55285
0.5186
0.476954
0.539436
0.467312
0.510308
0.501187
0.536817
0.54292
0.509402
0.557265
0.506259
0.494222
0.487245
0.477869
0.500418
0.517571
0.537376
0.486137
0.539721
0.49418
0.47748
0.502326
0.473748
0.472451
0.492432
0.524624
0.516503
0.497027
0.510387
0.485841
0.558703
0.509985
0.511803
0.503364
0.483219
0.486117
0.483584
0.434908
0.519735
0.497885
0.562981
0.55443
0.523608
0.502566
0.456843
0.506042
0.496423
0.48779
0.561915
0.45114
0.528719
0.553329
0.544571
0.555125
0.458475
0.515161
0.529271
0.522397
0.4942
0.518556
0.512606
0.536549
0.493309
0.543938
0.434607
0.469241
0.512063
0.523512
0.504546
0.496
0.582098
0.486775
0.490349
0.497355
0.472602
0.555203
0.507385
0.494312
0.500976
0.434057
0.514465
0.500418
0.505426
0.44367
0.515768
0.528424
0.519865
0.452195
0.472797
0.505221
0.516809
0.482776
0.498686
0.499072
0.492162
0.484089
0.459013
0.540618
0.463906
0.475149
0.541978
0.463422
0.464341
0.511946
0.462181
0.508442
0.464596
0.470797
0.454544
0.484459
0.455242
0.495033
0.539016
0.53561
0.505051
0.488719
0.515683
0.507545
0.450667
0.572231
0.529852
0.472766
0.515374
0.495747
0.555519
0.518134
0.509651
0.531663
0.534449
0.475867
0.496951
0.556613
0.510017
0.513245
0.514542
0.516958
0.465752
0.533222
0.56343
0.534154
0.566582
0.482872
0.477849
0.502092
0.516775
0.521614
0.510527
0.478375
0.505819
0.48612
0.494559
0.464066
0.447806
0.491184
0.518157
0.487924
0.489523
0.520434
0.499428
0.485062
0.468134
0.509884
0.52162
0.497412
0.484521
0.460894
0.504514
0.552999
0.528577
0.474394
0.536924
0.48882
0.5365
0.490129
0.463022
0.541836
0.45809
0.505472
0.498535
0.525104
0.507513
0.558018
0.5313
0.480228
0.52976
0.541825
0.526189
0.498935
0.515355
0.463919
0.511604
0.549561
0.498551
0.577667
0.500636
0.489363
0.512568
0.492761
0.434035
0.489679
0.465174
0.525238
0.506492
0.474046
0.507322
0.439959
0.536837
0.432985
0.467485
0.484623
0.523644
0.484506
0.507991
0.558656
0.490022
0.494952
0.472868
0.569343
0.47695
0.476736
0.487754
0.506433
0.498064
0.521392
0.542061
0.477256
0.497234
0.50933
0.47508
0.507201
0.553192
0.510201
0.466949
0.492402
0.564878
0.476129
0.480494
0.517577
0.481598
0.517643
0.471837
0.504537
0.490586
0.520244
0.499556
0.485668
0.480637
0.466547
0.479791
0.509173
0.526166
0.531145
0.476506
0.453742
0.535908
0.496189
0.472629
0.512053
0.49149
0.466355
0.552565
0.484896
0.472859
0.48091
0.555211
0.528066
0.462025
0.544131
0.527412
0.517395
0.488346
0.486934
0.481666
0.465721
0.464649
0.513363
0.501892
0.518966
0.513377
0.514123
0.50327
0.494375
0.537741
0.541745
0.474534
0.536923
0.479024
0.481821
0.494683
0.472516
0.464785
0.493155
0.483996
0.548596
0.51329
0.46521
0.517307
0.52148
0.489057
0.489975
0.484081
0.480105
0.497485
0.44102
0.525553
0.500102
0.490199
0.50597
0.467506
0.470167
0.476452
0.508702
0.533828
0.551867
0.491803
0.470163
0.479114
0.459147
0.447773
0.535589
0.509096
0.47723
0.472382
0.561996
0.4888
0.442233
0.530849
0.511861
0.52589
0.509877
0.570402
0.502908
0.498887
0.509139
0.51754
0.503489
0.457687
0.536784
0.457324
0.499301
0.48028
0.521395
0.511839
0.468699
0.480591
0.538021
0.470885
0.506727
0.466218
0.461819
0.526812
0.485811
0.49229
0.47335
0.464136
0.514942
0.471988
0.489417
0.482852
0.507651
0.5413
0.478763
0.504025
0.478345
0.463501
0.476506
0.492035
0.48012
0.508533
0.537178
0.456607
0.496154
0.507163
0.443461
0.48919
0.489787
0.465244
0.503638
0.484227
0.531495
0.477978
0.520101
0.511034
0.427763
0.478469
0.52642
0.53333
0.488476
0.542396
0.501301
0.520546
0.534441
0.477083
0.511575
0.519795
0.511091
0.486912
0.518
0.494499
0.502024
0.558625
0.479509
0.472018
0.467701
0.532973
0.533416
0.557871
0.529121
0.4691
0.548303
0.4902
0.529663
0.483275
0.497816
0.479635
0.504016
0.514977
0.519567
0.483628
0.532507
0.564061
0.523816
0.460206
0.470586
0.448623
0.528724
0.455973
0.472926
0.512576
0.487784
0.521594
0.523157
0.565484
0.512701
0.511936
0.494676
0.568339
0.481482
0.50712
0.543954
0.503308
0.484108
0.476858
0.551342
0.501459
0.531711
0.558309
0.479134
0.510776
0.492074
0.504163
0.483736
0.480716
0.454298
0.502358
0.516731
0.47491
0.436007
0.443827
0.53458
0.518694
0.502355
0.504372
0.492209
0.473665
0.489629
0.498298
0.512936
0.490753
0.467351
0.524338
0.524618
0.492168
0.47875
0.510616
0.515715
0.459186
0.495112
0.529562
0.46875
0.558055
0.45732
0.462739
0.493408
0.453412
0.517469
0.499126
0.565983
0.463422
0.502393
0.510371
0.512072
0.51162
0.483874
0.487656
0.538869
0.527924
0.559754
0.513864
0.513396
0.478763
0.485871
0.481494
0.501878
0.529591
0.538011
0.493055
0.479566
0.530386
0.490943
0.491155
0.523022
0.48696
0.510099
0.497172
0.459436
0.501267
0.440811
0.48971
0.478454
0.508143
0.49719
0.509229
0.467428
0.492384
0.532875
0.467539
0.524469
0.499512
0.461132
0.487614
0.486343
0.489274
0.53209
0.499666
0.518675
0.458669
0.507608
0.46584
0.460187
0.479355
0.504123
0.572676
0.494455
0.473452
0.523319
0.504739
0.442902
0.525336
0.5293
0.533982
0.520185
0.510699
0.536577
0.549626
0.523777
0.546349
0.490358
0.507022
0.446992
0.485594
0.471788
0.498272
0.51012
0.467989
0.495693
0.521701
0.476224
0.524376
0.494414
0.453781
0.482658
0.476966
0.513342
0.500224
0.540109
0.480286
0.534068
0.489768
0.478927
0.485607
0.54953
0.504208
0.52644
0.514618
0.549524
0.503498
0.474812
0.475985
0.549237
0.459761
0.480464
0.491794
0.500483
0.515946
0.494189
0.472966
0.484804
0.512997
0.504504
0.479393
0.487065
0.506004
0.4915
0.500015
0.492204
0.549235
0.52817
0.511121
0.499059
0.479344
0.521923
0.481129
0.473198
0.504901
0.459377
0.542722
0.503075
0.510736
0.518641
0.49678
0.495187
0.501954
0.488723
0.537863
0.506836
0.521905
0.436568
0.491302
0.479162
0.460423
0.527116
0.523058
0.51593
0.525256
0.486709
0.513684
0.479752
0.485418
0.468907
0.547748
0.509447
0.48714
0.495215
0.523252
0.539973
0.500789
0.550096
0.527636
0.537014
0.44255
0.445999
0.506259
0.566845
0.552341
0.503551
0.456471
0.50084
0.536468
0.485641
0.488944
0.582674
0.529344
0.500513
0.463445
0.512467
0.465328
0.464158
0.517133
0.540365
0.463826
0.559999
0.550449
0.535028
0.495377
0.475044
0.502002
0.479736
0.482919
0.545057
0.495428
0.447901
0.502953
0.532842
0.466144
0.4854
0.510334
0.517194
0.45513
0.491735
0.525027
0.536346
0.503623
0.52535
0.508794
0.517611
0.532556
0.477942
0.506612
0.510379
0.472215
0.39303
0.496048
0.486231
0.451476
0.507806
0.544908
0.518935
0.465579
0.494199
0.472879
0.476876
0.512371
0.472486
0.50838
0.497316
0.497629
0.513549
0.512277
0.469253
0.471236
0.556273
0.502197
0.540734
0.470913
0.4946
0.48475
0.485772
0.474656
0.481537
0.469772
0.531717
0.475317
0.479991
0.495522
0.513581
0.461659
0.474936
0.493423
0.458452
0.502978
0.53789
0.525143
0.529501
0.504831
0.4505
0.515429
0.451098
0.509787
0.473837
0.445818
0.49794
0.510237
0.506343
0.494078
0.53291
0.563417
0.455916
0.531553
0.429161
0.467716
0.507819
0.517551
0.467862
0.502327
0.45477
0.520986
0.537662
0.490139
0.511044
0.471783
0.476316
0.499737
0.508528
0.47755
0.527751
0.492278
0.486811
0.536717
0.515117
0.481093
0.536362
0.472421
0.48573
0.496929
0.485984
0.518656
0.548341
0.493075
0.512926
0.51144
0.485482
0.45799
0.503594
0.484694
0.519753
0.526722
0.489563
0.498036
0.486558
0.51722
0.499925
0.538481
0.51791
0.486806
0.466756
0.5199
0.491239
0.453426
0.512969
0.54488
0.539644
0.584081
0.455865
0.507991
0.499365
0.529871
0.457761
0.484325
0.497542
0.536598
0.486819
0.502204
0.527085
0.497717
0.484135
0.486001
0.551859
0.490788
0.502018
0.548826
0.48802
0.510355
0.515605
0.50222
0.497149
0.512549
0.495264
0.520677
0.472672
0.475495
0.508116
0.484679
0.578758
0.493122
0.428183
0.501632
0.484248
0.528934
0.508525
0.566528
0.494141
0.504031
0.495154
0.502983
0.526447
0.505945
0.538774
0.462505
0.498834
0.489956
0.471375
0.46988
0.451046
0.52325
0.502794
0.462625
0.476732
0.507863
0.547273
0.461899
0.510515
0.526598
0.439274
0.423241
0.519194
0.495326
0.496092
0.482527
0.50321
0.485969
0.504545
0.552528
0.497311
0.480435
0.540036
0.478168
0.526037
0.47248
0.485888
0.495771
0.496545
0.480272
0.483993
0.488038
0.551832
0.508096
0.496697
0.459075
0.522761
0.474423
0.504408
0.522091
0.496045
0.511254
0.501009
0.508428
0.533556
0.504571
0.54451
0.534938
0.479646
0.478595
0.476016
0.494308
0.518587
0.470696
0.465669
0.479444
0.522541
0.504965
0.497243
0.520326
0.517482
0.478986
0.49825
0.45452
0.5141
0.480925
0.512214
0.53766
0.503747
0.50606
0.493935
0.467384
0.514762
0.509027
0.514469
0.43532
0.507914
0.488658
0.495088
0.511342
0.495029
0.507128
0.510934
0.539586
0.513047
0.52746
0.495285
0.485943
0.485477
0.479073
0.501721
0.544209
0.450536
0.508267
0.478806
0.517123
0.523799
0.450092
0.512509
0.496263
0.533978
0.513253
0.465381
0.510739
0.512196
0.516285
0.495795
0.550832
0.523767
0.479585
0.480164
0.473683
0.490803
0.524615
0.428364
0.490966
0.484877
0.462195
0.497451
0.54254
0.520174
0.501841
0.448422
0.507647
0.545152
0.502045
0.490263
0.480534
0.558184
0.477883
0.52695
0.497773
0.551272
0.520752
0.486518
0.499294
0.524068
0.461094
0.513914
0.506454
0.484389
0.456956
0.506102
0.472753
0.544648
0.52001
0.501062
0.473201
0.507306
0.479372
0.481741
0.496257
0.475135
0.518115
0.479137
0.529858
0.539862
0.525978
0.480176
0.464773
0.529266
0.505241
0.538434
0.491411
0.469097
0.508328
0.49874
0.469839
0.520843
0.511223
0.437696
0.499114
0.485548
0.504504
0.476003
0.515694
0.461114
0.534464
0.487485
0.478598
0.456919
0.523777
0.483797
0.430801
0.503766
0.500124
0.530202
0.513977
0.50519
0.48054
0.521459
0.481763
0.481641
0.499631
0.530077
0.552196
0.493075
0.48464
0.531792
0.542414
0.456645
0.515287
0.462497
0.470169
0.530593
0.489747
0.531785
0.491632
0.496641
0.550746
0.483176
0.50053
0.512342
0.490944
0.509753
0.449226
0.520485
0.470184
0.46372
0.520109
0.480931
0.537238
0.504151
0.500022
0.474692
0.516013
0.521284
0.48852
0.451853
0.504238
0.497898
0.552035
0.48256
0.517011
0.546069
0.532515
0.489929
0.486768
0.505646
0.465428
0.518949
0.515787
0.501516
0.505086
0.477304
0.540717
0.510041
0.504719
0.54121
0.436523
0.488164
0.496506
0.517808
0.487953
0.536569
0.477476
0.479163
0.470953
0.563198
0.47786
0.442351
0.477679
0.525242
0.488536
0.4643
0.51261
0.51385
0.505833
0.544855
0.492115
0.520901
0.479562
0.530797
0.506347
0.463861
0.490841
0.518075
0.503931
0.462568
0.449511
0.488211
0.532227
0.548351
0.528864
0.513502
0.517407
0.545827
0.512407
0.508115
0.509855
0.533511
0.510612
0.48939
0.53478
0.530843
0.504553
0.464251
0.521311
0.503625
0.519945
0.465783
0.463829
0.482188
0.504134
0.498128
0.447811
0.499042
0.446751
0.505273
0.452226
0.51527
0.471912
0.499347
0.507318
0.464797
0.477758
0.523053
0.538753
0.497733
0.472516
0.532254
0.487315
0.570667
0.462048
0.449685
0.490986
0.532788
0.551612
0.537898
0.498984
0.559566
0.486312
0.514831
0.523601
0.495054
0.474996
0.512584
0.496105
0.502253
0.508173
0.490057
0.520975
0.448044
0.511473
0.551674
0.483957
0.502433
0.484186
0.493649
0.522287
0.486065
0.542121
0.499627
0.510601
0.457424
0.432398
0.550226
0.456866
0.451856
0.50436
0.544615
0.484909
0.545645
0.507642
0.522791
0.512048
0.504917
0.470007
0.538391
0.562745
0.493306
0.541012
0.514684
0.485352
0.504045
0.512274
0.489429
0.454764
0.518718
0.47325
0.453773
0.527297
0.481214
0.537466
0.479705
0.546267
0.513803
0.505057
0.471022
0.480741
0.492503
0.522911
0.48284
0.481659
0.538422
0.47563
0.49047
0.507117
0.5154
0.523411
0.473627
0.483002
0.514261
0.50399
0.467446
0.529509
0.500373
0.47433
0.476385
0.47427
0.501103
0.495956
0.496736
0.447022
0.51821
0.490172
0.531835
0.459876
0.489407
0.522922
0.442228
0.514426
0.543231
0.46332
0.479616
0.488118
0.509207
0.436827
0.504412
0.475611
0.48604
0.518345
0.495861
0.477196
0.476436
0.509041
0.511983
0.508891
0.488119
0.453133
0.47259
0.533494
0.503891
0.479144
0.478585
0.516743
0.46412
0.478798
0.488061
0.508859
0.485114
0.542848
0.525639
0.472102
0.496329
0.526178
0.524521
0.515615
0.495597
0.476621
0.526986
0.487847
0.529372
0.527465
0.502168
0.505116
0.456785
0.519835
0.490969
0.455668
0.461798
0.537311
0.515471
0.447642
0.524454
0.493534
0.54038
0.535005
0.544814
0.568538
0.520335
0.4785
0.524144
0.478228
0.490572
0.492316
0.486991
0.463345
0.447953
0.527188
0.512393
0.52136
0.480855
0.445429
0.447393
0.511704
0.493517
0.443565
0.493657
0.508418
0.494172
0.497292
0.498153
0.544411
0.485318
0.496932
0.458842
0.529908
0.48485
0.53795
0.501121
0.559033
0.492087
0.471038
0.462508
0.489707
0.484108
0.503101
0.471802
0.472787
0.493808
0.489973
0.511886
0.528586
0.507822
0.562154
0.477393
0.497151
0.493539
0.497027
0.491931
0.549989
0.500894
0.548189
0.544331
0.474816
0.555144
0.500544
0.416753
0.50341
0.507422
0.486787
0.484347
0.520321
0.51418
0.527899
0.488827
0.474009
0.53572
0.510224
0.51661
0.491558
0.506525
0.470712
0.483518
0.4854
0.512044
0.488043
0.477166
0.460056
0.531662
0.531461
0.487516
0.47579
0.526778
0.494562
0.52544
0.523775
0.514917
0.563694
0.465884
0.51597
0.511632
0.528384
0.501172
0.526896
0.485239
0.495057
0.523521
0.500899
0.49627
0.458558
0.423764
0.506896
0.492503
0.504398
0.532925
0.474951
0.477625
0.44649
0.549598
0.439959
0.46063
0.461223
0.531238
0.56413
0.444998
0.502325
0.541475
0.441569
0.49017
0.467838
0.49566
0.506861
0.458897
0.518981
0.527923
0.509907
0.456349
0.521509
0.477385
0.508265
0.501385
0.496577
0.47873
0.525445
0.495904
0.496029
0.500343
0.501054
0.480587
0.454539
0.506621
0.510944
0.44839
0.449105
0.552095
0.499526
0.491821
0.508171
0.443621
0.491796
0.494982
0.523994
0.53033
0.511373
0.512677
0.491032
0.474223
0.507472
0.540134
0.470885
0.509529
0.555326
0.529202
0.433983
0.456085
0.500608
0.508815
0.505506
0.478405
0.490924
0.505208
0.536295
0.512553
0.561024
0.474358
0.519508
0.459888
0.58998
0.446538
0.463745
0.469936
0.517778
0.499338
0.519193
0.481447
0.497612
0.517
0.45317
0.536014
0.45312
0.474212
0.46618
0.514698
0.443964
0.512499
0.462448
0.52488
0.468015
0.495802
0.455634
0.479296
0.486042
0.494746
0.529444
0.576806
0.50964
0.470057
0.474733
0.527232
0.49237
0.455784
0.482963
0.480401
0.507103
0.520863
0.516055
0.529715
0.461433
0.519373
0.483299
0.507949
0.482363
0.559017
0.487609
0.489968
0.478181
0.535185
0.499487
0.503383
0.529125
0.472826
0.493271
0.491296
0.501147
0.546525
0.504911
0.525972
0.533292
0.474135
0.494405
0.530931
0.465973
0.532215
0.522442
0.47135
0.484285
0.490929
0.515487
0.456216
0.519485
0.508057
0.50481
0.545171
0.507381
0.440005
0.563587
0.520814
0.481689
0.513182
0.475458
0.493195
0.492951
0.52054
0.493582
0.49469
0.501346
0.491408
0.489637
0.51528
0.509297
0.51175
0.508008
0.542741
0.444105
0.54758
0.445059
0.559274
0.501545
0.515139
0.51251
0.453013
0.470395
0.503726
0.48592
0.524457
0.579844
0.474229
0.51484
0.496555
0.453606
0.449672
0.483681
0.512741
0.485903
0.451962
0.517431
0.567059
0.527356
0.527635
0.582484
0.509436
0.527666
0.488338
0.500565
0.449499
0.513901
0.520147
0.496639
0.493998
0.487729
0.518185
0.52521
0.493119
0.484062
0.485494
0.472139
0.534742
0.501857
0.511293
0.541632
0.475173
0.482302
0.494716
0.533686
0.460135
0.51977
0.514516
0.491895
0.447941
0.478869
0.499047
0.523258
0.482828
0.481111
0.477752
0.481422
0.472631
0.524201
0.476523
0.465763
0.491236
0.475339
0.533081
0.506811
0.489857
0.479089
0.451323
0.491863
0.457015
0.485021
0.468677
0.514123
0.467506
0.477348
0.549259
0.497587
0.535424
0.477809
0.46646
0.473895
0.50287
0.466038
0.467672
0.54487
0.489114
0.533171
0.494777
0.496172
0.53703
0.481577
0.527835
0.526699
0.574521
0.505698
0.534774
0.490877
0.475576
0.568335
0.512802
0.535085
0.433593
0.457628
0.541442
0.515852
0.520821
0.4296
0.523503
0.469577
0.502202
0.488979
0.447674
0.476967
0.486789
0.479092
0.470699
0.478607
0.42018
0.484473
0.522017
0.481701
0.46932
0.464476
0.510295
0.555468
0.506507
0.472233
0.508124
0.509636
0.549758
0.472588
0.474304
0.545239
0.516765
0.519982
0.526303
0.53034
0.481753
0.519412
0.449653
0.518547
0.528601
0.520279
0.464839
0.471145
0.546837
0.526081
0.541817
0.482543
0.534478
0.457105
0.511162
0.504351
0.455482
0.49549
0.550134
0.499025
0.509646
0.481888
0.500265
0.49543
0.456492
0.472369
0.526512
0.494166
0.526821
0.477835
0.450087
0.480826
0.498631
0.502965
0.499045
0.493842
0.537661
0.43723
0.520974
0.505974
0.494514
0.488731
0.526931
0.493059
0.464732
0.487126
0.50863
0.491218
0.547861
0.521751
0.512915
0.517566
0.506248
0.524658
0.507336
0.535292
0.521322
0.54786
0.464329
0.500205
0.479443
0.513959
0.512553
0.513117
0.533165
0.506724
0.503641
0.504122
0.437064
0.48247
0.449366
0.466649
0.487218
0.516439
0.52426
0.479501
0.505025
0.485196
0.545576
0.45457
0.521553
0.503456
0.467219
0.51997
0.4879
0.521255
0.465593
0.518644
0.507478
0.486953
0.439157
0.499404
0.45248
0.447838
0.493601
0.581578
0.491521
0.500026
0.481906
0.509369
0.448257
0.492477
0.501858
0.533276
0.539157
0.448388
0.488803
0.521961
0.487261
0.525325
0.542286
0.539392
0.490155
0.440507
0.512708
0.502349
0.504281
0.538888
0.496886
0.498124
0.511471
0.541428
0.45555
0.459869
0.532097
0.433482
0.494844
0.528231
0.524763
0.465781
0.489056
0.486003
0.444942
0.482421
0.501527
0.563262
0.471641
0.473782
0.471177
0.522172
0.516995
0.50176
0.44694
0.484052
0.450902
0.507283
0.482558
0.479743
0.49133
0.535178
0.468527
0.463536
0.458072
0.521256
0.492247
0.499224
0.538295
0.495375
0.495563
0.50499
0.538673
0.529313
0.481683
0.505131
0.500937
0.479134
0.509722
0.506826
0.512739
0.470214
0.490844
0.557546
0.528648
0.473986
0.568751
0.474098
0.509171
0.485539
0.520274
0.480919
0.508808
0.540192
0.537512
0.548922
0.54466
0.457025
0.477575
0.495203
0.539808
0.492535
0.493033
0.549016
0.532945
0.475311
0.536751
0.483918
0.477425
0.492209
0.487494
0.485635
0.536322
0.470153
0.523693
0.458319
0.470089
0.499857
0.465481
0.499176
0.512365
0.475421
0.500876
0.476315
0.46722
0.526608
0.469141
0.412768
0.50495
0.480489
0.509231
0.519365
0.46838
0.490714
0.477227
0.501199
0.489753
0.552916
0.474973
0.490085
0.499564
0.513225
0.471384
0.504572
0.510476
0.545561
0.544017
0.507835
0.506594
0.49685
0.495333
0.503073
0.493167
0.494615
0.576458
0.469093
0.524127
0.487994
0.499991
0.521323
0.412095
0.50325
0.498439
0.49394
0.502407
0.502711
0.459889
0.447767
0.521699
0.448927
0.508561
0.539533
0.462481
0.493099
0.433597
0.556619
0.485285
0.510629
0.46085
0.505947
0.464186
0.511446
0.493207
0.456888
0.472176
0.585618
0.506127
0.459325
0.539815
0.515228
0.485281
0.535055
0.521155
0.493555
0.468474
0.551787
0.479962
0.496815
0.507991
0.505012
0.489128
0.509136
0.533346
0.467086
0.486638
0.49755
0.436549
0.510871
0.550002
0.492642
0.518689
0.525546
0.522339
0.486633
0.541352
0.495322
0.519907
0.50113
0.480314
0.481307
0.512355
0.481027
0.500605
0.478222
0.510955
0.491226
0.487575
0.489489
0.491194
0.533372
0.561557
0.487152
0.466824
0.467784
0.495279
0.500366
0.502574
0.500708
0.551787
0.493674
0.529579
0.51097
0.502582
0.502212
0.526067
0.49754
0.514369
0.486101
0.468182
0.45758
0.499461
0.513987
0.532032
0.502611
0.468037
0.531573
0.505306
0.490709
0.496218
0.48357
0.470095
0.49948
0.535866
0.487307
0.460083
0.485145
0.501307
0.546788
0.465017
0.506831
0.513284
0.562888
0.520585
0.47418
0.4876
0.506996
0.547381
0.505187
0.528608
0.492521
0.53088
0.476766
0.48708
0.504528
0.525144
0.51249
0.466616
0.538175
0.483608
0.522253
0.508778
0.529834
0.455656
0.491802
0.49803
0.491611
0.53015
0.513235
0.48462
0.493685
0.466381
0.510157
0.555111
0.515273
0.526496
0.49528
0.522677
0.502322
0.446128
0.548368
0.475931
0.47911
0.504069
0.495627
0.547193
0.504993
0.477186
0.497372
0.487207
0.522362
0.480824
0.501211
0.479555
0.485831
0.49238
0.507512
0.547945
0.486439
0.519045
0.489642
0.464273
0.501553
0.50963
0.542876
0.503482
0.507005
0.54235
0.475074
0.48883
0.541012
0.490196
0.503653
0.47185
0.490429
0.495517
0.494141
0.476142
0.482154
0.535399
0.535203
0.431728
0.541808
0.496831
0.505466
0.553179
0.526447
0.540188
0.533363
0.433617
0.548767
0.493754
0.559489
0.439189
0.500422
0.500518
0.50123
0.473176
0.477309
0.488794
0.483662
0.52175
0.518447
0.505103
0.533522
0.498043
0.472989
0.50357
0.491344
0.518774
0.520425
0.510704
0.460327
0.486768
0.492733
0.475146
0.480986
0.509394
0.482621
0.503685
0.522874
0.480869
0.489651
0.479798
0.50551
0.486533
0.519356
0.489204
0.519733
0.518333
0.485227
0.445491
0.440047
0.51877
0.517835
0.482955
0.512617
0.539243
0.440292
0.455413
0.479474
0.519005
0.467924
0.448999
0.556768
0.501559
0.46822
0.471028
0.485494
0.49221
0.453187
0.46081
0.501654
0.537411
0.480832
0.50418
0.486265
0.494455
0.469073
0.501248
0.503525
0.517621
0.449502
0.493911
0.499877
0.48021
0.498625
0.450781
0.472123
0.454504
0.451005
0.504696
0.496244
0.494756
0.545656
0.481846
0.469648
0.470345
0.519675
0.488948
0.440278
0.453433
0.509836
0.48086
0.52084
0.4913
0.484474
0.527702
0.482468
0.479223
0.487692
0.487974
0.438842
0.50379
0.54159
0.519495
0.531307
0.535089
0.478026
0.508244
0.522272
0.512839
0.510247
0.498546
0.495236
0.537263
0.469823
0.536515
0.484718
0.499109
0.481393
0.529448
0.49011
0.480573
0.515212
0.461885
0.508666
0.483759
0.536011
0.47666
0.511449
0.506715
0.479607
0.48621
0.491617
0.507583
0.431803
0.523188
0.478993
0.451227
0.505667
0.504723
0.502972
0.493235
0.484017
0.593944
0.50442
0.504764
0.517259
0.535423
0.506022
0.506682
0.518263
0.485359
0.471306
0.509122
0.484123
0.507462
0.520156
0.446387
0.520138
0.493913
0.449733
0.568295
0.497481
0.487407
0.534199
0.496042
0.518565
0.522358
0.496202
0.499704
0.511372
0.48578
0.512565
0.519044
0.49673
0.48349
0.502805
0.490563
0.483989
0.484928
0.451679
0.500229
0.506593
0.497407
0.537894
0.48921
0.467884
0.502841
0.474937
0.48273
0.469911
0.499328
0.473751
0.501063
0.507373
0.50613
0.470209
0.495169
0.470803
0.531082
0.46505
0.503707
0.496064
0.508985
0.524704
0.506746
0.51189
0.460523
0.535202
0.495463
0.486914
0.453516
0.487801
0.525105
0.43806
0.529184
0.495923
0.536636
0.501783
0.470469
0.513191
0.494235
0.478978
0.5096
0.488672
0.492479
0.456978
0.467921
0.517506
0.42698
0.463463
0.499808
0.494873
0.571747
0.435794
0.479135
0.49336
0.489089
0.495883
0.49364
0.465127
0.514579
0.498618
0.499349
0.480523
0.50909
0.506783
0.481503
0.505885
0.518273
0.445672
0.534886
0.48971
0.480582
0.496943
0.527443
0.48536
0.489362
0.477005
0.496545
0.449291
0.46092
0.536139
0.474392
0.51871
0.455252
0.508893
0.502833
0.455951
0.432605
0.514896
0.500569
0.515814
0.518525
0.50531
0.467195
0.496166
0.510997
0.499527
0.48612
0.483268
0.481845
0.537682
0.486999
0.496099
0.494376
0.487837
0.510165
0.50546
0.541261
0.505672
0.520602
0.503329
0.449665
0.534845
0.474516
0.447918
0.460536
0.446252
0.51245
0.514595
0.479497
0.49496
0.54143
0.489369
0.508977
0.497872
0.494735
0.499526
0.503652
0.499024
0.498837
0.497236
0.530089
0.501063
0.507728
0.531087
0.510234
0.441733
0.527606
0.514601
0.498209
0.526328
0.489519
0.539296
0.509286
0.526897
0.521471
0.524915
0.435137
0.494723
0.459462
0.505493
0.503906
0.50512
0.491365
0.524031
0.538604
0.476056
0.508237
0.490279
0.52126
0.460428
0.491976
0.447425
0.499278
0.484153
0.54103
0.468973
0.528233
0.529473
0.479462
0.513736
0.442844
0.5182
0.50892
0.494255
0.4838
0.478927
0.515323
0.464041
0.538542
0.473651
0.457156
0.456432
0.49255
0.50373
0.512546
0.489576
0.425387
0.495783
0.497612
0.537524
0.561131
0.490884
0.486231
0.498876
0.512132
0.553466
0.516296
0.486189
0.541735
0.500526
0.501979
0.478592
0.536907
0.500266
0.535363
0.556255
0.48409
0.458022
0.48145
0.530546
0.537274
0.484523
0.552718
0.502416
0.469739
0.477869
0.515559
0.520832
0.501298
0.499585
0.530844
0.512438
0.499791
0.542234
0.461891
0.51508
0.515094
0.479907
0.510121
0.495998
0.479594
0.50397
0.464017
0.497259
0.52212
0.548249
0.510456
0.48605
0.471196
0.455985
0.506454
0.467709
0.484361
0.483748
0.528691
0.479419
0.476764
0.505888
0.450154
0.479328
0.495368
0.47016
0.527791
0.509068
0.523469
0.44684
0.539445
0.489161
0.46999
0.468116
0.487455
0.511307
0.492728
0.492594
0.442502
0.475897
0.525431
0.514745
0.534351
0.466954
0.483996
0.486723
0.503453
0.492074
0.48318
0.458563
0.513812
0.496267
0.49566
0.573078
0.445384
0.533061
0.491121
0.49706
0.513366
0.523237
0.492947
0.486534
0.459554
0.483173
0.550053
0.498933
0.512124
0.495612
0.465077
0.460137
0.527241
0.462565
0.458641
0.502463
0.528611
0.49281
0.451241
0.546761
0.486738
0.456814
0.485675
0.526058
0.473221
0.504642
0.467349
0.470461
0.509109
0.524395
0.548382
0.466498
0.480088
0.529582
0.492803
0.484693
0.492402
0.495532
0.510335
0.524985
0.496727
0.512064
0.488924
0.511638
0.485116
0.479187
0.4924
0.500603
0.498445
0.474091
0.467983
0.538878
0.535817
0.453222
0.46495
0.54533
0.488045
0.477212
0.514154
0.526713
0.496877
0.546079
0.52947
0.484283
0.510013
0.496718
0.475013
0.531438
0.496422
0.506562
0.512482
0.539409
0.49191
0.520662
0.454601
0.51692
0.493656
0.541624
0.494583
0.524349
0.484331
0.502122
0.486369
0.508871
0.518826
0.540323
0.522232
0.53276
0.494359
0.453886
0.496686
0.503208
0.510182
0.465393
0.519755
0.50188
0.496039
0.500519
0.496935
0.491963
0.506398
0.572173
0.473891
0.467684
0.485011
0.513568
0.474566
0.497198
0.493978
0.517892
0.503039
0.507494
0.513005
0.501431
0.520811
0.465441
0.575314
0.482615
0.538221
0.430422
0.52152
0.526193
0.545111
0.522183
0.534095
0.526421
0.472597
0.505595
0.44258
0.455533
0.493671
0.567982
0.490937
0.515669
0.511243
0.462607
0.488084
0.478554
0.491854
0.474806
0.51311
0.514492
0.542717
0.578185
0.507826
0.500219
0.43753
0.47321
0.48841
0.535935
0.468804
0.467604
0.489879
0.499788
0.47479
0.478034
0.464273
0.500442
0.498654
0.528886
0.475625
0.514515
0.464797
0.532305
0.459326
0.547664
0.528403
0.522373
0.495298
0.550567
0.482904
0.536058
0.515681
0.460862
0.457159
0.487795
0.478517
0.508962
0.458485
0.548851
0.516362
0.481444
0.465146
0.455466
0.467864
0.435081
0.426291
0.541739
0.513338
0.454456
0.539574
0.557791
0.502162
0.476093
0.465472
0.516539
0.517749
0.494145
0.478705
0.471799
0.549705
0.461419
0.514761
0.507228
0.494995
0.501971
0.44438
0.492923
0.490284
0.467134
0.519658
0.480359
0.503445
0.547743
0.488162
0.464816
0.528441
0.515992
0.479782
0.528393
0.506634
0.497822
0.486051
0.469498
0.488986
0.510548
0.481922
0.53191
0.464895
0.482639
0.491605
0.506662
0.439392
0.427609
0.516656
0.503655
0.473472
0.489018
0.477114
0.540511
0.492304
0.508054
0.483733
0.469433
0.530253
0.561114
0.447357
0.507015
0.494948
0.476834
0.533792
0.467886
0.557362
0.547038
0.460265
0.454019
0.440874
0.463731
0.5313
0.473219
0.47693
0.436523
0.453711
0.471164
0.483002
0.526261
0.485954
0.491975
0.482468
0.528268
0.447439
0.486098
0.555593
0.52186
0.507138
0.516992
0.463361
0.563882
0.494044
0.538004
0.546306
0.487311
0.478355
0.428692
0.501083
0.498627
0.522692
0.509007
0.518141
0.489094
0.485915
0.435912
0.501848
0.467443
0.494189
0.538524
0.454631
0.519194
0.498484
0.49548
0.511472
0.52801
0.445777
0.495184
0.490248
0.506611
0.531467
0.531809
0.464364
0.500905
0.458938
0.465459
0.521603
0.465654
0.502521
0.524789
0.499604
0.470166
0.543292
0.497688
0.42357
0.547855
0.541845
0.506282
0.523196
0.475873
0.484545
0.504694
0.478099
0.495116
0.52324
0.472594
0.436669
0.503642
0.534265
0.497734
0.482061
0.497504
0.479277
0.492279
0.488288
0.464191
0.474122
0.499068
0.544056
0.469874
0.506247
0.475702
0.474229
0.489424
0.497067
0.44992
0.49871
0.507281
0.541917
0.524795
0.513177
0.509786
0.432776
0.485196
0.4606
0.469935
0.461458
0.548486
0.528894
0.520876
0.464507
0.495796
0.518511
0.47423
0.494256
0.481301
0.491381
0.54563
0.539392
0.533932
0.454341
0.457142
0.476662
0.459674
0.498397
0.451638
0.484004
0.476378
0.549561
0.497102
0.553068
0.562539
0.495125
0.511459
0.501905
0.515096
0.485725
0.47521
0.540069
0.499798
0.51094
0.457071
0.469697
0.554249
0.504132
0.516443
0.515772
0.484296
0.508273
0.497867
0.502972
0.4571
0.493311
0.501293
0.548705
0.519959
0.479684
0.484906
0.543379
0.505863
0.431625
0.514046
0.458078
0.480799
0.51535
0.522401
0.502882
0.462087
0.505856
0.46471
0.489526
0.4725
0.534262
0.520695
0.531117
0.514677
0.515251
0.497359
0.527793
0.520339
0.538515
0.513285
0.54661
0.497215
0.504073
0.478456
0.500143
0.50424
0.471188
0.483709
0.492449
0.53574
0.524334
0.4945
0.501674
0.49376
0.494374
0.476399
0.501867
0.542708
0.493942
0.469114
0.536006
0.492874
0.515041
0.548901
0.529013
0.532363
0.484106
0.535482
0.48218
0.526429
0.512495
0.491123
0.545042
0.447297
0.503451
0.510811
0.500956
0.467175
0.482286
0.510554
0.50951
0.475492
0.544857
0.505295
0.531021
0.474327
0.507521
0.5207
0.501886
0.521684
0.524642
0.478821
0.507985
0.481619
0.48963
0.463244
0.527843
0.486412
0.452338
0.484449
0.506364
0.514867
0.506722
0.512712
0.509839
0.520644
0.532825
0.498465
0.497107
0.466063
0.478762
0.475746
0.491338
0.463408
0.511272
0.542619
0.510576
0.48308
0.5449
0.525313
0.518858
0.494394
0.464855
0.4949
0.477195
0.521086
0.529373
0.493504
0.4959
0.503001
0.473856
0.501007
0.545384
0.52378
0.498491
0.514842
0.497622
0.459861
0.508333
0.519461
0.498677
0.519641
0.532318
0.515286
0.474994
0.466394
0.535129
0.519053
0.461318
0.550349
0.500753
0.480431
0.502003
0.50246
0.483609
0.488149
0.473946
0.495627
0.4948
0.499655
0.539313
0.501746
0.52708
0.471111
0.538316
0.500749
0.49992
0.491249
0.472655
0.479016
0.500463
0.527905
0.532381
0.500002
0.479454
0.506885
0.484018
0.492903
0.463371
0.46873
0.494366
0.501408
0.48218
0.481988
0.488621
0.53246
0.511339
0.516295
0.506832
0.505083
0.539195
0.581936
0.53042
0.515203
0.456552
0.564146
0.449063
0.509577
0.511367
0.552234
0.483812
0.518911
0.523008
0.480224
0.46846
0.477636
0.499724
0.504118
0.448983
0.518998
0.54964
0.510625
0.518952
0.55481
0.527239
0.455333
0.493248
0.507776
0.518532
0.519309
0.506805
0.561391
0.491542
0.489071
0.490517
0.481489
0.513935
0.465277
0.451529
0.450175
0.514211
0.522393
0.555923
0.485495
0.531405
0.52954
0.491943
0.479605
0.433371
0.438687
0.512439
0.557536
0.494958
0.489962
0.494786
0.543829
0.472424
0.47703
0.491186
0.523553
0.453751
0.512844
0.51563
0.488307
0.498842
0.514592
0.446981
0.530029
0.518373
0.485921
0.509163
0.501575
0.493022
0.516492
0.485489
0.531384
0.440443
0.478182
0.478286
0.490831
0.478329
0.47082
0.488216
0.470478
0.517779
0.457751
0.468787
0.491038
0.499514
0.52479
0.456408
0.554793
0.531031
0.499809
0.44871
0.484275
0.46781
0.511303
0.494772
0.460427
0.516235
0.482349
0.49888
0.498068
0.467095
0.50345
0.470776
0.51052
0.521346
0.468312
0.48339
0.478517
0.436611
0.517793
0.52512
0.534322
0.533414
0.528453
0.516193
0.536011
0.4918
0.465519
0.503838
0.497571
0.496653
0.550058
0.532291
0.508396
0.515943
0.51386
0.542304
0.514463
0.47023
0.472406
0.469361
0.528466
0.541365
0.448452
0.49628
0.475945
0.498237
0.500678
0.527989
0.529694
0.51006
0.500571
0.464987
0.548662
0.532843
0.475761
0.506041
0.446146
0.499682
0.471494
0.526009
0.503374
0.495289
0.458206
0.495034
0.479544
0.441964
0.499483
0.521695
0.46122
0.4879
0.520362
0.453716
0.518489
0.556695
0.523194
0.511575
0.560709
0.48397
0.4915
0.486412
0.471885
0.525484
0.488583
0.545124
0.527877
0.470887
0.526515
0.52103
0.530615
0.505649
0.464668
0.574088
0.466569
0.525527
0.469575
0.463973
0.448591
0.545642
0.496783
0.493393
0.525324
0.479483
0.489884
0.516538
0.496282
0.439535
0.514242
0.524526
0.531892
0.485341
0.537469
0.489726
0.516901
0.459161
0.512614
0.495117
0.475935
0.443764
0.512733
0.581749
0.507442
0.508627
0.489094
0.533287
0.514992
0.474769
0.45426
0.484839
0.493768
0.476987
0.512725
0.53517
0.528319
0.475159
0.465136
0.49532
0.541045
0.520968
0.459524
0.498884
0.497765
0.507674
0.468878
0.543252
0.457763
0.550723
0.505829
0.448021
0.504332
0.506016
0.441781
0.505293
0.513697
0.487705
0.541478
0.522637
0.483663
0.4935
0.499317
0.516761
0.509144
0.524818
0.467709
0.445503
0.553166
0.521661
0.430001
0.466248
0.524804
0.505117
0.552944
0.476253
0.498061
0.508778
0.530881
0.548449
0.478739
0.466413
0.502915
0.495918
0.453148
0.506817
0.474648
0.458236
0.448831
0.465237
0.499856
0.449152
0.471633
0.498937
0.48909
0.521346
0.456232
0.514706
0.458778
0.471317
0.491863
0.47827
0.495433
0.494379
0.447294
0.466933
0.50712
0.472435
0.477384
0.462285
0.522869
0.539184
0.52852
0.491713
0.507355
0.499858
0.535235
0.535646
0.542368
0.514001
0.501116
0.509315
0.500395
0.48635
0.54194
0.528054
0.473643
0.48613
0.528723
0.476298
0.470951
0.510111
0.456191
0.512179
0.494925
0.538182
0.45397
0.499362
0.414249
0.498143
0.451734
0.460359
0.505973
0.512368
0.48651
0.463355
0.486819
0.474167
0.453523
0.497346
0.480546
0.524584
0.497227
0.455622
0.49232
0.507163
0.534709
0.479976
0.525335
0.492405
0.500339
0.510006
0.516682
0.546458
0.441589
0.493237
0.498115
0.448458
0.53715
0.50988
0.535097
0.544099
0.538162
0.47578
0.5287
0.532975
0.482247
0.460701
0.526689
0.525132
0.521458
0.496548
0.46203
0.456667
0.46494
0.508655
0.500965
0.511219
0.523361
0.477753
0.473507
0.527421
0.495817
0.513081
0.493442
0.492879
0.494149
0.50806
0.462501
0.49164
0.470275
0.466408
0.516113
0.540498
0.487546
0.473405
0.480683
0.543425
0.537944
0.466499
0.561703
0.504069
0.52656
0.49148
0.557685
0.502101
0.538956
0.44233
0.488953
0.516492
0.463958
0.459508
0.487305
0.480963
0.455017
0.485053
0.499427
0.565091
0.540739
0.513528
0.493297
0.507462
0.475294
0.502597
0.544665
0.550853
0.520498
0.541002
0.524562
0.487357
0.464161
0.517019
0.495724
0.514753
0.467105
0.517139
0.505315
0.452762
0.519853
0.479952
0.485492
0.505338
0.467667
0.518957
0.526615
0.476305
0.510146
0.452555
0.487392
0.45163
0.482249
0.549649
0.561405
0.451003
0.463182
0.532495
0.49241
0.500212
0.496388
0.489461
0.525991
0.537761
0.518598
0.491554
0.479637
0.475232
0.541941
0.467852
0.486693
0.479788
0.52616
0.493568
0.533807
0.484895
0.536352
0.48531
0.541139
0.485534
0.506126
0.473512
0.526607
0.487854
0.469965
0.471798
0.479508
0.49911
0.447574
0.494584
0.51678
0.47775
0.545502
0.532379
0.491764
0.469496
0.468013
0.541304
0.487369
0.534014
0.473415
0.509199
0.502722
0.447185
0.46956
0.482697
0.526691
0.511868
0.551289
0.552542
0.447579
0.469254
0.494064
0.490716
0.502943
0.494313
0.485063
0.522336
0.516304
0.551194
0.521529
0.495188
0.450596
0.513739
0.504317
0.51502
0.546074
0.496181
0.493266
0.487636
0.500035
0.530629
0.503439
0.479319
0.486727
0.519811
0.483209
0.442422
0.520178
0.49168
0.515006
0.548038
0.544962
0.470664
0.497866
0.484765
0.477077
0.519499
0.501235
0.501601
0.498843
0.5244
0.507417
0.521271
0.509807
0.520888
0.463903
0.472648
0.51489
0.511457
0.507492
0.479713
0.508209
0.520564
0.482671
0.51959
0.525857
0.505736
0.453194
0.520872
0.515349
0.522006
0.476251
0.430619
0.518076
0.464008
0.493964
0.476385
0.490827
0.49697
0.510433
0.488272
0.543011
0.513153
0.459931
0.482591
0.489357
0.460062
0.491458
0.418239
0.488462
0.53463
0.487388
0.511499
0.492318
0.474574
0.462824
0.53468
0.500629
0.52297
0.513101
0.496072
0.498257
0.550675
0.518081
0.477937
0.489041
0.477404
0.484178
0.528128
0.481609
0.496852
0.501741
0.459114
0.512121
0.49308
0.512229
0.503243
0.51717
0.540377
0.514953
0.479566
0.431953
0.530679
0.507635
0.528144
0.491161
0.512372
0.502105
0.471976
0.512586
0.440579
0.501722
0.462163
0.477978
0.477953
0.509077
0.493251
0.517001
0.510045
0.51169
0.465431
0.50502
0.451709
0.503375
0.488091
0.49364
0.469304
0.55519
0.482569
0.51627
0.493662
0.480915
0.515658
0.494192
0.504655
0.488447
0.501741
0.478561
0.530685
0.463768
0.500392
0.500083
0.484162
0.483874
0.505012
0.512789
0.533198
0.507689
0.49157
0.52594
0.503777
0.430157
0.567073
0.495548
0.546793
0.467802
0.474856
0.474039
0.479117
0.449808
0.515451
0.485013
0.473308
0.485331
0.592635
0.474554
0.480438
0.466231
0.486455
0.538129
0.485697
0.507805
0.508541
0.542197
0.515714
0.544352
0.51718
0.514471
0.495888
0.499697
0.475177
0.490627
0.47905
0.485937
0.504985
0.575401
0.50467
0.46999
0.462623
0.521764
0.559023
0.5027
0.491967
0.475457
0.497483
0.447674
0.488919
0.497967
0.47388
0.497387
0.473032
0.49616
0.509854
0.525751
0.482294
0.520768
0.527857
0.565006
0.492274
0.540731
0.481028
0.488805
0.498527
0.520679
0.485246
0.513451
0.513448
0.501469
0.504215
0.508775
0.485402
0.488335
0.496163
0.504746
0.456435
0.529851
0.546725
0.488057
0.549817
0.508038
0.520318
0.495225
0.472681
0.452659
0.483058
0.52862
0.531706
0.420553
0.522447
0.514938
0.478675
0.515759
0.518929
0.480354
0.512522
0.532759
0.535382
0.513661
0.527661
0.510405
0.513992
0.451365
0.51462
0.487569
0.534107
0.502852
0.495825
0.545245
0.495908
0.51751
0.521484
0.438312
0.486467
0.510009
0.450329
0.47048
0.488219
0.467968
0.517322
0.527518
0.463561
0.493829
0.512637
0.468903
0.509366
0.498167
0.508152
0.450887
0.435185
0.535675
0.511688
0.501833
0.489999
0.510956
0.545107
0.562934
0.453028
0.474837
0.497544
0.516232
0.530589
0.471389
0.484255
0.511648
0.446681
0.532128
0.517254
0.4926
0.441201
0.51007
0.455852
0.555247
0.514854
0.498388
0.480763
0.46147
0.530106
0.454511
0.499524
0.504889
0.506546
0.491483
0.505775
0.479682
0.527789
0.457483
0.520468
0.493013
0.494244
0.527443
0.506602
0.475816
0.537722
0.465895
0.465355
0.437729
0.553593
0.538385
0.523094
0.507513
0.495127
0.493236
0.505228
0.519477
0.48129
0.451927
0.491854
0.531652
0.469813
0.463188
0.496256
0.49696
0.515345
0.52381
0.513043
0.491642
0.548978
0.531491
0.477821
0.495113
0.519145
0.527479
0.53215
0.514392
0.480751
0.517735
0.490989
0.488685
0.483132
0.491422
0.487224
0.532753
0.50907
0.548245
0.499033
0.470761
0.525253
0.527066
0.498139
0.49758
0.47533
0.495753
0.47525
0.506357
0.503656
0.497098
0.485562
0.486752
0.472109
0.521128
0.471912
0.526981
0.49248
0.506079
0.493391
0.496869
0.469081
0.486899
0.517793
0.532855
0.523912
0.502259
0.549516
0.466538
0.471109
0.5019
0.510301
0.485254
0.527032
0.50155
0.495869
0.488499
0.533334
0.490856
0.531839
0.512217
0.506324
0.501614
0.499792
0.501099
0.44791
0.512277
0.50861
0.436655
0.510039
0.46609
0.44487
0.497905
0.521917
0.50256
0.503678
0.53666
0.500993
0.505966
0.510471
0.497537
0.545773
0.463718
0.534701
0.533621
0.529675
0.427205
0.505298
0.504072
0.546362
0.536701
0.550312
0.5345
0.491912
0.54068
0.481399
0.511661
0.528911
0.531791
0.517769
0.500439
0.490689
0.522585
0.481138
0.475273
0.526485
0.432105
0.488034
0.484615
0.514028
0.490456
0.460725
0.512772
0.575845
0.475737
0.483084
0.508079
0.508224
0.542012
0.480031
0.481804
0.533225
0.486644
0.503807
0.473056
0.488036
0.471028
0.51946
0.478259
0.453446
0.483874
0.505473
0.499001
0.4928
0.476502
0.480787
0.511349
0.520621
0.473287
0.511318
0.467453
0.539769
0.518403
0.469932
0.503634
0.498553
0.555449
0.503419
0.457553
0.473327
0.495307
0.475751
0.522595
0.51378
0.517908
0.503589
0.484817
0.471061
0.496285
0.470019
0.53364
0.504028
0.449575
0.48565
0.491595
0.55504
0.491406
0.519864
0.462726
0.449742
0.489505
0.514012
0.418383
0.508963
0.542287
0.475017
0.530031
0.466132
0.471865
0.512091
0.520963
0.529214
0.526106
0.438318
0.474416
0.548088
0.513419
0.457691
0.519112
0.50018
0.553577
0.429041
0.481688
0.490096
0.489408
0.481063
0.508411
0.481545
0.503377
0.444662
0.477955
0.468187
0.498207
0.484959
0.507469
0.547614
0.502563
0.467814
0.542656
0.420757
0.484691
0.434585
0.528639
0.546064
0.504554
0.471248
0.554114
0.499946
0.526776
0.448944
0.511115
0.505869
0.503262
0.54473
0.513755
0.465139
0.429104
0.533678
0.51105
0.511468
0.47402
0.54388
0.533407
0.454938
0.492415
0.469073
0.524134
0.512623
0.488956
0.512066
0.483383
0.513856
0.486647
0.505531
0.471851
0.526732
0.426503
0.542556
0.457334
0.524792
0.500341
0.462368
0.503409
0.522709
0.481784
0.489217
0.483121
0.478199
0.518477
0.494404
0.49112
0.542894
0.536608
0.53016
0.467265
0.483708
0.455385
0.514424
0.507792
0.501804
0.414876
0.469815
0.463791
0.5098
0.518896
0.548145
0.470475
0.527861
0.491211
0.510992
0.476573
0.571982
0.486454
0.471946
0.495677
0.486592
0.487658
0.509637
0.497572
0.459738
0.463428
0.512208
0.47696
0.511142
0.535339
0.551006
0.551637
0.49741
0.498378
0.478698
0.496602
0.518271
0.494966
0.447148
0.521805
0.493959
0.469602
0.483022
0.538777
0.515361
0.462164
0.491633
0.477357
0.491448
0.481775
0.446774
0.522521
0.516296
0.460572
0.53857
0.510115
0.521894
0.521059
0.482609
0.498491
0.501432
0.477728
0.499064
0.552792
0.507003
0.541567
0.475031
0.444346
0.549205
0.495769
0.549341
0.546469
0.455142
