0.380502
0.602838
0.435493
0.758166
0.530507
0.47849
0.439248
0.428478
0.496562
0.41009
0.392563
0.638709
0.516645
0.487761
0.695255
0.362503
0.42339
0.452732
0.486455
0.717323
0.66712
0.686315
0.441393
0.637826
0.614024
0.370647
0.484392
0.511449
0.378798
0.443043
0.568404
0.540727
0.504257
0.472597
0.583454
0.558478
0.311416
0.549213
0.576719
0.539641
0.516372
0.503444
0.63068
0.532603
0.561258
0.4194
0.600593
0.416454
0.464587
0.54941
0.418559
0.358994
0.602868
0.512237
0.501358
0.521722
0.244264
0.518187
0.438132
0.487664
0.632804
0.513647
0.47966
0.468925
0.547108
0.311146
0.313388
0.513644
0.422093
0.543164
0.510388
0.344572
0.529708
0.560373
0.507009
0.529248
0.481728
0.33694
0.482956
0.547735
0.372949
0.43374
0.678925
0.668497
0.568159
0.328992
0.633467
0.484245
0.604986
0.316663
0.595572
0.452937
0.503429
0.395223
0.584235
0.727571
0.520599
0.459706
0.529114
0.372318
0.557241
0.442695
0.660001
0.420066
0.514939
0.536604
0.352343
0.332843
0.635901
0.519638
0.429138
0.625011
0.459803
0.38781
0.426327
0.479879
0.545736
0.389615
0.521985
0.351606
0.585749
0.430085
0.494321
0.451261
0.346255
0.556248
0.507417
0.46176
0.493511
0.593154
0.436849
0.44155
0.480962
0.642874
0.462626
0.529272
0.603337
0.399903
0.509259
0.556786
0.471388
0.524474
0.649999
0.458694
0.461011
0.437065
0.47449
0.513543
0.482579
0.477173
0.418896
0.4829
0.754511
0.468813
0.56015
0.685277
0.615922
0.6536
0.47904
0.645092
0.355367
0.526146
0.410467
0.423185
0.557837
0.510347
0.646111
0.632714
0.583978
0.560426
0.670028
0.378035
0.410553
0.606733
0.539078
0.367424
0.608286
0.579875
0.727661
0.523596
0.653796
0.562072
0.512685
0.467046
0.52035
0.59335
0.365216
0.531576
0.43392
0.601584
0.537413
0.382084
0.495551
0.566124
0.597388
0.472144
0.44963
0.339073
0.393173
0.371165
0.524276
0.547934
0.455155
0.513363
0.601124
0.53746
0.521843
0.316422
0.516125
0.563972
0.556805
0.567059
0.392139
0.45623
0.387729
0.491616
0.611807
0.464994
0.526917
0.577888
0.622021
0.33782
0.523877
0.482469
0.498067
0.413189
0.565079
0.57657
0.577614
0.70294
0.596109
0.520419
0.506141
0.435897
0.632549
0.417469
0.332424
0.617792
0.495553
0.52772
0.484379
0.609765
0.216429
0.494954
0.483146
0.764124
0.47433
0.483531
0.570855
0.543376
0.647367
0.482135
0.501319
0.386012
0.567983
0.307356
0.451909
0.506858
0.488194
0.759856
0.550533
0.605247
0.502134
0.417918
0.47776
0.61246
0.577309
0.50298
0.417238
0.490164
0.359754
0.562267
0.516437
0.680537
0.502024
0.465271
0.525904
0.430719
0.589357
0.421634
0.562496
0.33087
0.493503
0.553363
0.456906
0.515596
0.463303
0.587276
0.377066
0.519693
0.576331
0.504549
0.558171
0.525073
0.449343
0.561267
0.521004
0.498293
0.47214
0.382317
0.439291
0.546389
0.437399
0.473907
0.653042
0.499501
0.348137
0.477808
0.559449
0.386265
0.567524
0.521138
0.69998
0.563871
0.617808
0.654555
0.568171
0.498252
0.433854
0.412099
0.366142
0.597797
0.442414
0.598123
0.430564
0.460508
0.393295
0.47862
0.434462
0.611311
0.54839
0.531442
0.466364
0.332615
0.586586
0.535232
0.621727
0.513749
0.567073
0.630878
0.454774
0.487973
0.583292
0.489952
0.58565
0.450964
0.419665
0.527307
0.504721
0.661304
0.39116
0.592826
0.441616
0.648202
0.511704
0.500634
0.462825
0.66877
0.424228
0.570937
0.532098
0.578272
0.567723
0.475476
0.529027
0.551157
0.602932
0.535316
0.701881
0.605062
0.528208
0.499908
0.472475
0.458562
0.463386
0.656875
0.567408
0.657947
0.547338
0.538391
0.587928
0.537983
0.381927
0.495252
0.42871
0.473111
0.671431
0.53424
0.505599
0.503189
0.474897
0.426126
0.557531
0.493248
0.644401
0.596198
0.565
0.459201
0.512561
0.549315
0.305436
0.447602
0.377941
0.637894
0.686016
0.521689
0.589951
0.371672
0.610818
0.539751
0.440567
0.448183
0.518105
0.514575
0.526352
0.445515
0.543893
0.551036
0.561055
0.59461
0.621144
0.547073
0.619031
0.505048
0.413943
0.422971
0.608203
0.561412
0.429137
0.264386
0.555726
0.57995
0.373181
0.712478
0.600262
0.397744
0.470624
0.534245
0.594325
0.377022
0.486815
0.519217
0.513803
0.500976
0.467302
0.374437
0.447055
0.407506
0.599009
0.364794
0.603148
0.484196
0.405032
0.444439
0.560424
0.299404
0.409613
0.659055
0.507962
0.476193
0.469039
0.617259
0.361051
0.470858
0.4867
0.519185
0.517953
0.47649
0.4578
0.615532
0.541437
0.352341
0.475061
0.512756
0.480056
0.637158
0.337728
0.538891
0.388631
0.432165
0.521023
0.476387
0.574902
0.667385
0.473479
0.427633
0.612646
0.661499
0.319074
0.517095
0.555736
0.556006
0.466287
0.30061
0.410397
0.491823
0.495937
0.733922
0.434403
0.581382
0.555463
0.373308
0.504831
0.52948
0.582904
0.402887
0.415377
0.42727
0.585801
0.304993
0.527832
0.57865
0.587403
0.448758
0.320267
0.547525
0.516301
0.641812
0.569379
0.605873
0.459893
0.382633
0.511592
0.321703
0.443302
0.515673
0.394359
0.495884
0.46238
0.614779
0.516058
0.417843
0.633721
0.626719
0.532318
0.380296
0.379981
0.457641
0.463953
0.527942
0.411818
0.580176
0.574373
0.507371
0.477116
0.514412
0.502704
0.465828
0.515493
0.666308
0.565381
0.382816
0.385079
0.404012
0.409022
0.616392
0.435832
0.665209
0.458381
0.448306
0.417883
0.503806
0.415492
0.599316
0.576255
0.626094
0.502248
0.576108
0.548434
0.49685
0.683842
0.459697
0.415256
0.613769
0.362364
0.544916
0.337257
0.590927
0.598573
0.622145
0.529428
0.532866
0.528069
0.42375
0.591117
0.432092
0.620987
0.644183
0.531064
0.533463
0.439501
0.427445
0.539093
0.46595
0.635103
0.478974
0.49734
0.369621
0.47041
0.619009
0.448754
0.505304
0.533323
0.506637
0.515693
0.525391
0.532364
0.420838
0.565297
0.643324
0.631141
0.517618
0.642693
0.640755
0.519735
0.258495
0.541624
0.50685
0.666578
0.430807
0.671354
0.662994
0.493719
0.59747
0.437526
0.574874
0.631435
0.603308
0.524487
0.516897
0.307558
0.445074
0.501254
0.592783
0.497872
0.637996
0.539356
0.430218
0.60406
0.576323
0.606962
0.393329
0.545215
0.519206
0.481539
0.568755
0.270382
0.504396
0.50663
0.390849
0.558307
0.406113
0.423592
0.428382
0.613988
0.552968
0.365245
0.545644
0.360122
0.587594
0.546708
0.699351
0.427559
0.499427
0.383159
0.40097
0.457765
0.551577
0.571293
0.361128
0.539577
0.544732
0.369733
0.475492
0.422399
0.446084
0.494963
0.484021
0.501184
0.527345
0.517488
0.349587
0.390023
0.608433
0.314186
0.506809
0.538835
0.535428
0.536178
0.414297
0.561462
0.513231
0.528408
0.427548
0.606165
0.583194
0.541331
0.557233
0.49631
0.439058
0.373174
0.587719
0.397405
0.404018
0.651971
0.340194
0.536983
0.477927
0.501407
0.44782
0.538574
0.674655
0.637403
0.478718
0.365451
0.310836
0.529672
0.545512
0.451604
0.421591
0.463059
0.564278
0.386611
0.446952
0.388902
0.59536
0.690419
0.47232
0.52061
0.675286
0.448691
0.573174
0.566711
0.532203
0.376956
0.50102
0.587671
0.403527
0.552447
0.58505
0.401092
0.518141
0.518957
0.479832
0.447593
0.478147
0.367357
0.569238
0.48295
0.426119
0.47032
0.583683
0.509984
0.599762
0.464407
0.381915
0.547556
0.581017
0.398672
0.608276
0.607784
0.602721
0.391454
0.516775
0.582706
0.482174
0.453746
0.347624
0.606833
0.544042
0.458596
0.380446
0.553972
0.449186
0.584045
0.5392
0.749067
0.473005
0.667341
0.592406
0.445142
0.52585
0.628189
0.421515
0.560609
0.365837
0.508813
0.500669
0.534553
0.445032
0.511238
0.460623
0.591187
0.715416
0.572604
0.55376
0.475724
0.500251
0.505198
0.488813
0.511466
0.546382
0.44932
0.493679
0.42331
0.48773
0.566821
0.460422
0.580035
0.581492
0.376247
0.333822
0.643082
0.475605
0.444711
0.466468
0.501955
0.515573
0.466991
0.55999
0.567288
0.524999
0.551665
0.361467
0.435915
0.558825
0.582335
0.441881
0.504394
0.330599
0.427074
0.342578
0.567216
0.391781
0.540977
0.366663
0.584883
0.466357
0.668123
0.482878
0.548941
0.529603
0.435207
0.705432
0.322422
0.614911
0.387423
0.557343
0.523852
0.523963
0.407998
0.297593
0.492379
0.527273
0.558635
0.511779
0.574672
0.436132
0.564383
0.387431
0.677326
0.702319
0.540532
0.611713
0.510611
0.495443
0.631401
0.371316
0.401814
0.493576
0.52386
0.469929
0.583117
0.512719
0.447303
0.613262
0.57637
0.543761
0.424272
0.288092
0.533999
0.448737
0.452104
0.560727
0.393315
0.615513
0.648491
0.459594
0.414239
0.443284
0.568
0.641796
0.364663
0.62972
0.589802
0.56748
0.471945
0.590798
0.599538
0.449081
0.465021
0.440805
0.462845
0.473051
0.593068
0.504083
0.44986
0.614918
0.340047
0.571314
0.466603
0.427424
0.488656
0.538054
0.440743
0.656634
0.363716
0.596111
0.368383
0.550083
0.457571
0.550908
0.440562
0.519892
0.575254
0.409459
0.530499
0.405154
0.613771
0.460624
0.445702
0.472332
0.399301
0.526235
0.55526
0.46785
0.552378
0.410148
0.527359
0.598952
0.550477
0.461482
0.40278
0.610282
0.438953
0.385066
0.447081
0.624888
0.44623
0.500492
0.340045
0.347506
0.341514
0.533085
0.460791
0.440471
0.39945
0.514564
0.508548
0.471435
0.485031
0.515056
0.372461
0.42765
0.435032
0.395567
0.351738
0.461943
0.493242
0.372792
0.56498
0.58611
0.372195
0.575381
0.522427
0.501199
0.692833
0.529357
0.527215
0.531612
0.437048
0.564286
0.394192
0.529028
0.490153
0.543016
0.512613
0.588302
0.417528
0.585323
0.62974
0.563747
0.49081
0.516459
0.506143
0.42097
0.645502
0.499625
0.413083
0.574719
0.617625
0.518421
0.442761
0.552451
0.68848
0.610664
0.431298
0.429528
0.492612
0.505263
0.511991
0.585563
0.456043
0.50338
0.395546
0.350423
0.383777
0.435556
0.59963
0.39823
0.573736
0.717056
0.519915
0.501396
0.477704
0.451185
0.658976
0.504613
0.549863
0.468839
0.330599
0.488979
0.624041
0.353939
0.370395
0.47434
0.458222
0.537728
0.456772
0.596544
0.50817
0.637057
0.439453
0.4761
0.48254
0.486843
0.358485
0.483644
0.543478
0.536619
0.500226
0.361111
0.515972
0.444756
0.475767
0.568622
0.434828
0.548197
0.631837
0.726184
0.48171
0.384616
0.537056
0.474443
0.549964
0.409594
0.46264
0.595323
0.438398
0.532793
0.543965
0.554426
0.445764
0.58102
0.427912
0.533018
0.556707
0.406725
0.453319
0.326274
0.53137
0.559467
0.563295
0.551615
0.501076
0.52461
0.606275
0.529508
0.610439
0.444576
0.657646
0.399349
0.623287
0.547567
0.408277
0.483135
0.529858
0.4287
0.555362
0.514867
0.572191
0.607859
0.54248
0.55711
0.572463
0.614376
0.489646
0.408267
0.44657
0.644731
0.503186
0.482847
0.46643
0.567864
0.444591
0.477913
0.465755
0.412391
0.464755
0.614776
0.444187
0.397895
0.485368
0.396487
0.405313
0.542629
0.355349
0.416649
0.568834
0.404232
0.462199
0.498983
0.442721
0.337539
0.383771
0.483022
0.556218
0.571112
0.485216
0.479537
0.680655
0.635772
0.471579
0.518047
0.355974
0.386115
0.383707
0.35323
0.463131
0.438725
0.471546
0.480452
0.414994
0.645475
0.304649
0.663216
0.472438
0.401045
0.507457
0.465278
0.531933
0.462301
0.37185
0.412722
0.392406
0.382762
0.549137
0.429675
0.621543
0.424664
0.518418
0.475723
0.446256
0.428389
0.540496
0.28178
0.542746
0.555974
0.521678
0.389283
0.564914
0.381239
0.427314
0.53841
0.404548
0.610513
0.511074
0.654794
0.514323
0.359229
0.285354
0.519029
0.449034
0.492498
0.485991
0.474542
0.507946
0.511355
0.62834
0.480156
0.420836
0.517488
0.571849
0.524265
0.353325
0.442054
0.579211
0.406125
0.46764
0.540425
0.559207
0.611584
0.6292
0.433576
0.416979
0.558789
0.476436
0.55508
0.412053
0.494396
0.462342
0.414504
0.565438
0.550507
0.435383
0.625118
0.397816
0.532555
0.470937
0.6155
0.568851
0.541477
0.621311
0.637494
0.583106
0.620361
0.563992
0.521345
0.503677
0.474156
0.548047
0.374346
0.45552
0.496624
0.533892
0.471289
0.404277
0.544281
0.370894
0.380006
0.573327
0.453264
0.651911
0.477713
0.534471
0.469679
0.527755
0.655253
0.411202
0.362647
0.474103
0.426063
0.615714
0.554806
0.607565
0.641368
0.361609
0.418055
0.587699
0.586993
0.526549
0.360639
0.371821
0.46204
0.66784
0.430933
0.475751
0.314611
0.516934
0.476303
0.315178
0.471629
0.506105
0.452735
0.650446
0.422709
0.434913
0.450505
0.636233
0.713769
0.500495
0.388472
0.503159
0.523805
0.54204
0.477569
0.499767
0.424756
0.546044
0.543203
0.441976
0.38381
0.497833
0.644605
0.606874
0.421643
0.431493
0.492009
0.535065
0.488096
0.422477
0.433037
0.44957
0.495421
0.594817
0.488144
0.450935
0.532712
0.500885
0.52945
0.511616
0.585146
0.610932
0.523326
0.584293
0.447455
0.470129
0.537431
0.487469
0.439334
0.402435
0.52831
0.478827
0.525486
0.43616
0.393802
0.6264
0.376413
0.480634
0.551128
0.50595
0.577141
0.494662
0.479347
0.569002
0.536496
0.565506
0.374593
0.531151
0.443552
0.484755
0.475873
0.52845
0.472207
0.599674
0.633886
0.497278
0.598674
0.483207
0.458153
0.379045
0.456748
0.562842
0.469243
0.476745
0.536268
0.450688
0.321014
0.349714
0.392885
0.509598
0.598026
0.692273
0.481377
0.57053
0.52857
0.480307
0.386986
0.49483
0.414614
0.578472
0.583778
0.47435
0.534284
0.483688
0.607709
0.617475
0.525834
0.25421
0.643881
0.427801
0.557315
0.366756
0.579426
0.604681
0.403823
0.398361
0.489505
0.353624
0.412261
0.598725
0.465906
0.574882
0.587455
0.569196
0.464939
0.49809
0.476183
0.575097
0.480289
0.459698
0.487683
0.380343
0.411647
0.600795
0.438482
0.41097
0.312817
0.530973
0.551354
0.543865
0.61296
0.506725
0.515929
0.407439
0.498273
0.570669
0.512288
0.413701
0.543074
0.463374
0.526873
0.570032
0.450546
0.537742
0.507621
0.610354
0.603607
0.574619
0.505349
0.518261
0.472206
0.42753
0.461631
0.58035
0.448982
0.536969
0.597563
0.410531
0.502451
0.585602
0.438496
0.641683
0.494845
0.462704
0.519911
0.518816
0.397234
0.429399
0.439628
0.489087
0.471684
0.598317
0.369436
0.522639
0.340879
0.547424
0.470483
0.28065
0.628827
0.475598
0.464329
0.55209
0.468936
0.487139
0.425916
0.499926
0.611918
0.586602
0.55381
0.394734
0.537505
0.509134
0.342427
0.585384
0.429969
0.452616
0.57344
0.491439
0.404733
0.376533
0.439806
0.341647
0.496045
0.461204
0.533618
0.581305
0.495647
0.365017
0.423942
0.394676
0.468606
0.574267
0.715775
0.516035
0.401959
0.520241
0.646772
0.52568
0.338506
0.563976
0.512451
0.549224
0.423948
0.455842
0.518548
0.416198
0.499601
0.612356
0.584184
0.416246
0.491991
0.476624
0.641838
0.359458
0.308921
0.614187
0.517864
0.45551
0.510787
0.427928
0.4859
0.540765
0.485277
0.351803
0.4579
0.482073
0.449786
0.513589
0.444244
0.46235
0.613203
0.464269
0.543293
0.609715
0.358794
0.491293
0.517489
0.485728
0.31205
0.512334
0.62041
0.627759
0.618218
0.545563
0.637767
0.587314
0.498054
0.444461
0.412974
0.474052
0.538849
0.454987
0.500184
0.370662
0.510143
0.398129
0.617517
0.505717
0.506587
0.611729
0.491078
0.451384
0.588235
0.424514
0.554237
0.354394
0.422945
0.617761
0.501983
0.628435
0.485744
0.403592
0.439957
0.462886
0.522671
0.573649
0.492492
0.478118
0.565965
0.520544
0.361546
0.635264
0.355272
0.392171
0.414365
0.55482
0.474998
0.703339
0.414955
0.392637
0.397697
0.510389
0.633506
0.455142
0.301836
0.475189
0.636661
0.511952
0.620919
0.540267
0.485605
0.599746
0.429191
0.554545
0.591094
0.535369
0.563605
0.589289
0.475488
0.509897
0.546625
0.639174
0.689302
0.472863
0.471549
0.598963
0.47943
0.703328
0.640519
0.539763
0.500857
0.580911
0.54199
0.590483
0.433894
0.606729
0.593356
0.482423
0.482681
0.485247
0.567441
0.573245
0.393396
0.379795
0.617804
0.378353
0.485249
0.525845
0.504079
0.463312
0.414394
0.568443
0.519011
0.562833
0.408287
0.437416
0.595257
0.57532
0.371348
0.552451
0.521534
0.434638
0.364839
0.638903
0.461134
0.292745
0.53527
0.425443
0.415251
0.48084
0.474288
0.49058
0.520919
0.387833
0.544358
0.442777
0.567612
0.55091
0.441616
0.48753
0.544651
0.453925
0.470476
0.595583
0.617526
0.6479
0.491939
0.493434
0.436969
0.329287
0.434497
0.516812
0.409168
0.43342
0.516038
0.478763
0.63572
0.432992
0.447722
0.497859
0.541946
0.397015
0.544356
0.512605
0.363787
0.399784
0.555824
0.591937
0.405839
0.319465
0.503629
0.467538
0.602943
0.392275
0.735965
0.403065
0.539299
0.46342
0.322041
0.632098
0.664038
0.485214
0.546974
0.607181
0.489858
0.553711
0.635525
0.485554
0.308262
0.658004
0.656678
0.424531
0.47557
0.563565
0.509531
0.474861
0.429731
0.598011
0.469702
0.560179
0.43836
0.501864
0.72732
0.543817
0.640083
0.60865
0.453272
0.552082
0.548362
0.400508
0.507542
0.399595
0.601255
0.532615
0.507778
0.513904
0.461249
0.429819
0.500601
0.461999
0.533076
0.442033
0.653054
0.532323
0.448569
0.523858
0.67499
0.42593
0.37778
0.413748
0.400594
0.376302
0.614032
0.576418
0.541548
0.577714
0.634015
0.599302
0.356079
0.498406
0.576699
0.472371
0.375257
0.441096
0.478383
0.415643
0.445866
0.455949
0.444963
0.447932
0.380961
0.488864
0.273036
0.42394
0.485286
0.352361
0.323196
0.627351
0.611078
0.441217
0.413285
0.530342
0.405797
0.496861
0.385901
0.462398
0.480105
0.28216
0.499696
0.533889
0.532296
0.60316
0.62217
0.504958
0.632436
0.560344
0.424568
0.363194
0.451088
0.395578
0.496238
0.471932
0.406736
0.600952
0.343196
0.484948
0.433224
0.463611
0.487869
0.415555
0.501816
0.44036
0.355757
0.63367
0.577164
0.50365
0.569281
0.49115
0.585691
0.505487
0.456156
0.403548
0.408909
0.409208
0.443311
0.518234
0.501218
0.494878
0.509621
0.359633
0.426991
0.518647
0.610456
0.459816
0.508412
0.578732
0.401299
0.567034
0.503914
0.602087
0.550412
0.398616
0.465289
0.620259
0.453596
0.403174
0.454859
0.566816
0.496715
0.467841
0.585775
0.430867
0.540443
0.409592
0.458688
0.483171
0.351012
0.498081
0.524951
0.406875
0.532178
0.556148
0.665506
0.380525
0.526524
0.470762
0.428619
0.455592
0.485152
0.531927
0.449247
0.635677
0.428164
0.522531
0.545907
0.403738
0.545684
0.54353
0.662967
0.37359
0.569797
0.323826
0.440319
0.39137
0.568436
0.492831
0.528775
0.523068
0.29706
0.458821
0.44639
0.589624
0.654736
0.522725
0.343502
0.517646
0.427154
0.562801
0.705803
0.340712
0.596876
0.560754
0.505485
0.504601
0.43497
0.526983
0.47854
0.50382
0.369859
0.456938
0.567
0.422651
0.507888
0.559641
0.461383
0.40066
0.442535
0.403519
0.391153
0.431585
0.45957
0.496364
0.457772
0.389613
0.485558
0.540754
0.14122
0.42468
0.536
0.481129
0.529761
0.457564
0.334042
0.394288
0.454664
0.627482
0.665039
0.393806
0.524527
0.503643
0.618258
0.456034
0.653256
0.48411
0.493692
0.478622
0.404608
0.399302
0.606226
0.611922
0.51498
0.654964
0.725283
0.531988
0.422762
0.344259
0.507463
0.536255
0.582582
0.497332
0.611679
0.537031
0.569065
0.498043
0.467664
0.513839
0.50787
0.47306
0.473686
0.586067
0.379567
0.451986
0.439542
0.617433
0.430074
0.525118
0.51571
0.411146
0.332569
0.316705
0.645525
0.359518
0.460806
0.487521
0.468739
0.546729
0.67028
0.735243
0.353479
0.65373
0.39737
0.64076
0.538661
0.477445
0.470349
0.392211
0.367086
0.562758
0.510387
0.497514
0.45494
0.477783
0.553473
0.574426
0.587992
0.475893
0.550946
0.501106
0.607577
0.529503
0.550001
0.548682
0.63729
0.450818
0.596661
0.441788
0.728328
0.606417
0.360192
0.457485
0.629381
0.470639
0.505287
0.44363
0.515045
0.445134
0.529478
0.593681
0.671728
0.508575
0.66873
0.44742
0.616034
0.474253
0.421812
0.500124
0.51948
0.659106
0.459519
0.512644
0.284263
0.553385
0.510909
0.550643
0.444412
0.38581
0.436016
0.484279
0.679217
0.477314
0.420894
0.70374
0.383099
0.552508
0.421889
0.417786
0.637193
0.529501
0.43459
0.580611
0.509718
0.545756
0.599541
0.328327
0.448768
0.623026
0.449415
0.504232
0.434316
0.36311
0.456459
0.327921
0.775156
0.546007
0.397544
0.546402
0.457881
0.333031
0.397627
0.336881
0.403147
0.632397
0.558749
0.464811
0.521004
0.448651
0.386392
0.503546
0.481258
0.408008
0.481013
0.572333
0.463395
0.639084
0.600366
0.538964
0.597742
0.71548
0.585763
0.665921
0.46697
0.468334
0.588202
0.470864
0.554019
0.600849
0.471259
0.552622
0.485727
0.343266
0.487246
0.543871
0.455107
0.448253
0.539419
0.445403
0.571065
0.428524
0.611353
0.540625
0.481571
0.678244
0.558056
0.561605
0.481683
0.407673
0.342309
0.471068
0.525473
0.479042
0.432245
0.342041
0.522667
0.496257
0.557568
0.574867
0.565817
0.719024
0.595236
0.418874
0.488833
0.503864
0.601209
0.604558
0.526888
0.492606
0.441057
0.495585
0.592882
0.558704
0.554232
0.304686
0.60591
0.580597
0.507677
0.462484
0.639348
0.549597
0.484555
0.374836
0.474381
0.360019
0.381299
0.556405
0.560861
0.606703
0.356263
0.502153
0.35043
0.477273
0.529094
0.583328
0.463631
0.33369
0.651902
0.571551
0.407504
0.502462
0.379386
0.557887
0.434598
0.42049
0.51082
0.509511
0.427648
0.411563
0.455025
0.47383
0.543124
0.407153
0.510775
0.390009
0.625648
0.597063
0.527417
0.404693
0.425581
0.435754
0.619241
0.528762
0.463228
0.386581
0.395367
0.444064
0.671658
0.418694
0.515097
0.514645
0.740492
0.65289
0.504641
0.630022
0.436684
0.368134
0.63055
0.574797
0.394767
0.527676
0.510857
0.55843
0.584718
0.472742
0.487398
0.542571
0.654962
0.385256
0.350036
0.674985
0.522653
0.574292
0.400956
0.495157
0.492528
0.441419
0.417857
0.546014
0.616008
0.488103
0.599171
0.550346
0.478089
0.516416
0.570397
0.543228
0.582593
0.627686
0.453676
0.459583
0.495754
0.740064
0.545829
0.437751
0.540684
0.535377
0.543767
0.707081
0.585122
0.430824
0.468293
0.383921
0.543794
0.687159
0.57348
0.422461
0.573929
0.459617
0.431866
0.483523
0.464636
0.531252
0.436188
0.437006
0.232281
0.513048
0.474267
0.656241
0.396301
0.436479
0.570334
0.461294
0.522369
0.49963
0.536664
0.402312
0.61918
0.36782
0.474162
0.334626
0.53553
0.596473
0.467667
0.628479
0.637587
0.472952
0.446498
0.49432
0.601512
0.512852
0.466299
0.518536
0.520557
0.455019
0.59487
0.435591
0.422727
0.450929
0.570471
0.664884
0.48671
0.32323
0.601475
0.480415
0.529287
0.572856
0.584194
0.637689
0.353593
0.454339
0.561704
0.546401
0.468552
0.537351
0.598485
0.553384
0.427326
0.664439
0.509175
0.504384
0.435927
0.34777
0.497643
0.514416
0.438908
0.381907
0.415429
0.636076
0.42156
0.457609
0.554289
0.427292
0.538937
0.428763
0.601668
0.65079
0.390619
0.308237
0.503276
0.46614
0.543044
0.559091
0.424127
0.692912
0.332756
0.427632
0.64631
0.534142
0.47574
0.369591
0.593907
0.469422
0.509345
0.297727
0.675825
0.585378
0.590888
0.48873
0.466287
0.449456
0.495058
0.401942
0.518383
0.504756
0.652468
0.467367
0.483788
0.335545
0.353305
0.593332
0.584585
0.503856
0.439765
0.535132
0.581435
0.378807
0.503022
0.477733
0.6742
0.475695
0.596583
0.453257
0.661936
0.508051
0.42729
0.485157
0.421934
0.461557
0.574575
0.685945
0.422661
0.465393
0.442202
0.506616
0.480993
0.51819
0.526199
0.728772
0.46557
0.488632
0.587381
0.602449
0.528282
0.433834
0.483352
0.474051
0.545425
0.653326
0.617532
0.442149
0.436847
0.626703
0.613117
0.559449
0.510848
0.685104
0.467347
0.514567
0.597836
0.469691
0.672615
0.437587
0.467026
0.575478
0.53009
0.551296
0.486012
0.520227
0.49034
0.620748
0.538044
0.482008
0.533124
0.434947
0.449552
0.594383
0.581892
0.496227
0.531088
0.566386
0.41163
0.417913
0.466583
0.409455
0.463446
0.274255
0.503944
0.32161
0.67474
0.456153
0.447643
0.529439
0.556787
0.62185
0.411459
0.562127
0.626248
0.466406
0.474935
0.582942
0.285198
0.45234
0.45584
0.498428
0.44507
0.444171
0.456025
0.583246
0.539968
0.381716
0.489887
0.39028
0.348563
0.533684
0.531272
0.665394
0.452749
0.429385
0.421481
0.570406
0.55479
0.620045
0.611074
0.665316
0.439448
0.532279
0.541849
0.353094
0.527794
0.417521
0.530682
0.60119
0.486843
0.457712
0.449373
0.589868
0.432908
0.557002
0.597068
0.377354
0.633537
0.641757
0.464908
0.407008
0.547089
0.429461
0.464063
0.516282
0.452367
0.64633
0.433795
0.457371
0.562246
0.421174
0.508685
0.534262
0.671841
0.419589
0.483984
0.541615
0.387498
0.480394
0.593294
0.511583
0.679635
0.56063
0.5589
0.501578
0.499249
0.584045
0.384948
0.368199
0.531678
0.430904
0.567886
0.561233
0.505965
0.626916
0.565033
0.440978
0.545782
0.521156
0.596296
0.48829
0.587491
0.634765
0.598968
0.468822
0.58929
0.474116
0.59152
0.572173
0.436699
0.606609
0.347509
0.627079
0.475638
0.579564
0.390452
0.461748
0.474266
0.720426
0.487879
0.312836
0.365226
0.499791
0.578107
0.478856
0.525313
0.39036
0.674692
0.767845
0.52146
0.549917
0.366338
0.421335
0.439621
0.542457
0.407335
0.535968
0.603267
0.448887
0.555817
0.591889
0.505107
0.27985
0.382208
0.487204
0.4809
0.473413
0.493642
0.436809
0.547219
0.537231
0.694935
0.600511
0.442274
0.488511
0.363181
0.551224
0.424853
0.478327
0.419374
0.482785
0.612574
0.594697
0.541964
0.505179
0.426404
0.469043
0.526971
0.611533
0.440329
0.523312
0.537652
0.467541
0.437481
0.362803
0.62174
0.5239
0.408618
0.52786
0.461347
0.452359
0.494842
0.463554
0.452845
0.434909
0.610547
0.360626
0.4217
0.484957
0.459018
0.585787
0.528493
0.352893
0.383599
0.490272
0.522526
0.482727
0.53111
0.509843
0.691564
0.670273
0.527933
0.407512
0.520811
0.568206
0.507175
0.534682
0.52912
0.542987
0.539165
0.582349
0.551267
0.579704
0.406616
0.459186
0.474657
0.632033
0.266658
0.477799
0.347759
0.517402
0.528939
0.576982
0.423683
0.765742
0.663787
0.391404
0.491179
0.560482
0.486216
0.448691
0.51991
0.591561
0.42713
0.487261
0.487547
0.513522
0.526563
0.719375
0.481101
0.521265
0.527004
0.597687
0.529357
0.488036
0.606911
0.577911
0.420283
0.4337
0.512236
0.515058
0.417359
0.597714
0.39131
0.508891
0.479803
0.684287
0.527509
0.460753
0.519253
0.643526
0.44399
0.566558
0.432391
0.380694
0.512128
0.609558
0.315928
0.587584
0.354343
0.404219
0.515124
0.419231
0.554474
0.564272
0.635133
0.462231
0.474004
0.521447
0.648914
0.336675
0.356928
0.616673
0.696682
0.533557
0.364124
0.345312
0.45783
0.417402
0.421481
0.397417
0.392499
0.536132
0.543941
0.440794
0.639329
0.405837
0.496732
0.608824
0.599041
0.41846
0.399705
0.549404
0.44814
0.509421
0.532441
0.450945
0.368857
0.486268
0.655974
0.383992
0.643312
0.537413
0.468278
0.392671
0.672246
0.503436
0.529283
0.561578
0.609615
0.606031
0.638859
0.506099
0.659204
0.407998
0.377159
0.434993
0.401218
0.650583
0.507662
0.473723
0.486088
0.32333
0.323388
0.487991
0.567307
0.520386
0.547842
0.494467
0.500595
0.49228
0.583468
0.587413
0.50598
0.592441
0.568477
0.455964
0.702927
0.43465
0.532091
0.539893
0.454518
0.524976
0.44021
0.306896
0.500193
0.526109
0.447512
0.479493
0.660828
0.482143
0.50474
0.454607
0.445347
0.519256
0.435599
0.516564
0.592567
0.496281
0.658087
0.329624
0.301146
0.475226
0.479348
0.507044
0.527197
0.394358
0.377996
0.600113
0.393863
0.446872
0.47761
0.455291
0.527923
0.500303
0.621358
0.685714
0.420694
0.552224
0.529734
0.542486
0.447183
0.535158
0.447959
0.611591
0.549011
0.699572
0.690815
0.576508
0.411091
0.372087
0.532347
0.559953
0.394854
0.473188
0.365208
0.488124
0.624945
0.463458
0.506084
0.417709
0.492232
0.461349
0.323902
0.452229
0.60162
0.542369
0.42811
0.485308
0.364084
0.40598
0.524375
0.391768
0.651415
0.611141
0.51142
0.603243
0.479902
0.475898
0.57946
0.325901
0.583604
0.464456
0.63971
0.569092
0.534285
0.413296
0.664765
0.452846
0.356691
0.454986
0.288148
0.559381
0.504898
0.575737
0.472139
0.511791
0.576066
0.394487
0.517847
0.636946
0.547513
0.493634
0.50964
0.647103
0.474495
0.493535
0.544149
0.515913
0.46006
0.385789
0.416451
0.502045
0.622581
0.47818
0.584221
0.372764
0.596793
0.523274
0.504132
0.498044
0.503062
0.482008
0.570006
0.433432
0.537941
0.404553
0.453589
0.509532
0.344525
0.597203
0.368001
0.532702
0.619393
0.302421
0.590085
0.523218
0.34684
0.378406
0.277789
0.633672
0.501206
0.465992
0.426625
0.374612
0.642323
0.428286
0.486782
0.411373
0.502943
0.308614
0.40896
0.483492
0.523381
0.553918
0.539017
0.446098
0.55806
0.485251
0.413482
0.563936
0.529072
0.468205
0.431395
0.438369
0.638772
0.660539
0.342207
0.46342
0.419785
0.420756
0.581163
0.54889
0.577083
0.491345
0.527038
0.58942
0.480904
0.377757
0.713946
0.483234
0.356828
0.395371
0.498453
0.510842
0.383087
0.430559
0.502079
0.582429
0.575844
0.549931
0.491746
0.475505
0.588484
0.497855
0.638472
0.346998
0.376579
0.562758
0.656896
0.66384
0.428946
0.396459
0.561715
0.413425
0.517668
0.579291
0.506141
0.502833
0.693994
0.390872
0.35357
0.718425
0.408243
0.53859
0.576268
0.393172
0.453029
0.491976
0.41051
0.5278
0.450931
0.462663
0.400616
0.556468
0.397999
0.560346
0.546388
0.573066
0.438743
0.761659
0.378764
0.688302
0.429445
0.479826
0.513826
0.530453
0.425262
0.560019
0.299829
0.50678
0.520557
0.402184
0.63735
0.493269
0.536749
0.496352
0.518278
0.515172
0.380626
0.523795
0.431802
0.530044
0.519025
0.422446
0.599127
0.451121
0.500952
0.540485
0.534984
0.487262
0.511189
0.52449
0.542357
0.573814
0.503012
0.536794
0.514004
0.486904
0.512452
0.41223
0.464364
0.444413
0.520425
0.401106
0.510233
0.585428
0.357602
0.369446
0.557219
0.483949
0.432919
0.518218
0.468246
0.402211
0.640806
0.431784
0.564472
0.546787
0.532283
0.376099
0.54963
0.591906
0.526706
0.555656
0.40523
0.426688
0.436972
0.433738
0.562951
0.526544
0.461952
0.564533
0.446179
0.516376
0.483747
0.432137
0.646697
0.569638
0.549562
0.706668
0.564206
0.570456
0.611477
0.590652
0.622438
0.565953
0.672701
0.430893
0.46024
0.475406
0.513929
0.516068
0.590954
0.536988
0.453696
0.384826
0.377908
0.609282
0.675093
0.561912
0.4745
0.463662
0.408316
0.462456
0.448549
0.477703
0.412309
0.410703
0.613913
0.554059
0.504576
0.675743
0.527128
0.341549
0.539198
0.511962
0.509654
0.63553
0.459538
0.497523
0.501529
0.50574
0.422079
0.393983
0.65143
0.376831
0.406792
0.420667
0.550711
0.417368
0.540316
0.477509
0.511434
0.437398
0.541527
0.40109
0.595143
0.425348
0.372737
0.554629
0.48178
0.45725
0.499336
0.499875
0.525917
0.682665
0.418972
0.356344
0.417106
0.442446
0.449071
0.512424
0.416934
0.426219
0.426311
0.517426
0.498856
0.467383
0.579349
0.470211
0.317468
0.448129
0.429365
0.557352
0.668174
0.506685
0.43246
0.523357
0.490445
0.376329
0.521567
0.531233
0.679831
0.525777
0.388707
0.459915
0.404691
0.611133
0.564223
0.664825
0.510065
0.400707
0.528382
0.590413
0.507408
0.418395
0.500604
0.472879
0.306698
0.604132
0.597823
0.523833
0.496091
0.358769
0.57922
0.370207
0.500346
0.485823
0.380223
0.483899
0.477062
0.636505
0.502191
0.620044
0.601021
0.492434
0.421044
0.662165
0.640771
0.380099
0.501326
0.524395
0.384871
0.412706
0.682156
0.477085
0.402
0.521035
0.506225
0.646257
0.431312
0.600645
0.39801
0.505864
0.546035
0.515766
0.605473
0.563722
0.50122
0.520674
0.481368
0.578596
0.38989
0.559978
0.413688
0.591149
0.55238
0.375103
0.475363
0.471798
0.510579
0.473085
0.4439
0.362749
0.568805
0.515729
0.572835
0.611141
0.410467
0.584827
0.446485
0.459063
0.536041
0.507734
0.523164
0.490828
0.582628
0.434732
0.512562
0.466987
0.525027
0.505483
0.420983
0.439708
0.307167
0.59911
0.551514
0.499164
0.452557
0.416223
0.620408
0.611902
0.4524
0.689168
0.438975
0.558673
0.466845
0.469092
0.542643
0.552342
0.572762
0.617723
0.693379
0.62017
0.462186
0.573245
0.444
0.585301
0.388275
0.510911
0.47587
0.508729
0.357148
0.540326
0.485651
0.396641
0.4984
0.44518
0.320081
0.592824
0.376218
0.362901
0.39558
0.528161
0.626032
0.418788
0.585032
0.368035
0.355291
0.481897
0.437485
0.575087
0.405395
0.620897
0.586096
0.393232
0.546855
0.542474
0.600558
0.475396
0.520544
0.440294
0.595705
0.451119
0.531181
0.529178
0.598297
0.602339
0.369163
0.659654
0.517199
0.540206
0.545339
0.687633
0.513744
0.619146
0.6693
0.510176
0.421923
0.465419
0.422273
0.581419
0.35273
0.527617
0.444671
0.315333
0.601404
0.479713
0.387679
0.699207
0.465948
0.439875
0.617118
0.431367
0.42316
0.539214
0.292878
0.418614
0.474892
0.625298
0.402771
0.396086
0.690408
0.469575
0.467361
0.349661
0.485913
0.432242
0.551451
0.52641
0.39266
0.601372
0.455123
0.422112
0.600854
0.556847
0.586803
0.459035
0.495909
0.417543
0.554416
0.747385
0.431974
0.52888
0.497626
0.507473
0.457835
0.36602
0.610967
0.477126
0.703051
0.507213
0.49883
0.512643
0.465168
0.525851
0.520224
0.596946
0.467803
0.425191
0.523424
0.393099
0.677085
0.57528
0.374633
0.335242
0.500971
0.498815
0.424897
0.454869
0.620196
0.695404
0.447419
0.433393
0.616625
0.608299
0.362351
0.499809
0.517447
0.453179
0.334835
0.615071
0.642489
0.486239
0.508665
0.475252
0.344938
0.442703
0.38428
0.508776
0.428271
0.493272
0.564992
0.436683
0.397409
0.42387
0.516178
0.51915
0.390236
0.534768
0.582819
0.34902
0.404833
0.582636
0.502981
0.408977
0.49345
0.469749
0.487811
0.531043
0.279306
0.547285
0.399098
0.445242
0.447367
0.485886
0.567614
0.451378
0.38312
0.430272
0.62107
0.47899
0.639617
0.462092
0.42878
0.513369
0.495632
0.525337
0.457725
0.570133
0.557116
0.512859
0.445927
0.52008
0.518263
0.374766
0.545559
0.534781
0.542798
0.706184
0.519212
0.589559
0.493674
0.43182
0.47504
0.484067
0.6105
0.369535
0.424207
0.394419
0.526884
0.578514
0.598991
0.539831
0.489769
0.546012
0.281162
0.628682
0.58283
0.419093
0.494704
0.55395
0.396548
0.535481
0.588685
0.55876
0.596559
0.554671
0.486872
0.424515
0.32494
0.553135
0.459785
0.494322
0.568987
0.554718
0.468928
0.393425
0.529448
0.460579
0.366217
0.518735
0.432868
0.47617
0.365826
0.526422
0.51634
0.472196
0.440023
0.647652
0.460331
0.541142
0.461768
0.417964
0.486959
0.512218
0.599152
0.33823
0.445066
0.569355
0.571869
0.629745
0.475065
0.495567
0.556986
0.550372
0.528969
0.371557
0.467206
0.463096
0.494484
0.42819
0.44358
0.765294
0.454749
0.44536
0.468153
0.581874
0.662564
0.470281
0.409411
0.495612
0.512745
0.475084
0.401414
0.543891
0.289171
0.678427
0.500345
0.375077
0.511904
0.622358
0.471579
0.565306
0.32015
0.440363
0.485578
0.494947
0.641603
0.504367
0.528552
0.633831
0.398423
0.538708
0.388199
0.557948
0.602692
0.491803
0.517631
0.603006
0.355097
0.527678
0.511046
0.349635
0.372893
0.418741
0.579492
0.44119
0.467177
0.679441
0.36847
0.580892
0.433363
0.48179
0.422829
0.475341
0.517705
0.55444
0.527592
0.434216
0.719989
0.416071
0.52283
0.46105
0.368348
0.572665
0.530616
0.450331
0.374671
0.270663
0.504157
0.626705
0.503706
0.510491
0.612724
0.720584
0.558589
0.566403
0.447579
0.581072
0.430792
0.520395
0.448043
0.504484
0.551155
0.603987
0.614847
0.539973
0.51639
0.568479
0.649152
0.370659
0.595076
0.600548
0.416895
0.519161
0.519188
0.407417
0.513564
0.663388
0.559672
0.468017
0.555903
0.556898
0.522822
0.550068
0.553577
0.525798
0.581315
0.606713
0.552233
0.37113
0.700179
0.281685
0.563871
0.464717
0.501555
0.47279
0.422726
0.522585
0.438517
0.646288
0.474186
0.621051
0.660262
0.488325
0.50729
0.446508
0.529189
0.465418
0.402391
0.613516
0.512763
0.497951
0.346223
0.432157
0.474975
0.495172
0.36622
0.352397
0.626756
0.436156
0.291123
0.5706
0.49225
0.400045
0.629916
0.57397
0.576411
0.454459
0.487775
0.557744
0.484413
0.619785
0.455001
0.525085
0.487875
0.467883
0.399809
0.53094
0.33725
0.428107
0.292359
0.531346
0.602042
0.615279
0.547436
0.333925
0.636103
0.529781
0.395771
0.411207
0.607223
0.388197
0.416027
0.546245
0.328945
0.51525
0.555034
0.552224
0.556028
0.368198
0.544741
0.479734
0.45867
0.589612
0.639747
0.444613
0.41753
0.422604
0.535935
0.63601
0.462138
0.615429
0.61282
0.671141
0.427462
0.543886
0.431491
0.635371
0.482731
0.456509
0.715741
0.381322
0.385941
0.578024
0.582715
0.468863
0.667379
0.282448
0.445586
0.331778
0.41393
0.572319
0.595905
0.391727
0.51826
0.491368
0.43674
0.453516
0.516356
0.483328
0.566163
0.567797
0.343575
0.630971
0.628264
0.310816
0.511527
0.520704
0.417494
0.390865
0.201031
0.545655
0.540805
0.545283
0.473217
0.662926
0.4477
0.550422
0.551873
0.450109
0.504924
0.552578
0.493496
0.466019
0.532051
0.375568
0.342538
0.427468
0.575675
0.518195
0.611099
0.496544
0.47018
0.482346
0.405204
0.572733
0.536247
0.442592
0.561867
0.555298
0.36612
0.466084
0.517753
0.549872
0.536446
0.514881
0.294484
0.418296
0.511865
0.421816
0.687852
0.403611
0.429756
0.548188
0.556469
0.506788
0.500318
0.542195
0.425104
0.464632
0.465702
0.368691
0.392105
0.608204
0.523941
0.633747
0.439427
0.50952
0.562188
0.45427
0.405687
0.505093
0.4209
0.508734
0.553036
0.484473
0.325471
0.447592
0.530215
0.529255
0.510967
0.451254
0.237622
0.674438
0.403381
0.62237
0.403346
0.543445
0.318917
0.522673
0.587552
0.396992
0.450384
0.460426
0.389173
0.46316
0.413602
0.662828
0.414118
0.622954
0.651044
0.601127
0.496088
0.566214
0.496375
0.459907
0.695085
0.473345
0.491407
0.45363
0.627716
0.397903
0.453015
0.503263
0.538023
0.615011
0.485802
0.416299
0.465632
0.36479
0.63873
0.499865
0.515092
0.37483
0.559529
0.626575
0.419285
0.62023
0.496336
0.526475
0.501213
0.615119
0.655862
0.368446
0.290267
0.479958
0.513135
0.606059
0.396735
0.460503
0.478769
0.393625
0.684794
0.366195
0.502522
0.538325
0.539954
0.439146
0.500714
0.5664
0.469982
0.563891
0.451781
0.580718
0.51404
0.398936
0.757894
0.521055
0.606207
0.482882
0.508028
0.56758
0.427174
0.58183
0.423202
0.424659
0.399587
0.654889
0.479725
0.371608
0.59388
0.587259
0.490203
0.566937
0.405299
0.654442
0.511635
0.453134
0.469774
0.628126
0.619367
0.552809
0.574208
0.517987
0.646581
0.60918
0.491192
0.580594
0.490768
0.452145
0.571976
0.345553
0.517837
0.425612
0.545328
0.451517
0.375434
0.465126
0.511531
0.504556
0.421431
0.352166
0.545778
0.535023
0.580503
0.590576
0.426538
0.715441
0.498135
0.461484
0.51258
0.402411
0.4413
0.63846
0.475168
0.484024
0.410355
0.51974
0.455069
0.467195
0.426427
0.406729
0.500245
0.455583
0.429636
0.587814
0.430079
0.589751
0.389921
0.346534
0.483521
0.400841
0.655937
0.488389
0.59724
0.433723
0.64751
0.568766
0.418572
0.404217
0.470316
0.315771
0.617356
0.458965
0.571957
0.598796
0.588522
0.40981
0.478132
0.631593
0.539035
0.533467
0.495465
0.565167
0.371521
0.39078
0.63033
0.581022
0.392998
0.469377
0.37506
0.411919
0.508616
0.542922
0.615862
0.480458
0.562684
0.435855
0.419873
0.653123
0.455378
0.463408
0.398741
0.569133
0.624002
0.374208
0.397172
0.642109
0.500372
0.460797
0.528722
0.583426
0.446293
0.538342
0.527
0.50678
0.570265
0.65261
0.385045
0.504113
0.520788
0.406286
0.543212
0.606317
0.353088
0.441877
0.518167
0.543175
0.432067
0.656155
0.641699
0.593459
0.657894
0.52426
0.634864
0.578205
0.612234
0.472599
0.654532
0.420499
0.390771
0.462489
0.527558
0.408842
0.616757
0.547434
0.381756
0.605979
0.363871
0.375008
0.579191
0.501077
0.435123
0.460806
0.3805
0.583038
0.565867
0.420896
0.58044
0.501697
0.398694
0.676897
0.554068
0.479215
0.508937
0.423258
0.476539
0.446505
0.57236
0.560839
0.601614
0.331462
0.62911
0.458474
0.616423
0.55239
0.415794
0.621157
0.382017
0.519
0.453524
0.548819
0.407407
0.474711
0.374357
0.504717
0.613485
0.700568
0.359869
0.63113
0.484055
0.527886
0.5089
0.618815
0.473427
0.471515
0.539991
0.334371
0.480393
0.608442
0.597932
0.427697
0.481099
0.510101
0.341375
0.484084
0.450042
0.526237
0.444846
0.468453
0.438462
0.461274
0.496925
0.561858
0.309373
0.340944
0.397121
0.553892
0.572712
0.410088
0.265187
0.483157
0.584208
0.517286
0.533609
0.377652
0.666861
0.425847
0.389876
0.516934
0.621083
0.653947
0.400271
0.409468
0.582757
0.511965
0.549288
0.55567
0.479556
0.407456
0.473926
0.466159
0.673867
0.475424
0.5029
0.454602
0.452504
0.423778
0.50778
0.466566
0.653142
0.333628
0.354173
0.594083
0.366821
0.406726
0.461762
0.726333
0.524233
0.40537
0.535292
0.579145
0.397419
0.393737
0.544872
0.421051
0.50231
0.38651
0.481314
0.575517
0.582868
0.375939
0.595985
0.543987
0.543686
0.489877
0.397876
0.491501
0.56151
0.490863
0.503775
0.407228
0.471443
0.43284
0.538377
0.450255
0.652333
0.632549
0.515633
0.482761
0.627205
0.484844
0.493234
0.35719
0.385374
0.565197
0.509676
0.45265
0.497171
0.441182
0.555549
0.452372
0.541865
0.592942
0.603159
0.435137
0.353512
0.468114
0.564238
0.54792
0.694841
0.529694
0.444835
0.576133
0.520174
0.368397
0.437379
0.585608
0.546355
0.42946
0.388003
0.543242
0.41513
0.445184
0.495282
0.410001
0.537955
0.478886
0.465224
0.432109
0.639053
0.396137
0.434479
0.537604
0.466515
0.620242
0.384891
0.492534
0.573401
0.54853
0.650557
0.612696
0.568001
0.46443
0.54407
0.504448
0.518827
0.450018
0.619481
0.575638
0.637203
0.570011
0.501223
0.481532
0.647822
0.558644
0.733773
0.529622
0.331959
0.305673
0.376682
0.452861
0.463459
0.529571
0.451616
0.576981
0.665838
0.479937
0.547923
0.570682
0.449085
0.574936
0.453693
0.406334
0.623739
0.51334
0.580929
0.515019
0.461756
0.577117
0.514284
0.346992
0.440312
0.444697
0.488143
0.513509
0.565198
0.564617
0.479839
0.467219
0.361601
0.504495
0.627745
0.66751
0.616044
0.613683
0.410009
0.478085
0.565752
0.454853
0.358168
0.373159
0.610048
0.417672
0.272778
0.514816
0.449112
0.386876
0.436043
0.548758
0.362975
0.470078
0.497131
0.50269
0.489516
0.382685
0.494925
0.427474
0.643799
0.436073
0.573325
0.5747
0.479019
0.590745
0.266408
0.647032
0.495851
0.341266
0.35263
0.493336
0.473797
0.629587
0.504453
0.465717
0.574484
0.485347
0.53507
0.539039
0.439428
0.62637
0.447939
0.556664
0.497834
0.492154
0.445439
0.36297
0.675209
0.513169
0.505718
0.380069
0.45018
0.536611
0.484582
0.461967
0.581645
0.345272
0.372625
0.605609
0.595424
0.542915
0.504637
0.318656
0.590729
0.572173
0.584142
0.555026
0.451128
0.427218
0.493679
0.359881
0.409062
0.283351
0.491625
0.557464
0.441569
0.361989
0.366889
0.621757
0.529377
0.567345
0.389223
0.457828
0.491183
0.368136
0.648131
0.469797
0.346467
0.464024
0.447827
0.491079
0.537796
0.594863
0.587504
0.507747
0.468995
0.556371
0.410628
0.533029
0.437963
0.52617
0.497174
0.418889
0.649144
0.539497
0.479059
0.660876
0.504726
0.456774
0.499502
0.518757
0.557512
0.721015
0.467121
0.40435
0.461076
0.409172
0.56821
0.458335
0.511149
0.5483
0.62633
0.441015
0.610352
0.317449
0.505037
0.601999
0.518074
0.524581
0.542708
0.586929
0.417797
0.582345
0.631064
0.614591
0.532124
0.567202
0.581482
0.456507
0.56546
0.406014
0.483589
0.427179
0.517392
0.477814
0.304382
0.413096
0.485574
0.543787
0.596186
0.511226
0.502039
0.635639
0.608609
0.404433
0.495561
0.464196
0.601258
0.376026
0.556707
0.491385
0.535822
0.5748
0.450726
0.387379
0.63115
0.614435
0.363217
0.430775
0.57364
0.568362
0.498711
0.275932
0.405573
0.657076
0.544738
0.393063
0.521447
0.385811
0.562732
0.681153
0.67985
0.455362
0.709045
0.671325
0.416448
0.429116
0.498596
0.401532
0.390165
0.498816
0.611985
0.487712
0.415177
0.566821
0.663458
0.389271
0.668754
0.382353
0.578714
0.728259
0.599864
0.574992
0.402255
0.644493
0.413687
0.474321
0.425757
0.538243
0.528288
0.456574
0.500716
0.465721
0.484585
0.296263
0.407389
0.520521
0.469968
0.414573
0.471817
0.579119
0.457367
0.61052
0.465326
0.445626
0.470741
0.452139
0.535524
0.447878
0.507826
0.621951
0.591173
0.773877
0.362038
0.495257
0.419627
0.367049
0.305546
0.635195
0.516542
0.406105
0.480338
0.381468
0.552442
0.478032
0.486402
0.469073
0.526234
0.42103
0.586527
0.430615
0.436133
0.490822
0.333599
0.514856
0.345322
0.423741
0.574113
0.611349
0.582356
0.581032
0.533923
0.335318
0.581486
0.521109
0.529441
0.43972
0.559918
0.532621
0.487598
0.33661
0.609361
0.456391
0.456299
0.493882
0.447096
0.426147
0.436865
0.405187
0.464184
0.576679
0.6015
0.601559
0.59924
0.526291
0.440103
0.387142
0.467457
0.373266
0.41727
0.454611
0.335245
0.501285
0.655061
0.397468
0.537818
0.52638
0.570455
0.527661
0.514458
0.610791
0.506446
0.481952
0.445814
0.702187
0.357825
0.525429
0.518532
0.427697
0.499876
0.414505
0.65167
0.591325
0.610926
0.356059
0.470734
0.513173
0.605891
0.497951
0.520705
0.644662
0.373184
0.525381
0.618172
0.343272
0.474447
0.546405
0.541425
0.253386
0.506156
0.46972
0.570358
0.589233
0.552044
0.362555
0.576869
0.436906
0.33108
0.492498
0.330534
0.482572
0.360348
0.383304
0.560195
0.543489
0.436035
0.542558
0.574099
0.449952
0.556881
0.552398
0.601006
0.53494
0.478318
0.469773
0.42151
0.481712
0.535083
0.588807
0.499341
0.518041
0.585782
0.516164
0.420938
0.501856
0.532775
0.454791
0.46977
0.601884
0.510171
0.748423
0.598962
0.536222
0.504743
0.587742
0.558465
0.60162
0.509653
0.61037
0.555566
0.52941
0.476905
0.545043
0.391606
0.475571
0.436999
0.371543
0.472614
0.440017
0.536244
0.521341
0.323945
0.274046
0.384063
0.570778
0.473025
0.547584
0.522395
0.53279
0.561823
0.594611
0.582454
0.401285
0.710775
0.433586
0.473488
0.422982
0.415392
0.37997
0.584473
0.55638
0.489854
0.55271
0.440598
0.530425
0.590281
0.461026
0.447658
0.552699
0.503266
0.489544
0.421837
0.367605
0.659401
0.639085
0.620445
0.470382
0.451132
0.499751
0.478859
0.596789
0.561052
0.417582
0.475718
0.397332
0.439917
0.563653
0.585273
0.547944
0.449972
0.335111
0.463212
0.437377
0.28278
0.434114
0.31816
0.409219
0.483438
0.417945
0.350956
0.439742
0.514016
0.539458
0.440623
0.530685
0.354975
0.361649
0.60017
0.429971
0.698504
0.506128
0.335016
0.517098
0.493734
0.567778
0.567242
0.570027
0.560089
0.394638
0.533211
0.445681
0.528038
0.503064
0.550632
0.448005
0.470748
0.396315
0.651985
0.530018
0.667081
0.514922
0.299775
0.495517
0.435379
0.417225
0.578328
0.561349
0.585224
0.528481
0.577247
0.453484
0.475042
0.479573
0.361186
0.693693
0.498813
0.466763
0.414727
0.454723
0.454397
0.499789
0.552884
0.399379
0.305887
0.57706
0.527446
0.464347
0.417109
0.556403
0.405179
0.606739
0.414659
0.612926
0.451087
0.416706
0.385926
0.339733
0.56162
0.541861
0.517061
0.512644
0.439287
0.410196
0.652108
0.479303
0.399606
0.431443
0.469175
0.631416
0.409107
0.568957
0.42186
0.473818
0.562259
0.483985
0.420783
0.525922
0.34609
0.553121
0.6054
0.502448
0.481942
0.451659
0.491789
0.556333
0.579705
0.496934
0.52723
0.375034
0.533963
0.485412
0.523697
0.562224
0.514216
0.476729
0.504193
0.482794
0.570754
0.230946
0.539818
0.485281
0.649225
0.558376
0.380816
0.439958
0.473481
0.673455
0.428337
0.553076
0.448379
0.546517
0.229457
0.660714
0.319828
0.524069
0.417854
0.3046
0.513897
0.555509
0.415705
0.494711
0.503349
0.551191
0.445454
0.429645
0.598866
0.544702
0.497473
0.648308
0.551546
0.395005
0.422876
0.510547
0.638399
0.508286
0.36918
0.447642
0.676537
0.463633
0.586758
0.596183
0.405029
0.682646
0.2804
0.453497
0.553885
0.594557
0.37447
0.504548
0.492884
0.631776
0.551306
0.516871
0.461898
0.175073
0.497459
0.441619
0.509439
0.59399
0.375229
0.568039
0.425413
0.55072
0.489534
0.640648
0.602847
0.420821
0.641594
0.560807
0.594803
0.61075
0.587979
0.567399
0.577063
0.311624
0.530498
0.447583
0.552661
0.424913
0.360838
0.603281
0.44621
0.545106
0.623116
0.539767
0.377342
0.715928
0.524205
0.709716
0.553846
0.631622
0.44015
0.411889
0.604243
0.387207
0.398814
0.593491
0.631999
0.557743
0.563444
0.436828
0.612455
0.48555
0.335666
0.534255
0.599081
0.367269
0.413903
0.59334
0.426093
0.563667
0.595961
0.501724
0.494987
0.420509
0.551796
0.466035
0.756377
0.417561
0.400997
0.38156
0.325919
0.496292
0.633506
0.461868
0.42221
0.408946
0.673226
0.445311
0.540679
0.448864
0.601751
0.596074
0.473765
0.443043
0.570088
0.641174
0.384419
0.304438
0.404265
0.554425
0.505266
0.457242
0.367744
0.448788
0.375015
0.479863
0.52892
0.517567
0.479893
0.38628
0.482262
0.432652
0.6215
0.528505
0.6112
0.437116
0.501469
0.604749
0.521312
0.445146
0.553161
0.666096
0.412943
0.582083
0.454269
0.407879
0.339879
0.471595
0.452168
0.601973
0.58922
0.528126
0.394048
0.476734
0.428966
0.676164
0.381775
0.498779
0.553182
0.541005
0.410079
0.584077
0.396741
0.598812
0.576406
0.506339
0.516689
0.309557
0.489731
0.432351
0.607048
0.669938
0.509104
0.56312
0.427498
0.412376
0.403804
0.575349
0.520657
0.55074
0.476082
0.53129
0.341749
0.556318
0.592604
0.660326
0.540122
0.573731
0.537305
0.429085
0.563472
0.503852
0.669403
0.537449
0.489557
0.449257
0.52627
0.546843
0.350788
0.510168
0.46971
0.618637
0.36613
0.520267
0.591357
0.580689
0.531459
0.519879
0.46143
0.328011
0.580532
0.488993
0.455349
0.490572
0.588417
0.627056
0.492778
0.571314
0.45915
0.605603
0.578938
0.386938
0.468837
0.581224
0.291464
0.361829
0.411154
0.600291
0.588251
0.373046
0.538341
0.425881
0.540446
0.475481
0.669138
0.356695
0.475644
0.417546
0.344834
0.484987
0.54222
0.567943
0.592483
0.36591
0.407245
0.604607
0.374487
0.566783
0.445357
0.471767
0.378026
0.566788
0.369926
0.606555
0.57531
0.433213
0.443724
0.601658
0.553109
0.369629
0.464622
0.346607
0.491775
0.587109
0.570506
0.531217
0.43156
0.476751
0.502119
0.466974
0.496858
0.458237
0.695924
0.464617
0.693613
0.454852
0.58166
0.590238
0.525903
0.623167
0.499205
0.41181
0.406234
0.380484
0.431936
0.359577
0.709616
0.472879
0.522111
0.586063
0.530828
0.371346
0.468241
0.466072
0.47152
0.545893
0.723053
0.577736
0.570713
0.432529
0.568803
0.518969
0.498141
0.57362
0.537519
0.618399
0.39127
0.588247
0.497501
0.387442
0.408159
0.638565
0.612272
0.434529
0.401114
0.43599
0.399417
0.640055
0.539752
0.524875
0.417499
0.400183
0.513109
0.551442
0.569882
0.330776
0.543313
0.444676
0.552797
0.633204
0.409518
0.588916
0.546887
0.628038
0.509683
0.652507
0.349617
0.439679
0.61606
0.463468
0.600964
0.356035
0.482028
0.414107
0.334484
0.396505
0.545085
0.367245
0.495848
0.515058
0.492447
0.374682
0.554064
0.572094
0.698579
0.564042
0.567452
0.47035
0.532371
0.475706
0.474819
0.720404
0.527163
0.522448
0.617915
0.64662
0.508772
0.498209
0.656762
0.543616
0.521716
0.48935
0.445689
0.638003
0.456181
0.564413
0.462501
0.403968
0.369739
0.571998
0.531855
0.440908
0.467489
0.508482
0.399512
0.475385
0.539017
0.48822
0.57708
0.439869
0.474441
0.531056
0.505267
0.560713
0.556637
0.460783
0.432846
0.324137
0.451748
0.381153
0.571596
0.460521
0.531855
0.473314
0.394787
0.385451
0.436673
0.462924
0.566351
0.564586
0.426814
0.471594
0.42521
0.545044
0.648932
0.34365
0.547181
0.447337
0.509538
0.48544
0.346083
0.480617
0.463722
0.443275
0.57393
0.483689
0.52914
0.262806
0.292982
0.471664
0.43365
0.614689
0.512903
0.461852
0.433607
0.549135
0.544737
0.254187
0.473301
0.577867
0.687947
0.654866
0.406041
0.511389
0.542699
0.373501
0.513178
0.549872
0.570025
0.622742
0.52566
0.497629
0.487799
0.446476
0.497672
0.516666
0.608686
0.552294
0.465365
0.539357
0.352778
0.492228
0.544732
0.421526
0.59552
0.401843
0.518115
0.545318
0.471168
0.762925
0.502847
0.498841
0.411464
0.603186
0.699865
0.401794
0.563865
0.504029
0.433933
0.360889
0.446468
0.383339
0.507247
0.485875
0.538308
0.495947
0.518675
0.349178
0.391826
0.60374
0.313658
0.414581
0.444522
0.476731
0.323859
0.490779
0.492137
0.474754
0.467914
0.294114
0.596505
0.518112
0.689188
0.45403
0.505608
0.488458
0.415044
0.399935
0.666633
0.42482
0.584038
0.676863
0.358128
0.522877
0.489319
0.509748
0.535014
0.549789
0.652595
0.444938
0.388252
0.505957
0.535055
0.627908
0.524898
0.365497
0.508774
0.525656
0.766956
0.487747
0.491187
0.481148
0.579499
0.504383
0.560282
0.618039
0.537746
0.554405
0.631116
0.531945
0.5348
0.478874
0.534173
0.357372
0.45943
0.627808
0.579749
0.447243
0.317115
0.514283
0.544201
0.517395
0.445552
0.429689
0.535184
0.476654
0.643411
0.575448
0.483241
0.58176
0.381239
0.349388
0.502887
0.535679
0.426628
0.640643
0.44203
0.410357
0.45992
0.439469
0.505749
0.355882
0.68741
0.473981
0.548441
0.50503
0.519079
0.573593
0.663825
0.455357
0.347937
0.470132
0.489464
0.583099
0.465943
0.53621
0.443059
0.499251
0.632702
0.492896
0.621065
0.596023
0.470725
0.573772
0.452745
0.561488
0.525371
0.501767
0.489019
0.384442
0.466732
0.322346
0.426964
0.465263
0.529996
0.658332
0.476822
0.439725
0.433415
0.536648
0.655689
0.471279
0.55915
0.426967
0.464734
0.746094
0.550099
0.380676
0.636731
0.599097
0.420727
0.431971
0.626985
0.60626
0.694915
0.400274
0.600144
0.508381
0.499363
0.605931
0.412126
0.407433
0.825103
0.48314
0.512227
0.433235
0.427698
0.661759
0.444506
0.463491
0.511646
0.521902
0.496656
0.554217
0.51686
0.643496
0.452791
0.57295
0.512849
0.631085
0.515825
0.509033
0.664812
0.358666
0.474443
0.461347
0.558248
0.628925
0.435877
0.484326
0.385418
0.367566
0.403012
0.530491
0.575911
0.380148
0.654425
0.497362
0.500266
0.602586
0.438097
0.616001
0.432951
0.505988
0.500401
0.567839
0.509565
0.713269
0.365766
0.658408
0.370748
0.502883
0.520951
0.396448
0.407593
0.380513
0.540225
0.522032
0.403137
0.471414
0.650769
0.508211
0.532431
0.615937
0.55548
0.649755
0.607501
0.642263
0.414711
0.485038
0.43892
0.660123
0.488696
0.420685
0.575457
0.496057
0.345026
0.603348
0.358001
0.516067
0.564943
0.381652
0.501527
0.609172
0.399986
0.409006
0.354815
0.501876
0.435984
0.452362
0.574889
0.717712
0.451185
0.603229
0.422156
0.379348
0.583715
0.457933
0.501069
0.477013
0.562227
0.379534
0.645103
0.312772
0.451854
0.52147
0.517098
0.504213
0.612002
0.543178
0.546855
0.534922
0.477436
0.553216
0.475413
0.626565
0.421234
0.560996
0.575022
0.544879
0.43663
0.501739
0.358494
0.518325
0.421405
0.630885
0.411857
0.434968
0.437394
0.386512
0.547926
0.39421
0.660696
0.526654
0.491098
0.541764
0.584408
0.510154
0.608339
0.637581
0.371982
0.565314
0.578348
0.438757
0.509734
0.552501
0.558335
0.476649
0.533458
0.460313
0.52111
0.43595
0.7056
0.577603
0.587296
0.582168
0.532877
0.565629
0.598834
0.72429
0.413676
0.538597
0.738633
0.44524
0.6019
0.482034
0.502523
0.500519
0.518181
0.544393
0.416786
0.603994
0.417491
0.488239
0.547706
0.530653
0.35813
0.655929
0.386986
0.523082
0.372793
0.476059
0.473762
0.557996
0.517002
0.608732
0.523531
0.490068
0.600346
0.410119
0.506822
0.534206
0.566063
0.412369
0.424008
0.477965
0.586023
0.599048
0.562702
0.549629
0.530568
0.456324
0.643661
0.433305
0.542496
0.456504
0.640497
0.461739
0.416018
0.555715
0.315783
0.584314
0.31653
0.54677
0.506753
0.468199
0.574631
0.599182
0.410748
0.52389
0.584858
0.5511
0.494273
0.643712
0.410136
0.515177
0.648016
0.607256
0.448873
0.457357
0.638908
0.557474
0.31199
0.551806
0.51216
0.514325
0.568839
0.666926
0.551841
0.410711
0.57807
0.369267
0.43568
0.361929
0.483769
0.629269
0.674135
0.481442
0.527866
0.372832
0.398097
0.411283
0.443633
0.355916
0.484499
0.536239
0.526168
0.468244
0.55253
0.601154
0.435982
0.332067
0.530486
0.56645
0.330226
0.500288
0.627681
0.44739
0.51956
0.635409
0.327504
0.428973
0.641285
0.639211
0.364873
0.384616
0.38296
0.488144
0.519295
0.419354
0.584436
0.508574
0.436497
0.386065
0.526826
0.609643
0.617709
0.477606
0.358615
0.502012
0.553961
0.482647
0.52357
0.303523
0.538847
0.624836
0.391616
0.515303
0.509928
0.612546
0.539081
0.404389
0.426858
0.451402
0.602912
0.324041
0.511372
0.267766
0.506312
0.425851
0.405886
0.524983
0.620065
0.566112
0.346683
0.564216
0.621146
0.492845
0.524901
0.359596
0.612471
0.442095
0.591777
0.54708
0.686401
0.507721
0.559339
0.484275
0.599147
0.625585
0.39689
0.453365
0.560278
0.390909
0.607722
0.472742
0.655252
0.47939
0.607446
0.388687
0.371071
0.453438
0.470634
0.743094
0.684991
0.602397
0.459114
0.535507
0.540367
0.499964
0.423642
0.509165
0.446513
0.485871
0.448882
0.495188
0.612497
0.527353
0.394987
0.662886
0.407405
0.536814
0.420697
0.576381
0.418416
0.575308
0.433076
0.689618
0.577333
0.529934
0.615949
0.477453
0.607686
0.401904
0.698024
0.566095
0.407356
0.478678
0.525772
0.370753
0.362699
0.298323
0.435721
0.563271
0.563406
0.769694
0.343879
0.48175
0.36474
0.523467
0.592123
0.474001
0.474408
0.483983
0.35535
0.366156
0.511964
0.63055
0.399649
0.608179
0.323459
0.531914
0.50852
0.523371
0.494839
0.274169
0.616852
0.44558
0.59348
0.358189
0.603828
0.544684
0.515047
0.52776
0.526674
0.509322
0.596698
0.426729
0.495209
0.479875
0.48934
0.507758
0.59787
0.420521
0.510311
0.374389
0.436323
0.515966
0.510292
0.692167
0.388382
0.517367
0.408634
0.326285
0.41565
0.597077
0.541356
0.537683
0.418665
0.569506
0.425
0.594449
0.51118
0.574451
0.604133
0.540893
0.667183
0.391263
0.494676
0.435416
0.557155
0.660907
0.571186
0.555486
0.53952
0.454905
0.42299
0.621257
0.452045
0.274117
0.408229
0.268829
0.536769
0.427803
0.490862
0.482491
0.548639
0.488257
0.61499
0.45765
0.498062
0.604986
0.35289
0.510196
0.553875
0.373748
0.594505
0.383995
0.616355
0.581273
0.501105
0.658553
0.427735
0.489958
0.336061
0.659012
0.425778
0.40478
0.460491
0.467977
0.707253
0.405882
0.427508
0.593542
0.43307
0.676309
0.450324
0.532866
0.39341
0.458989
0.418083
0.470881
0.614879
0.506718
0.488357
0.566941
0.825397
0.622568
0.43341
0.518509
0.426875
0.517099
0.432843
0.573014
0.428455
0.537064
0.499747
0.421967
0.469877
0.564175
0.55037
0.502975
0.558221
0.671062
0.565079
0.51547
0.532398
0.596045
0.365426
0.497655
0.476216
0.612712
0.510096
0.500272
0.378249
0.591029
0.490604
0.725149
0.477838
0.452572
0.62255
0.483182
0.572029
0.50501
0.454325
0.690079
0.555954
0.60397
0.563987
0.494039
0.334579
0.350381
0.435894
0.465208
0.619868
0.317182
0.588303
0.532379
0.394687
0.552282
0.485722
0.500667
0.601205
0.378827
0.477021
0.409908
0.452531
0.675546
0.451481
0.495045
0.464936
0.448095
0.536707
0.496818
0.494605
0.588373
0.448927
0.566404
0.505505
0.566534
0.359343
0.546389
0.599044
0.526439
0.50912
0.540277
0.344731
0.588296
0.677011
0.363711
0.444526
0.643785
0.601719
0.575547
0.559874
0.412909
0.547665
0.600787
0.385119
0.484499
0.476997
0.478045
0.556994
0.662773
0.58925
0.501669
0.477673
0.581858
0.387202
0.405598
0.56641
0.53276
0.434906
0.487692
0.547571
0.389248
0.640858
0.447175
0.473826
0.54943
0.412451
0.464277
0.452877
0.569837
0.411546
0.362676
0.412391
0.812555
0.556807
0.547175
0.556125
0.419641
0.465715
0.398811
0.427672
0.551789
0.544509
0.547437
0.637233
0.47127
0.391994
0.450444
0.589251
0.516458
0.694903
0.4208
0.580224
0.623301
0.507495
0.515654
0.659375
0.426644
0.413101
0.478582
0.540662
0.462877
0.384508
0.596695
0.440793
0.548857
0.455235
0.473584
0.449936
0.596795
0.384024
0.527931
0.512655
0.619753
0.37703
0.615914
0.536745
0.478999
0.600425
0.465731
0.425036
0.326522
0.482161
0.540034
0.545323
0.520045
0.514705
0.454216
0.459409
0.562723
0.517357
0.535767
0.504225
0.486767
0.521508
0.484657
0.574057
0.713491
0.566654
0.372373
0.548649
0.548029
0.338279
0.695228
0.44019
0.484201
0.477703
0.386236
0.423525
0.495103
0.322755
0.511718
0.636202
0.471841
0.508458
0.569098
0.493814
0.362868
0.418029
0.408734
0.40425
0.488488
0.513101
0.585185
0.462676
0.400685
0.312349
0.574798
0.485052
0.38144
0.391471
0.461976
0.447373
0.489452
0.443821
0.693684
0.433512
0.354721
0.506764
0.540771
0.487026
0.574007
0.498123
0.508218
0.479504
0.381828
0.631743
0.43962
0.455519
0.577706
0.540332
0.411693
0.434863
0.509732
0.514144
0.672595
0.527099
0.48864
0.489908
0.515938
0.559359
0.489337
0.557451
0.485756
0.391417
0.354638
0.49087
0.574004
0.485126
0.427708
0.693672
0.511622
0.338987
0.696839
0.547155
0.589314
0.560774
0.64258
0.380233
0.710316
0.537249
0.649282
0.586131
0.522059
0.413089
0.709791
0.383534
0.35698
0.391645
0.554613
0.481184
0.507506
0.335972
0.429438
0.517255
0.551478
0.635347
0.293673
0.407294
0.32979
0.402981
0.396732
0.483867
0.467768
0.415463
0.599378
0.621456
0.548692
0.561561
0.448659
0.423384
0.626779
0.442804
0.402965
0.552805
0.455773
0.403746
0.367724
0.403755
0.468002
0.546495
0.383328
0.455227
0.440186
0.619869
0.459212
0.492847
0.51142
0.623916
0.43783
0.518252
0.573351
0.52851
0.578546
0.532391
0.442817
0.400719
0.565637
0.549969
0.275606
0.537635
0.270498
0.489741
0.521898
0.414843
0.452254
0.638675
0.406868
0.328608
0.492134
0.593785
0.504062
0.412696
0.366636
0.667933
0.527199
0.466461
0.726565
0.466782
0.483089
0.394872
0.629863
0.302714
0.402129
0.526545
0.454711
0.444394
0.403392
0.373014
0.587063
0.582214
0.581464
0.389379
0.437436
0.631655
0.556894
0.498628
0.411891
0.447956
0.559212
0.592265
0.2706
0.473042
0.471007
0.39888
0.395539
0.403722
0.526192
0.537918
0.410683
0.520356
0.310586
0.603644
0.519933
0.546852
0.355761
0.547112
0.428842
0.462515
0.35814
0.472249
0.487372
0.428398
0.517039
0.604046
0.436373
0.536881
0.302986
0.527641
0.476592
0.392595
0.388879
0.379846
0.534745
0.472196
0.461443
0.779849
0.517829
0.514087
0.651772
0.43136
0.478501
0.318653
0.466573
0.569896
0.427155
0.294312
0.463754
0.359097
0.49949
0.301128
0.407366
0.389492
0.512997
0.496406
0.680305
0.369896
0.526052
0.387053
0.463682
0.431085
0.565414
0.790971
0.557136
0.626628
0.640922
0.490861
0.474686
0.497039
0.461352
0.453018
0.478649
0.478939
0.556797
0.542442
0.594883
0.545961
0.566771
0.593353
0.383793
0.555786
0.34864
0.427478
0.433289
0.378384
0.489171
0.425658
0.414903
0.562207
0.466968
0.663026
0.537694
0.363251
0.531734
0.46348
0.394068
0.459512
0.566529
0.40216
0.477334
0.38086
0.622904
0.609304
0.335415
0.419781
0.519916
0.466969
0.593741
0.407148
0.542947
0.44087
0.530671
0.432285
0.445838
0.489677
0.430931
0.388409
0.541631
0.517854
0.599225
0.60116
0.4669
0.497101
0.422479
0.454763
0.638862
0.624989
0.372818
0.410381
0.421947
0.504165
0.304457
0.594912
0.622742
0.635704
0.488938
0.443812
0.493111
0.487615
0.539624
0.563926
0.407196
0.523285
0.395848
0.634811
0.567939
0.491585
0.379622
0.42005
0.583944
0.364578
0.426123
0.3816
0.442067
0.472119
0.558399
0.585699
0.601278
0.374168
0.474453
0.401327
0.578102
0.418214
0.501427
0.502068
0.624734
0.475001
0.419392
0.407455
0.471511
0.492426
0.651731
0.495981
0.682428
0.354318
0.557626
0.381857
0.434489
0.614565
0.555132
0.501815
0.470464
0.47179
0.473254
0.674673
0.393911
0.367437
0.513517
0.380584
0.591488
0.579695
0.543464
0.501756
0.409657
0.434098
0.406356
0.352444
0.422116
0.382925
0.385903
0.421206
0.354722
0.481527
0.597092
0.408146
0.45262
0.509625
0.581957
0.657237
0.558719
0.686105
0.582436
0.489137
0.514911
0.381189
0.364033
0.501334
0.601503
0.551769
0.609011
0.525264
0.512514
0.563337
0.633874
0.657368
0.553821
0.602132
0.673174
0.493235
0.58889
0.547951
0.482825
0.509077
0.49704
0.533404
0.53629
0.508214
0.718115
0.458324
0.613877
0.575001
0.514177
0.395329
0.529093
0.58515
0.574574
0.588448
0.519226
0.477735
0.529578
0.522911
0.48521
0.505648
0.536002
0.479909
0.545992
0.491012
0.58479
0.47209
0.435322
0.500428
0.39684
0.507976
0.486639
0.339924
0.573301
0.618063
0.40982
0.406617
0.516545
0.491384
0.559557
0.416229
0.716975
0.555367
0.539254
0.483342
0.40014
0.558326
0.39916
0.532485
0.452188
0.494339
0.408264
0.668328
0.405957
0.494101
0.453773
0.575414
0.603813
0.479024
0.410072
0.532392
0.498171
0.463869
0.393476
0.430644
0.460348
0.357067
0.565057
0.437981
0.409379
0.446893
0.558985
0.537693
0.523666
0.712613
0.6083
0.432081
0.551148
0.436656
0.636559
0.495787
0.69199
0.428678
0.61743
0.503077
0.508105
0.554187
0.322815
0.577782
0.444874
0.47595
0.543478
0.405344
0.573777
0.589896
0.547269
0.621246
0.534125
0.530439
0.52387
0.404566
0.334094
0.532204
0.649274
0.452408
0.644747
0.602851
0.598099
0.521014
0.377071
0.55921
0.660006
0.460446
0.475147
0.618048
0.512991
0.647216
0.604875
0.562604
0.418977
0.576286
0.49601
0.51342
0.49594
0.490684
0.447132
0.541017
0.458524
0.521804
0.482399
0.530453
0.590841
0.541568
0.521977
0.642954
0.418589
0.482038
0.473782
0.454257
0.392887
0.389348
0.464016
0.457432
0.608033
0.514756
0.501865
0.511289
0.284792
0.411861
0.436015
0.543409
0.50762
0.548413
0.736252
0.665958
0.468409
0.634209
0.56381
0.457062
0.613724
0.331275
0.533104
0.562289
0.40212
0.504301
0.381544
0.478954
0.650705
0.681198
0.432154
0.537282
0.595781
0.455997
0.547054
0.361054
0.633828
0.547263
0.332549
0.488056
0.681409
0.530042
0.484822
0.50661
0.443478
0.431194
0.58818
0.605374
0.469201
0.397207
0.33662
0.463786
0.375349
0.628199
0.598308
0.391569
0.414903
0.47726
0.447589
0.55696
0.560187
0.633614
0.429441
0.561397
0.46591
0.37161
0.488178
0.497578
0.500577
0.523398
0.489581
0.37979
0.519934
0.426699
0.510005
0.609374
0.45115
0.453311
0.28612
0.32096
0.421449
0.319416
0.556379
0.470784
0.672529
0.533276
0.433814
0.538764
0.437537
0.505048
0.395857
0.420318
0.618198
0.420169
0.53942
0.518727
0.596175
0.392473
0.519876
0.488646
0.467421
0.433987
0.374735
0.537566
0.536397
0.61055
0.543169
0.514104
0.396217
0.539076
0.559953
0.386551
0.411168
0.503863
0.568301
0.466299
0.482315
0.443807
0.614373
0.420483
0.50024
0.545187
0.523341
0.545478
0.468923
0.658817
0.591685
0.674552
0.531633
0.476284
0.45434
0.543272
0.566047
0.51564
0.502203
0.546812
0.576798
0.487841
0.551928
0.643398
0.546986
0.584286
0.434555
0.474466
0.575956
0.42358
0.514012
0.508893
0.501581
0.540025
0.524532
0.537626
0.466464
0.442798
0.594207
0.445393
0.336634
0.616378
0.578909
0.404684
0.628504
0.599806
0.458292
0.447953
0.467896
0.44301
0.447255
0.588909
0.42878
0.597961
0.468636
0.431878
0.42686
0.50395
0.44486
0.416324
0.534317
0.450193
0.439194
0.516
0.409547
0.663286
0.465104
0.410421
0.384864
0.427163
0.55134
0.569784
0.323362
0.492204
0.57971
0.479724
0.453808
0.398393
0.493441
0.553661
0.542006
0.392928
0.510519
0.449663
0.493912
0.570939
0.584751
0.4749
0.457328
0.551895
0.666547
0.410735
0.255599
0.404382
0.366851
0.649344
0.52093
0.466149
0.575261
0.660336
0.581902
0.430151
0.393518
0.602284
0.597209
0.573717
0.397157
0.396182
0.625619
0.527389
0.42256
0.459704
0.503465
0.580415
0.497892
0.674648
0.40061
0.506815
0.510821
0.57413
0.591585
0.412248
0.462358
0.477865
0.670576
0.628226
0.736202
0.497249
0.329716
0.634319
0.570256
0.538858
0.49508
0.526532
0.518208
0.454457
0.471274
0.663835
0.412897
0.554488
0.393955
0.445407
0.481189
0.49446
0.352508
0.466567
0.51607
0.371428
0.357671
0.476883
0.402088
0.480003
0.538776
0.462787
0.34403
0.560876
0.522635
0.479412
0.407192
0.553802
0.543563
0.680472
0.394766
0.503156
0.346787
0.496158
0.429991
0.356693
0.373212
0.480254
0.656901
0.583866
0.46228
0.619481
0.314967
0.592993
0.50422
0.538315
0.483702
0.55866
0.548444
0.446813
0.449733
0.731055
0.47886
0.510169
0.649864
0.474242
0.459603
0.447324
0.430641
0.594915
0.40882
0.609956
0.491862
0.438612
0.558776
0.608015
0.414609
0.445972
0.505415
0.526621
0.492846
0.414088
0.449645
0.55209
0.382586
0.371539
0.308878
0.460065
0.458179
0.562058
0.665617
0.721648
0.537728
0.390125
0.46811
0.497042
0.437911
0.398939
0.566191
0.49101
0.284007
0.45124
0.426181
0.558358
0.387604
0.328235
0.407273
0.426166
0.378636
0.650515
0.495812
0.435576
0.319111
0.4941
0.493441
0.330059
0.524367
0.498868
0.362914
0.397201
0.578036
0.457242
0.38663
0.512667
0.565326
0.37744
0.535224
0.581015
0.494786
0.42451
0.537067
0.49902
0.572776
0.477972
0.45696
0.40096
0.59126
0.46894
0.318696
0.437548
0.454781
0.371294
0.539308
0.383665
0.485406
0.557528
0.592783
0.495338
0.396466
0.464522
0.510495
0.511479
0.520987
0.559462
0.389722
0.526138
0.435168
0.500569
0.568074
0.585521
0.460106
0.638008
0.590548
0.471117
0.497481
0.621528
0.419986
0.634054
0.611153
0.534709
0.406015
0.501662
0.572804
0.560433
0.529833
0.478136
0.525021
0.435053
0.492524
0.537653
0.670704
0.543925
0.635743
0.428281
0.377579
0.460194
0.510586
0.473934
0.507023
0.481257
0.39107
0.42254
0.566554
0.559807
0.522927
0.621869
0.586345
0.48309
0.479129
0.628149
0.386127
0.386628
0.445725
0.322128
0.49607
0.596472
0.583026
0.415604
0.602704
0.413668
0.507883
0.50903
0.600021
0.360376
0.345567
0.475757
0.440478
0.310608
0.639668
0.50603
0.517144
0.479125
0.433155
0.487207
0.495568
0.526298
0.403418
0.506112
0.393543
0.579034
0.521454
0.553035
0.532647
0.329791
0.595449
0.440117
0.523717
0.556512
0.549539
0.412594
0.47816
0.5428
0.489708
0.460199
0.349551
0.443903
0.443128
0.695829
0.709375
0.45192
0.460079
0.56487
0.663255
0.512258
0.486424
0.424291
0.448653
0.719447
0.609721
0.666287
0.563098
0.498229
0.425989
0.37474
0.407511
0.517089
0.552169
0.349659
0.458458
0.485233
0.31897
0.607957
0.385179
0.487318
0.630356
0.498867
0.693334
0.587009
0.491922
0.627083
0.511516
0.492609
0.526131
0.461616
0.655161
0.474656
0.555366
0.466547
0.434319
0.543244
0.504228
0.601658
0.558395
0.356212
0.423127
0.524347
0.486204
0.699865
0.451073
0.534828
0.34
0.560789
0.514415
0.437162
0.726386
0.627409
0.510206
0.569874
0.576637
0.397277
0.370496
0.559525
0.437863
0.532518
0.48251
0.574266
0.530985
0.650568
0.496731
0.344952
0.270649
0.547011
0.550837
0.559395
0.557323
0.446236
0.444652
0.538694
0.65686
0.425453
0.405037
0.628794
0.444096
0.357575
0.677653
0.578464
0.483614
0.40533
0.384787
0.657215
0.343912
0.446862
0.417782
0.461219
0.494873
0.433822
0.524058
0.467649
0.339027
0.425696
0.550025
0.570799
0.503482
0.495599
0.472403
0.347545
0.513044
0.487198
0.564384
0.37295
0.42986
0.481581
0.484726
0.394762
0.347213
0.70587
0.244947
0.570947
0.343912
0.519038
0.612545
0.607945
0.432377
0.518852
0.669059
0.476799
0.371906
0.538876
0.396194
0.535296
0.485248
0.495278
0.458629
0.489689
0.440228
0.586446
0.548803
0.369864
0.38038
0.568435
0.629461
0.485058
0.563053
0.387663
0.639321
0.528775
0.556834
0.34836
0.513479
0.504436
0.441164
0.562692
0.523218
0.577953
0.431215
0.650504
0.682545
0.49785
0.52426
0.434938
0.33595
0.463184
0.546382
0.469042
0.581539
0.507374
0.499309
0.413525
0.455642
0.582537
0.507833
0.491402
0.482229
0.392064
0.502598
0.532949
0.557874
0.484401
0.40738
0.693525
0.298402
0.481295
0.513343
0.414031
0.526852
0.599614
0.406408
0.473357
0.456599
0.505176
0.471824
0.565764
0.453639
0.515359
0.548672
0.573039
0.695736
0.387494
0.475219
0.578154
0.443563
0.57276
0.495229
0.508221
0.572775
0.49831
0.539436
0.661568
0.471282
0.519286
0.421755
0.465912
0.480526
0.650091
0.375388
0.468624
0.56343
0.571314
0.491188
0.550221
0.537569
0.382928
0.613362
0.490079
0.555145
0.341425
0.51223
0.648348
0.489181
0.421178
0.519217
0.546688
0.658203
0.659211
0.616976
0.557104
0.462069
0.595512
0.581381
0.404431
0.49489
0.563588
0.538523
0.453276
0.544616
0.511136
0.607703
0.621005
0.593132
0.468854
0.542117
0.609038
0.418246
0.504621
0.656421
0.486928
0.504833
0.505923
0.461019
0.346657
0.34443
0.368525
0.635633
0.355088
0.500759
0.414384
0.510965
0.494657
0.415745
0.634702
0.540845
0.558018
0.511723
0.410286
0.604703
0.450603
0.408328
0.393904
0.460284
0.392668
0.427221
0.578727
0.460791
0.573618
0.626954
0.391015
0.362863
0.50789
0.529097
0.639567
0.598469
0.522719
0.512878
0.37196
0.493816
0.660353
0.429185
0.408805
0.333081
0.425048
0.588496
0.47006
0.53818
0.310037
0.496332
0.327363
0.434192
0.600998
0.441764
0.406325
0.572469
0.406951
0.599549
0.453264
0.481172
0.491253
0.50726
0.539879
0.610022
0.676185
0.560517
0.51237
0.748708
0.623685
0.579629
0.541457
0.455689
0.538846
0.600015
0.577119
0.577348
0.526064
0.5991
0.374604
0.420647
0.411956
0.379276
0.491862
0.531815
0.533457
0.577653
0.355949
0.408315
0.410786
0.478691
0.487666
0.522535
0.457204
0.288316
0.527626
0.567484
0.532634
0.622658
0.528638
0.563425
0.475307
0.318986
0.611652
0.518942
0.531475
0.450807
0.606057
0.461692
0.372032
0.396069
0.627768
0.497011
0.598415
0.552226
0.645817
0.582996
0.497508
0.712153
0.542989
0.407598
0.443326
0.620707
0.518902
0.408054
0.636063
0.345815
0.382823
0.489499
0.528515
0.455474
0.543839
0.494354
0.46502
0.440572
0.470818
0.375846
0.335764
0.623216
0.444273
0.279334
0.553619
0.413924
0.374848
0.587762
0.65351
0.613685
0.374065
0.509054
0.494733
0.396287
0.52524
0.452442
0.65145
0.562521
0.446488
0.649005
0.479992
0.353579
0.231575
0.52301
0.465282
0.481359
0.503347
0.531382
0.5219
0.526072
0.561717
0.487687
0.644793
0.426689
0.534056
0.415809
0.494506
0.420094
0.458326
0.59096
0.42395
0.455349
0.503926
0.688132
0.507158
0.417995
0.554868
0.649566
0.452141
0.355935
0.475136
0.494591
0.643831
0.625774
0.514792
0.631308
0.381158
0.411805
0.503066
0.406291
0.593492
0.456602
0.654335
0.474836
0.33301
0.442788
0.464921
0.731604
0.464942
0.45244
0.42107
0.463701
0.479093
0.48908
0.426761
0.441739
0.522526
0.474816
0.487079
0.42816
0.441737
0.542256
0.479282
0.6474
0.29709
0.449746
0.577318
0.533321
0.484612
0.394694
0.471923
0.462111
0.319519
0.5307
0.590485
0.52243
0.388926
0.570134
0.549076
0.510428
0.392164
0.647407
0.481405
0.519218
0.417853
0.614509
0.541403
0.486924
0.556435
0.437192
0.56066
0.45339
0.352062
0.467563
0.489485
0.444483
0.632809
0.509479
0.428943
0.358514
0.534702
0.402213
0.476236
0.48811
0.402461
0.472947
0.400283
0.501694
0.394677
0.609982
0.618753
0.573101
0.667698
0.558793
0.580059
0.439595
0.52249
0.427264
0.519468
0.354075
0.471359
0.502403
0.550397
0.455521
0.453426
0.338584
0.500707
0.504058
0.573296
0.399687
0.677293
0.417426
0.4683
0.459396
0.545962
0.420404
0.375012
0.433207
0.590506
0.506871
0.352466
0.592412
0.545429
0.35707
0.551536
0.567153
0.498993
0.504113
0.559259
0.567825
0.392536
0.570344
0.392546
0.539116
0.491365
0.574667
0.404502
0.419208
0.502461
0.537838
0.472738
0.530524
0.432586
0.587826
0.574183
0.213284
0.622818
0.508189
0.56441
0.276499
0.404821
0.607791
0.557878
0.343154
0.580912
0.661554
0.273183
0.579824
0.552093
0.333223
0.325956
0.410995
0.461205
0.508688
0.520777
0.522573
0.575099
0.621171
0.449085
0.567618
0.530841
0.52899
0.51669
0.522919
0.684271
0.416493
0.514013
0.442721
0.430272
0.545604
0.353645
0.563487
0.555889
0.518057
0.52007
0.491036
0.520303
0.558308
0.329585
0.52157
0.447747
0.548138
0.546316
0.69601
0.526033
0.40255
0.342019
0.460391
0.517629
0.551601
0.459712
0.514051
0.542418
0.475705
0.618437
0.494541
0.449535
0.536627
0.490175
0.408766
0.565416
0.469219
0.539538
0.621599
0.529342
0.578862
0.428839
0.516048
0.586841
0.468015
0.479925
0.51586
0.52329
0.54605
0.511308
0.497262
0.640333
0.626151
0.533937
0.508994
0.599406
0.460379
0.528171
0.57918
0.510022
0.600411
0.51223
0.636384
0.393693
0.600879
0.660506
0.345732
0.512711
0.521139
0.587699
0.406772
0.559643
0.55842
0.568557
0.438047
0.638609
0.602304
0.437301
0.556767
0.55133
0.490983
0.567283
0.435653
0.484868
0.540416
0.369293
0.480672
0.377086
0.487034
0.502877
0.433122
0.64039
0.424597
0.343399
0.57998
0.322446
0.530008
0.499885
0.592853
0.479607
0.577743
0.384356
0.555815
0.47781
0.567039
0.678993
0.546072
0.397129
0.571389
0.657272
0.47149
0.517946
0.620253
0.651019
0.430571
0.664399
0.40452
0.516208
0.441257
0.467201
0.539071
0.373122
0.695077
0.513693
0.50927
0.355343
0.555235
0.446018
0.577163
0.50871
0.466575
0.354036
0.444047
0.385062
0.52941
0.531026
0.487803
0.462998
0.368294
0.297822
0.457337
0.523289
0.573508
0.472758
0.566569
0.471622
0.592495
0.426123
0.453063
0.335313
0.498432
0.401702
0.53048
0.400208
0.473579
0.644938
0.561032
0.473386
0.538891
0.515165
0.507794
0.568244
0.473467
0.383788
0.413683
0.460277
0.445724
0.574113
0.522885
0.441073
0.582586
0.462349
0.452961
0.528988
0.306348
0.550882
0.495752
0.439313
0.656223
0.49998
0.538863
0.473761
0.480658
0.455373
0.635857
0.395447
0.447387
0.667244
0.403785
0.485521
0.593613
0.529064
0.595177
0.442833
0.563764
0.677746
0.494514
0.437823
0.504653
0.432889
0.555492
0.452811
0.567718
0.492826
0.566335
0.457369
0.377991
0.566745
0.460078
0.541089
0.554719
0.460833
0.541387
0.456124
0.606734
0.445123
0.460155
0.545039
0.486989
0.436993
0.416059
0.520019
0.497702
0.41507
0.531579
0.529007
0.625533
0.429019
0.499869
0.542215
0.402693
0.539398
0.52742
0.505208
0.495179
0.687908
0.490935
0.456846
0.585892
0.579788
0.567246
0.563256
0.433598
0.412529
0.540792
0.472161
0.645977
0.601156
0.524064
0.481826
0.716738
0.460857
0.533968
0.519916
0.565431
0.580355
0.455035
0.451449
0.619461
0.359924
0.405401
0.530866
0.438432
0.439014
0.532249
0.467858
0.461625
0.480758
0.441407
0.414169
0.532632
0.332041
0.46498
0.560835
0.506223
0.593827
0.557598
0.561463
0.469024
0.510012
0.565007
0.603918
0.51761
0.5447
0.419789
0.414376
0.558006
0.635415
0.591758
0.605841
0.554269
0.488867
0.371576
0.527171
0.508664
0.46942
0.524155
0.415014
0.46195
0.398884
0.354957
0.624225
0.532189
0.557566
0.44124
0.373851
0.649435
0.406213
0.357991
0.594967
0.489264
0.529481
0.55377
0.540199
0.470589
0.664351
0.496162
0.386928
0.485155
0.38946
0.514168
0.44859
0.502756
0.31908
0.531778
0.550462
0.59514
0.511462
0.442345
0.614533
0.602979
0.545853
0.358372
0.456714
0.606843
0.563784
0.640072
0.690491
0.539906
0.663574
0.524742
0.553355
0.594899
0.575398
0.426749
0.562701
0.540674
0.658261
0.445927
0.740581
0.497337
0.517672
0.514554
0.433421
0.658461
0.349249
0.546051
0.542837
0.541929
0.511882
0.251124
0.563688
0.357794
0.504877
0.500654
0.619698
0.574695
0.384672
0.393076
0.457135
0.431113
0.563763
0.393755
0.502319
0.471617
0.38031
0.533831
0.445862
0.601513
0.542023
0.377569
0.659807
0.468582
0.500341
0.594353
0.594847
0.532953
0.506
0.420453
0.592867
0.523416
0.577918
0.395584
0.471861
0.460674
0.464283
0.551293
0.620025
0.627817
0.605836
0.566502
0.63527
0.570947
0.382027
0.456239
0.264706
0.515901
0.424017
0.401889
0.572647
0.400664
0.444779
0.556305
0.469405
0.569953
0.533878
0.469055
0.478522
0.393746
0.498277
0.292046
0.556179
0.602916
0.343784
0.472914
0.690105
0.442676
0.664847
0.664158
0.520631
0.601032
0.561462
0.523968
0.405268
0.659933
0.386315
0.426511
0.589535
0.438961
0.335988
0.413914
0.487559
0.365477
0.567494
0.400783
0.390239
0.633628
0.413696
0.588743
0.618457
0.542843
0.593582
0.579503
0.372911
0.681922
0.509029
0.419342
0.487588
0.40782
0.569009
0.507008
0.594712
0.431306
0.603133
0.404805
0.417052
0.550088
0.374465
0.475412
0.417895
0.361288
0.469657
0.403762
0.496509
0.549601
0.463104
0.545412
0.49185
0.407619
0.588976
0.47424
0.461117
0.735895
0.516099
0.399348
0.38204
0.439968
0.348761
0.612697
0.474907
0.449918
0.451961
0.556642
0.376774
0.507777
0.440534
0.318029
0.687627
0.484397
0.633254
0.42936
0.545706
0.597835
0.448584
0.466531
0.413577
0.520123
0.63855
0.568319
0.541944
0.501102
0.5893
0.468902
0.436398
0.641994
0.366687
0.547809
0.432594
0.565127
0.395754
0.490596
0.574277
0.61002
0.514614
0.459658
0.510562
0.612402
0.654023
0.551933
0.645488
0.676914
0.519339
0.535018
0.38337
0.333823
0.584501
0.584561
0.554633
0.68532
0.478673
0.484924
0.652751
0.620385
0.523162
0.606014
0.375466
0.64409
0.464748
0.648312
0.591728
0.475125
0.59443
0.48426
0.336601
0.474479
0.518435
0.45885
0.493856
0.551236
0.579076
0.399307
0.521905
0.533492
0.562056
0.489598
0.612286
0.59117
0.367231
0.469064
0.477843
0.363049
0.491991
0.507147
0.624269
0.595491
0.448352
0.491832
0.575486
0.480027
0.511978
0.564583
0.449681
0.429088
0.526706
0.467951
0.405402
0.513657
0.342158
0.485222
0.620143
0.676323
0.462615
0.498285
0.589084
0.613135
0.488113
0.536778
0.538242
0.485549
0.426473
0.517369
0.371046
0.389752
0.578355
0.568237
0.484367
0.49737
0.514223
0.404235
0.311212
0.524211
0.47798
0.37939
0.62161
0.629906
0.409733
0.624038
0.527649
0.461235
0.460379
0.515629
0.517176
0.598229
0.491204
0.388811
0.545198
0.529972
0.468136
0.528254
0.241689
0.674068
0.465476
0.485803
0.386009
0.670092
0.518468
0.513223
0.525781
0.54574
0.675818
0.407008
0.493465
0.509898
0.607765
0.538901
0.546293
0.51723
0.465493
0.523679
0.511439
0.434171
0.544013
0.696046
0.582388
0.489188
0.29112
0.484739
0.4463
0.595866
0.585111
0.650911
0.624877
0.393575
0.566577
0.578189
0.519552
0.36721
0.585295
0.654997
0.539972
0.607543
0.279888
0.479751
0.474475
0.392112
0.35112
0.462666
0.48171
0.451087
0.462282
0.423143
0.330567
0.49326
0.482639
0.530458
0.515201
0.376873
0.600307
0.461546
0.585103
0.703636
0.524686
0.419621
0.455881
0.489588
0.46862
0.449973
0.541554
0.533609
0.577332
0.496016
0.547864
0.586036
0.422773
0.463408
0.500104
0.651181
0.413851
0.619233
0.497502
0.486127
0.628064
0.475743
0.275963
0.544341
0.42871
0.535377
0.446194
0.528802
0.512194
0.659683
0.616644
0.250911
0.287357
0.535664
0.509489
0.435854
0.516245
0.527974
0.669828
0.582664
0.373761
0.415632
0.427455
0.500502
0.480166
0.521427
0.508943
0.636905
0.430907
0.567381
0.464298
0.536488
0.5357
0.359399
0.554012
0.380109
0.463644
0.459982
0.463158
0.427357
0.591396
0.503542
0.530812
0.604609
0.422524
0.410782
0.504975
0.344524
0.681061
0.545765
0.491875
0.600754
0.511476
0.423045
0.638306
0.456586
0.408747
0.416541
0.578287
0.553347
0.361372
0.562979
0.439924
0.531288
0.660053
0.519831
0.431739
0.562568
0.485785
0.471889
0.434015
0.535437
0.361284
0.536049
0.671763
0.306039
0.484423
0.656844
0.440738
0.366966
0.65468
0.494664
0.633514
0.600025
0.583982
0.575884
0.542905
0.407258
0.319693
0.503176
0.516972
0.484242
0.505337
0.631471
0.352485
0.560748
0.406967
0.529368
0.42888
0.446099
0.420246
0.50854
0.326625
0.55273
0.46344
0.468887
0.604201
0.616628
0.409936
0.441149
0.425824
0.485189
0.613642
0.49037
0.374381
0.411767
0.662177
0.364409
0.5249
0.504398
0.724066
0.435483
0.60511
0.359046
0.542644
0.505992
0.380317
0.512931
0.514123
0.661389
0.456817
0.441155
0.450618
0.69422
0.325455
0.362613
0.488971
0.548339
0.426539
0.304273
0.51827
0.607347
0.508319
0.4939
0.556199
0.355209
0.510309
0.720429
0.636996
0.361339
0.504214
0.641013
0.450072
0.390995
0.480673
0.359593
0.593506
0.331095
0.428821
0.601111
0.523764
0.480386
0.504399
0.418587
0.372565
0.522699
0.44513
0.569677
0.581715
0.536757
0.430931
0.570319
0.332518
0.461986
0.600615
0.37319
0.410989
0.51601
0.662583
0.638248
0.483943
0.537312
0.549032
0.584066
0.532199
0.509907
0.572974
0.56739
0.601003
0.532118
0.604168
0.581768
0.527306
0.547651
0.470628
0.554586
0.469282
0.4055
0.64086
0.627877
0.413311
0.50966
0.510183
0.517163
0.62309
0.62669
0.601558
0.451833
0.517575
0.417608
0.334065
0.520512
0.34949
0.541958
0.584664
0.397945
0.572224
0.449989
0.383008
0.55153
0.535453
0.450165
0.583881
0.363204
0.181813
0.442592
0.444225
0.416256
0.408836
0.485787
0.615739
0.559305
0.430147
0.568449
0.511536
0.356479
0.473022
0.655948
0.515463
0.56122
0.378861
0.451967
0.412196
0.421442
0.559354
0.550605
0.49928
0.458547
0.372101
0.557112
0.610677
0.397232
0.420655
0.34272
0.58429
0.504788
0.498353
0.299669
0.430073
0.387811
0.563382
0.417884
0.524918
0.663589
0.572184
0.468755
0.437326
0.458073
0.465156
0.620545
0.268007
0.479912
0.485385
0.402934
0.618879
0.490698
0.448648
0.47661
0.546525
0.457988
0.538722
0.65141
0.528885
0.575007
0.382008
0.54988
0.424865
0.506822
0.502227
0.460959
0.42253
0.537395
0.550247
0.512417
0.376656
0.51792
0.363655
0.364409
0.592517
0.439359
0.491199
0.656605
0.519002
0.568827
0.411487
0.406615
0.607225
0.510519
0.313907
0.449308
0.445004
0.499945
0.560554
0.329057
0.60451
0.450448
0.516511
0.326214
0.589418
0.591035
0.465074
0.544345
0.42562
0.424527
0.594901
0.447081
0.430245
0.467698
0.475635
0.467035
0.579114
0.295461
0.382657
0.380268
0.472033
0.597037
0.58335
0.527371
0.705187
0.473476
0.586992
0.5576
0.374646
0.585612
0.556144
0.479681
0.666251
0.534643
0.384629
0.538255
0.684189
0.571703
0.308848
0.727327
0.5201
0.448177
0.415787
0.543028
0.59081
0.60781
0.460493
0.521268
0.437442
0.569942
0.563641
0.367981
0.480983
0.458205
0.518916
0.449451
0.50606
0.500857
0.530861
0.359146
0.46994
0.390291
0.494513
0.61939
0.51935
0.475219
0.524039
0.5276
0.392799
0.61739
0.481679
0.346463
0.477398
0.435456
0.531044
0.506887
0.500983
0.654526
0.558214
0.695604
0.434306
0.566158
0.425551
0.602428
0.353419
0.477638
0.539681
0.384239
0.40586
0.50168
0.457227
0.455204
0.610048
0.630603
0.487411
0.439433
0.507186
0.388002
0.585252
0.439654
0.428081
0.503317
0.605594
0.412431
0.42043
0.570943
0.487088
0.638406
0.629454
0.508027
0.474597
0.488867
0.498029
0.59923
0.52363
0.584076
0.550867
0.50997
0.554358
0.49313
0.387576
0.57232
0.566079
0.631078
0.605795
0.622324
0.553452
0.270481
0.519752
0.629311
0.489105
0.417988
0.380788
0.554355
0.396129
0.540719
0.431289
0.466629
0.609081
0.503716
0.456394
0.605551
0.631328
0.552301
0.600359
0.588652
0.295401
0.508345
0.585951
0.327463
0.314421
0.326031
0.552297
0.436775
0.307085
0.462199
0.583523
0.628849
0.55413
0.662534
0.448997
0.408871
0.406132
0.564322
0.565172
0.678642
0.553802
0.697936
0.505813
0.572485
0.673269
0.774224
0.555757
0.665168
0.387928
0.427295
0.385251
0.491516
0.500974
0.608407
0.516416
0.598943
0.341525
0.475489
0.597217
0.527543
0.46287
0.485829
0.46584
0.500276
0.501702
0.380453
0.491047
0.543356
0.557812
0.364137
0.561441
0.391829
0.427473
0.663754
0.555023
0.327666
0.501193
0.43113
0.474452
0.420183
0.535578
0.498722
0.444531
0.476367
0.285225
0.463612
0.436016
0.459353
0.526791
0.546441
0.440515
0.407136
0.354165
0.438392
0.449222
0.503118
0.538945
0.415118
0.495309
0.450549
0.539685
0.477911
0.45509
0.531946
0.449571
0.608468
0.553438
0.652323
0.475781
0.535569
0.308396
0.644156
0.462814
0.563914
0.540423
0.537676
0.461857
0.473532
0.362287
0.369932
0.50198
0.441587
0.3931
0.63021
0.566836
0.558425
0.578507
0.440645
0.390799
0.510211
0.760431
0.584136
0.466352
0.29798
0.573107
0.464895
0.443197
0.386185
0.434269
0.580058
0.479311
0.464374
0.375438
0.366552
0.493103
0.517255
0.474967
0.650948
0.619333
0.297635
0.521192
0.669025
0.482531
0.762395
0.577247
0.446328
0.500783
0.455156
0.518252
0.363839
0.387872
0.604621
0.577162
0.50912
0.638337
0.571019
0.417055
0.480569
0.401106
0.44364
0.731481
0.530989
0.453249
0.311473
0.585155
0.379018
0.494293
0.650397
0.406296
0.468443
0.448681
0.460584
0.428631
0.713509
0.382478
0.625727
0.492098
0.443338
0.640717
0.642715
0.520975
0.472986
0.461828
0.490477
0.518061
0.51786
0.430843
0.486158
0.593026
0.579596
0.436561
0.644632
0.368735
0.525449
0.579963
0.554901
0.605532
0.532282
0.45993
0.56811
0.511799
0.555536
0.493179
0.623159
0.468846
0.310855
0.501245
0.296085
0.426037
0.331388
0.548811
0.539956
0.492266
0.409885
0.512647
0.686808
0.574105
0.58674
0.504362
0.528714
0.538474
0.550705
0.406063
0.510089
0.495202
0.438307
0.586315
0.389446
0.52651
0.423674
0.562462
0.519751
0.498154
0.367688
0.519909
0.418804
0.66968
0.641799
0.482309
0.433495
0.415944
0.567555
0.479229
0.435913
0.352772
0.640685
0.447764
0.528819
0.43815
0.373451
0.337177
0.399552
0.44592
0.438721
0.603952
0.473757
0.468254
0.293915
0.46912
0.52491
0.62041
0.575279
0.37831
0.546355
0.458237
0.568055
0.313196
0.5558
0.574726
0.573658
0.343746
0.456999
0.453327
0.421107
0.514522
0.520882
0.497063
0.629351
0.393072
0.572806
0.435286
0.354915
0.579728
0.600071
0.483533
0.603181
0.628892
0.653508
0.483033
0.401676
0.442486
0.450006
0.499232
0.40271
0.484816
0.443357
0.474905
0.285708
0.489909
0.385067
0.412343
0.664253
0.480644
0.623787
0.637318
0.579385
0.523912
0.483122
0.649365
0.601744
0.575817
0.416682
0.400056
0.50582
0.430861
0.482813
0.512586
0.367582
0.522219
0.538287
0.448885
0.432246
0.507033
0.361872
0.568834
0.374507
0.529067
0.438939
0.471659
0.514491
0.436647
0.333579
0.761552
0.556469
0.439398
0.523948
0.574558
0.394312
0.543435
0.471183
0.416176
0.60034
0.479353
0.536137
0.300551
0.617785
0.435943
0.4677
0.301788
0.459243
0.478179
0.39067
0.61268
0.53435
0.640974
0.561211
0.479976
0.362164
0.568592
0.587995
0.510175
0.552499
0.468797
0.50342
0.514803
0.463434
0.263876
0.590842
0.325943
0.669527
0.477974
0.521867
0.635753
0.529561
0.569779
0.436419
0.509383
0.359153
0.506862
0.523892
0.63849
0.5398
0.426022
0.365053
0.629001
0.39223
0.313084
0.413063
0.576249
0.580773
0.583938
0.381729
0.534714
0.482174
0.611465
0.43645
0.437617
0.344325
0.513461
0.527105
0.300259
0.588144
0.525157
0.353796
0.62447
0.591741
0.494449
0.419745
0.521533
0.475402
0.563895
0.517277
0.536765
0.526329
0.583993
0.441467
0.477209
0.423717
0.317539
0.37319
0.438873
0.520306
0.363115
0.672876
0.463405
0.591042
0.602284
0.644607
0.425106
0.570799
0.452967
0.446273
0.594679
0.381136
0.421134
0.426628
0.520062
0.41371
0.45236
0.568326
0.519069
0.53019
0.599452
0.523574
0.542365
0.503081
0.585175
0.475015
0.425384
0.518929
0.530626
0.380098
0.528374
0.467506
0.457921
0.516541
0.626406
0.333057
0.616097
0.405831
0.45537
0.384046
0.514433
0.530031
0.682144
0.436342
0.508228
0.465876
0.621731
0.56401
0.536411
0.543031
0.382748
0.587015
0.563698
0.507077
0.43455
0.623858
0.575227
0.560936
0.541143
0.419587
0.489335
0.612674
0.523129
0.418419
0.612139
0.426676
0.450938
0.530585
0.411514
0.525606
0.339758
0.542476
0.530788
0.601096
0.345615
0.648105
0.724462
0.353369
0.427138
0.660726
0.54754
0.397666
0.350482
0.531507
0.472048
0.565007
0.524797
0.505001
0.581986
0.415295
0.549324
0.438966
0.391825
0.513457
0.454797
0.481539
0.461614
0.548169
0.493193
0.517
0.699348
0.564139
0.57002
0.460016
0.541396
0.511708
0.459203
0.507525
0.414963
0.483329
0.566264
0.569953
0.380732
0.608883
0.522688
0.434346
0.434535
0.437504
0.552381
0.50901
0.556944
0.471295
0.536557
0.522464
0.419756
0.577526
0.640614
0.471582
0.506195
0.444567
0.51712
0.51992
0.432915
0.529154
0.662317
0.435048
0.569468
0.447765
0.416167
0.433347
0.565231
0.584072
0.732145
0.494881
0.482909
0.521709
0.314512
0.654797
0.407059
0.483235
0.476827
0.518786
0.388606
0.591213
0.402703
0.448801
0.482509
0.40702
0.612571
0.493889
0.453564
0.501418
0.620081
0.48505
0.520226
0.434318
0.598123
0.469962
0.571358
0.748568
0.503798
0.443469
0.556298
0.305343
0.608486
0.355507
0.582685
0.510706
0.454918
0.384877
0.464502
0.320626
0.467245
0.602501
0.487718
0.493968
0.55917
0.471836
0.383273
0.531277
0.543459
0.519448
0.434929
0.445245
0.50539
0.440668
0.558036
0.623284
0.461988
0.581336
0.35773
0.5422
0.325166
0.467074
0.541751
0.571264
0.594149
0.458972
0.492008
0.556755
0.332667
0.334149
0.49573
0.334727
0.588537
0.469091
0.44437
0.398309
0.4741
0.603017
0.407008
0.492599
0.569802
0.550542
0.392605
0.478135
0.301716
0.502722
0.487784
0.459371
0.376181
0.600742
0.586598
0.496527
0.567754
0.497393
0.446633
0.398919
0.424516
0.460521
0.579668
0.539457
0.289162
0.455129
0.420453
0.449697
0.484473
0.414373
0.35698
0.481624
0.564438
0.63445
0.430284
0.49765
0.511648
0.477028
0.439452
0.627963
0.529374
0.52056
0.573395
0.480854
0.432215
0.466176
0.528244
0.485822
0.418956
0.385082
0.488221
0.382552
0.389724
0.415094
0.51668
0.345172
0.558167
0.609334
0.527983
0.366912
0.457651
0.557788
0.533142
0.654384
0.434874
0.402597
0.452997
0.634466
0.589249
0.52323
0.490206
0.514237
0.613478
0.463281
0.600965
0.421892
0.319231
0.604118
0.602008
0.573016
0.528457
0.472238
0.618676
0.243403
0.549776
0.619535
0.39355
0.390671
0.452406
0.573941
0.437841
0.2687
0.546327
0.56977
0.562362
0.450201
0.463652
0.392596
0.651955
0.555099
0.436611
0.48547
0.564677
0.629565
0.443979
0.746714
0.600321
0.399076
0.749276
0.502204
0.684961
0.407579
0.517486
0.467028
0.389569
0.645154
0.546534
0.445429
0.509406
0.462423
0.497034
0.589082
0.482263
0.387705
0.498123
0.589739
0.460657
0.631523
0.435266
0.483209
0.556344
0.423885
0.511914
0.560214
0.462815
0.436749
0.582574
0.601022
0.388446
0.463597
0.479441
0.572542
0.49244
0.439012
0.534943
0.458949
0.638284
0.575016
0.412577
0.462564
0.533013
0.571497
0.609985
0.545754
0.610563
0.341869
0.540603
0.53472
0.487039
0.610941
0.520024
0.43239
0.545064
0.531333
0.604819
0.462844
0.411668
0.481511
0.516488
0.478924
0.534797
0.61905
0.530879
0.405635
0.630467
0.445982
0.560403
0.474713
0.396295
0.490427
0.476937
0.353021
0.435655
0.524098
0.629192
0.414365
0.615381
0.535043
0.648734
0.598583
0.631866
0.488132
0.600488
0.303484
0.465948
0.373645
0.340637
0.437064
0.684198
0.52083
0.459135
0.504554
0.54848
0.404854
0.504702
0.414939
0.520044
0.481067
0.453994
0.274755
0.519312
0.431386
0.467717
0.415881
0.495897
0.507724
0.486682
0.413893
0.480804
0.623225
0.509215
0.541916
0.577073
0.602421
0.344789
0.632049
0.576845
0.497853
0.481381
0.554919
0.489983
0.566916
0.497651
0.562934
0.587309
0.445297
0.59475
0.672045
0.393317
0.531134
0.55315
0.490365
0.539315
0.598402
0.511572
0.562564
0.476222
0.492947
0.629552
0.421679
0.452359
0.246415
0.581684
0.472514
0.528278
