58.3439
50.1579
43.6861
37.8384
32.0293
26.7715
24.4753
22.7446
21.9199
20.151
19.134
18.2495
17.675
16.5392
14.8903
13.4703
12.7507
13.3382
12.6001
10.6457
9.69149
9.17639
8.59778
8.62906
9.06653
9.41641
8.49165
8.37126
8.04218
8.25811
8.14026
7.49395
7.62088
7.17464
6.94744
6.5285
6.14119
6.14602
5.93541
5.82977
5.85349
5.51919
5.32205
4.84521
4.43178
4.66097
5.13178
4.54776
4.83065
6.04499
6.38019
7.08144
6.3207
5.93181
5.3257
5.03602
6.10928
6.72776
6.4093
6.28024
5.37884
5.3288
4.80383
4.85456
5.20441
4.92467
4.5818
4.52994
4.45777
4.40465
3.77965
4.16291
4.45624
4.1197
4.8336
4.52118
4.38207
4.5085
4.87489
4.63133
5.00518
4.77668
4.53589
4.45108
3.86402
4.47949
4.17355
3.79302
4.09098
4.23282
4.53725
4.39042
3.88246
3.73583
4.11809
3.95186
3.72499
3.91286
4.20406
4.31778
4.19517
4.48283
4.07804
4.32912
4.14751
4.09564
3.96854
3.64746
4.1289
4.08039
4.92567
4.76401
4.228
4.45247
4.37823
3.88512
3.62631
4.04393
3.99263
4.12464
4.31637
4.56874
4.34034
4.17807
4.23391
3.98366
4.19526
3.92164
3.86202
4.00397
4.77349
4.30639
4.22275
4.66406
3.87946
4.04218
4.2148
4.01845
4.11928
4.14573
4.10694
3.98153
3.89719
4.48697
4.04604
4.18044
4.50759
4.54685
4.53038
4.87793
4.49366
4.71262
4.16804
3.78981
4.17946
4.46546
5.0526
4.28902
4.51485
4.44996
4.43598
4.41091
4.31317
4.29148
4.35144
4.38713
4.57624
4.82731
4.83344
4.12111
4.19218
3.78048
3.95005
4.12949
3.98641
3.9805
4.21381
4.7329
4.40762
3.96689
4.27871
4.31477
4.57753
4.07774
3.62442
4.19012
4.10541
4.64753
4.6344
4.36247
4.48807
4.64541
4.39101
4.40696
4.19521
4.22487
4.07945
4.5048
4.84325
4.39628
