41.1482
32.5874
27.2981
20.1859
20.1859
19.5838
18.4434
16.8845
16.5103
14.5528
14.2537
13.6144
12.4747
11.0423
9.53528
7.64293
7.64293
7.15661
6.37881
6.35683
6.06824
5.85254
5.76456
5.76456
5.76456
5.28871
5.28871
5.09712
5.09712
5.0546
4.98389
4.85997
4.58922
4.51575
4.39459
3.70858
3.60789
3.51228
3.51228
2.94716
2.94716
2.92794
2.86646
2.86111
2.86111
2.86056
2.86056
2.86056
2.64949
2.64949
2.64949
2.64949
2.62413
2.62413
2.62413
2.38799
2.38799
2.36263
2.36263
2.36263
2.33174
2.33174
2.33174
2.32065
2.32065
2.32065
2.31723
2.31723
2.31723
2.31723
2.31538
2.31538
2.3145
2.31264
2.31264
2.31264
2.31264
2.31264
2.21272
2.21272
2.21272
2.21272
2.21272
2.21272
2.21272
2.21272
2.21272
2.21272
2.21272
2.21272
2.21272
2.21272
2.20158
2.20158
2.20158
2.20158
2.20158
2.20158
2.20158
2.20158
2.20158
2.20158
2.20158
2.20158
2.20158
2.20158
2.20158
2.20158
2.20158
2.20158
2.20158
2.20158
2.20158
2.20158
2.20158
2.20158
2.20158
2.20158
2.20158
2.20158
2.20158
2.20158
2.20158
2.20158
2.20158
2.20158
2.20158
2.20158
2.20158
2.20158
2.20158
2.20158
2.20158
2.20158
2.20158
2.20158
2.20158
2.20158
2.20158
2.20158
2.20158
2.20158
2.20158
2.20158
2.20158
2.20158
2.20158
2.20158
2.20158
2.20158
2.20158
2.20158
2.20158
2.20158
2.20158
2.20158
2.20158
2.20158
2.20158
2.20158
2.20158
2.20158
2.20158
2.20158
2.20158
2.20158
2.20158
2.20158
2.20158
2.20158
2.20158
2.20158
2.20158
2.20158
2.20158
2.20158
2.20158
2.20158
2.20158
2.20158
2.20158
2.20158
2.20158
2.20158
2.20158
2.20158
2.20158
2.20158
2.20158
2.20158
2.20158
2.20158
2.20158
2.20158
2.20158
2.20158
2.20158
2.20158
2.20158
2.20158
