7.22406
6.64559
6.19893
5.44787
5.0978
4.18189
3.82758
3.63119
3.06872
3.06872
2.82182
2.74716
2.68927
2.53028
2.43792
2.39807
2.23522
2.23522
2.1489
2.12529
2.12529
2.00445
1.98207
1.98207
1.94223
1.86209
1.86209
1.81546
1.81011
1.81011
1.81011
1.808
1.808
1.77695
1.77695
1.75108
1.75108
1.72792
1.72792
1.72792
1.71692
1.64041
1.62941
1.62941
1.61672
1.51968
1.51968
1.51968
1.40929
1.40929
1.40929
1.40883
1.40331
1.40331
1.40331
1.40331
1.40331
1.36868
1.28259
1.28259
1.28259
1.28259
1.28259
1.28259
1.28259
1.28259
1.28259
1.23523
1.23523
1.23523
1.23523
1.22916
1.22916
1.22916
1.22916
1.22916
1.22916
1.22916
1.22916
1.22916
1.22916
1.22916
1.22916
1.22916
1.22916
1.22916
1.22916
1.22916
1.22916
1.22916
1.22916
1.22774
1.22774
1.22373
1.22373
1.22373
1.22373
1.22373
1.22373
1.22373
1.22373
1.22373
1.22373
1.22373
1.22373
1.22373
1.22373
1.22373
1.14616
1.14435
1.14435
1.14435
1.14356
1.14356
1.14356
1.14356
1.14356
1.14356
1.14356
1.14356
1.14356
1.14356
1.14356
1.14356
1.14356
1.14356
1.14356
1.14356
1.14356
1.14356
1.14356
1.14356
1.14356
1.14356
1.14356
1.14356
1.14356
1.14356
1.14356
1.14356
1.14356
1.14356
1.14356
1.14356
1.14356
1.14356
1.14356
1.14356
1.14356
1.14356
1.14356
1.14356
1.14356
1.14356
1.14356
1.14356
1.14356
1.14356
1.14356
1.14356
1.14356
1.14356
1.14356
1.14356
1.14356
1.14356
1.14356
1.14356
1.14356
1.14356
1.14356
1.14356
1.14356
1.14356
1.14356
1.14356
1.14356
1.14356
1.14356
1.14356
1.14356
1.14356
1.14356
1.14356
1.14356
1.14356
1.14356
1.14356
1.14356
1.14356
1.14356
1.14356
1.14356
1.14356
1.14356
1.14356
1.14356
1.14356
1.14356
1.14356
1.14356
1.14356
1.14356
1.14356
1.14356
1.14356
1.14356
1.14356
1.14356
1.14356
1.14356
1.14356
1.14356
1.14356
1.14356
1.14356
1.14356
1.14356
1.14356
1.14356
1.14356
1.14356
1.14356
1.14356
1.14356
1.14356
1.14356
1.14356
1.14356
1.14356
1.14356
1.14356
1.14356
1.14356
1.14356
1.14356
1.14356
1.14356
1.14356
1.14356
1.14356
1.14356
1.14356
1.14356
1.14356
1.14356
1.14356
1.14356
1.14356
1.14356
1.14356
1.14356
1.14356
1.14356
1.14356
1.14356
1.14356
1.14356
1.14356
1.14356
1.14356
1.14356
1.14356
1.14356
1.14356
1.14356
1.14356
1.14356
1.14356
1.14356
1.14356
1.14356
1.14356
1.14356
1.14356
1.14356
1.14356
1.14356
1.14356
1.14356
1.14356
1.14356
1.14356
1.14356
1.14356
1.14356
1.14356
1.14356
1.14356
1.14356
1.14356
1.14356
1.14356
1.14356
1.14356
1.14356
1.14356
1.14356
1.14356
1.14356
1.14356
1.14356
1.14356
1.14356
1.14356
1.14356
1.14356
1.14356
1.14356
1.14356
1.14356
1.14356
1.14356
1.14356
1.14356
1.14356
1.14356
1.14356
1.14356
1.14356
1.14356
1.14356
1.14356
1.14356
1.14356
1.14356
1.14356
1.14356
1.14356
1.14356
1.14356
1.14356
1.14356
1.14356
1.14356
1.14356
1.14356
1.14356
1.14356
1.14356
1.14356
1.14356
1.14356
1.14356
1.14356
1.14356
1.14356
1.14356
1.14356
1.14356
1.14356
1.14356
1.14356
1.14356
1.14356
1.14356
1.14356
1.14356
1.14356
1.14356
1.14356
1.14356
1.14356
1.14356
1.14356
1.14356
1.14356
1.14356
1.14356
1.14356
1.14356
1.14356
1.14356
1.14356
1.14356
1.14356
1.14356
1.14356
1.14356
1.14356
1.14356
1.14356
1.14356
1.14356
1.14356
1.14356
1.14356
1.14356
1.14356
1.14356
1.14356
1.14356
1.14356
1.14356
1.14356
1.14356
1.14356
1.14356
1.14356
1.14356
1.14356
1.14356
1.14356
1.14356
1.14356
1.14356
1.14356
1.14356
1.14356
1.14356
1.14356
1.14356
1.14356
1.14356
1.14356
1.14356
1.14356
1.14356
1.14356
1.14356
1.14356
1.14356
1.14356
1.14356
1.14356
1.14356
1.14356
1.14356
1.14356
1.14356
1.14356
1.14356
1.14356
1.14356
1.14356
1.14356
1.14356
1.14356
1.14356
1.14356
1.14356
1.14356
1.14356
1.14356
1.14356
1.14356
1.14356
1.14356
1.14356
1.14356
1.14356
1.14356
1.14356
1.14356
1.14356
1.14356
1.14356
1.14356
1.14356
1.14356
1.14356
1.14356
1.14356
1.14356
1.14356
1.14356
1.14356
1.14356
1.14356
1.14356
1.14356
1.14356
1.14356
1.14356
1.14356
1.14356
1.14356
1.14356
1.14356
1.14356
1.14356
1.14356
1.14356
1.14356
1.14356
1.14356
1.14356
1.14356
1.14356
1.14356
1.14356
1.14356
1.14356
1.14356
1.14356
1.14356
1.14356
1.14356
1.14356
1.14356
