10.1194
8.8309
8.21022
7.70599
7.05099
6.59144
5.92916
5.3277
4.95113
4.4457
4.04013
3.75616
3.57722
3.44015
3.59459
3.45717
3.39082
3.28589
3.12412
3.07733
3.20888
3.15361
3.14559
3.06244
2.85731
2.76384
2.90837
2.95392
2.79835
2.89383
2.5895
2.53504
2.6868
2.92589
2.62107
2.65943
2.61772
2.50332
2.50234
2.63079
2.64757
2.72755
2.59311
2.42082
2.37433
2.38295
2.26302
2.18325
2.09163
2.04531
2.12429
2.02338
2.08047
1.944
2.07331
2.32426
2.19072
2.20431
2.17212
2.06307
2.03573
2.05542
2.06826
2.02661
1.9613
2.03585
2.02584
1.99736
2.00001
1.86693
1.9932
1.98025
2.12566
2.07745
2.0391
2.00345
1.91799
1.91205
1.99534
1.93655
1.85232
2.09004
2.01712
1.95894
2.08766
2.13629
2.00127
2.08477
1.96763
1.81035
1.94527
1.99936
1.91794
1.87379
2.02373
2.02876
2.0612
1.9617
2.01967
2.00265
1.92927
1.95666
1.86554
2.00471
1.86723
1.95007
2.05587
2.00001
1.94262
1.80283
1.77319
1.86218
1.91101
1.92794
1.78419
1.81214
1.78689
1.92499
1.9115
1.87962
1.79618
1.98552
1.86008
1.72572
1.71255
1.81915
1.75995
1.92379
2.02225
1.79682
1.76853
1.78666
1.77992
1.90225
1.8377
1.8052
1.89989
1.73613
1.73154
1.81961
1.58337
1.57804
1.75987
1.99435
2.0418
1.82007
1.97391
1.97332
1.87501
1.82835
1.78907
1.78315
1.86504
1.83879
1.76192
1.81171
1.97181
1.88781
1.99404
1.90676
1.88545
1.9882
1.87785
1.82517
1.78491
1.74289
1.83165
1.80348
1.97993
1.83589
1.89007
1.87435
1.68535
1.63547
1.90472
1.80163
1.92573
1.90099
1.6067
1.7745
1.68765
1.89368
1.93175
2.00267
1.96094
1.82485
1.87271
1.83147
1.88329
1.79448
1.85445
1.78733
1.81906
1.87105
1.77812
1.7957
1.65773
1.86828
1.95136
1.8951
2.08526
1.92583
1.82977
1.82218
1.898
1.88324
1.82269
1.93125
1.94112
2.12117
1.86194
1.91215
1.74102
1.86339
1.77143
1.88947
2.01366
1.98549
1.96153
1.83004
1.96059
1.79384
2.00253
1.81273
1.87614
1.90199
1.74794
1.78144
1.80333
1.82302
1.68289
1.7458
1.87352
2.04024
2.06054
2.00342
1.96629
1.82413
1.82497
1.90312
1.87377
1.87417
1.88916
2.09005
1.92313
1.87717
1.89888
1.9196
1.97612
1.75645
1.85932
1.85268
1.88652
1.78817
1.79492
1.78798
1.65664
1.64348
1.80115
1.75778
1.86148
1.89977
2.04105
1.94369
2.02973
1.87645
1.93344
1.86735
1.79521
1.74937
1.70709
1.82918
1.81139
1.89901
1.86201
1.80146
1.8495
1.919
1.88506
1.85392
2.07022
2.06342
1.98439
1.947
1.77859
1.98284
1.83431
1.8813
1.85757
1.85574
1.67301
1.92097
1.91499
1.77931
1.77752
1.91563
1.97254
1.82
1.76318
1.90412
1.8146
1.77144
1.82216
1.80408
1.91125
1.94564
1.73808
1.7782
1.72663
1.83149
1.95347
1.87716
1.90511
1.92269
1.88413
1.78591
1.70105
1.80995
1.8994
1.80144
1.86544
1.80382
1.88155
1.95502
1.75774
1.78192
1.83489
1.83919
1.99871
1.90759
1.85731
1.79657
1.65698
1.81415
1.82528
1.80388
1.70999
1.73659
1.73781
1.91113
1.81361
1.79028
1.84494
1.93684
1.9169
1.78415
1.96902
1.91398
1.91153
1.84307
1.81584
1.81461
1.80764
1.89081
1.84448
1.88251
1.82017
1.77938
1.90278
1.79946
1.74086
1.73638
1.66782
1.81302
1.85086
1.96237
1.89953
1.75031
1.81054
1.90805
1.98273
1.92905
2.02247
1.87431
1.86042
1.96363
2.05821
1.81524
1.91075
1.83818
1.83469
2.05286
1.98536
1.98154
2.06205
1.9166
1.83425
2.00841
1.91334
1.90934
1.85999
1.73196
1.79246
1.88997
1.90407
2.05819
1.92608
1.85807
1.76214
1.86171
1.99841
1.91464
1.8855
1.85145
1.7298
1.86343
1.89483
1.79497
2.01315
1.91461
2.00699
1.79663
1.9365
1.82725
1.91919
1.85313
1.79085
1.81471
1.86726
1.9318
1.77261
1.91192
1.85359
1.91309
1.60424
1.77716
1.85668
1.93726
1.86162
1.9224
1.77022
1.77501
1.82459
1.90825
1.92401
2.04043
1.85851
1.93285
2.0164
2.0097
1.95976
1.78498
1.71794
1.82191
1.98038
1.89678
1.86052
1.87841
1.85075
1.76332
1.7096
1.58807
1.75389
1.84054
1.93874
1.77972
1.77365
1.80822
1.74972
1.92395
2.03593
1.90665
1.84095
1.85403
1.74271
1.73217
1.75169
1.73412
1.75344
1.9752
1.95767
1.97577
1.95003
1.92858
1.91712
1.73544
1.85081
1.97612
2.18771
2.0174
1.9505
1.82108
1.83777
1.87976
2.10653
1.93835
1.95437
1.87594
1.84493
1.80896
1.89559
2.09269
1.85333
1.82528
1.65774
1.70255
1.6927
1.74368
1.7393
1.78336
