0
0.00102077
0.000680636
0.000535468
0.000599029
0.000626585
0.000780577
0.000683417
0.00061656
0.000585981
0.000551871
0.000552603
0.000576917
0.000813579
0.000762762
0.000721856
0.000692392
0.000670611
0.000651594
0.000630335
0.000615376
0.000627514
0.000620119
0.000597217
0.000573961
0.000552157
0.000531804
0.000513585
0.000497044
0.000480926
0.000468716
0.000461825
0.000452084
0.000451063
0.000461075
0.000448786
0.000437204
0.000438496
0.000428723
0.000434847
0.000429635
0.00041984
0.000419657
0.000410268
0.000405856
0.000405542
0.000403882
0.000400235
0.000392739
0.000384895
0.000377549
0.000371009
0.000364181
0.000357614
0.000351995
0.000346496
0.000343244
0.000338462
0.0003347
0.000329148
0.000332226
0.00032805
0.000326324
0.000322104
0.000325357
0.000320726
0.000316676
0.000312371
0.000317078
0.000312548
0.000310952
0.000312574
0.000308628
0.000307303
0.000303723
0.000299728
0.000296187
0.00029247
0.00028879
0.000294989
0.000291441
0.00028888
0.000289143
0.000286075
0.000286128
0.000282801
0.00027983
0.000277347
0.000282225
0.000279178
0.000276302
0.000273329
0.000270477
0.000269278
0.000266458
0.000266066
0.000264869
0.000263875
0.000263382
0.000260791
