0.00230236
0.000858764
0.000874444
0.000687755
0.000219605
-0.000195244
0.00041658
0.000441959
0.000553764
0.000752246
0.000601054
0.000833325
0.00111384
0.000478414
0.000553113
0.00045127
0.000313631
0.000160659
0.000309362
0.00043138
0.000292745
6.6801e-05
-9.24903e-05
-0.000152916
-0.000125428
-0.000107778
-9.73842e-05
-0.000126079
-0.00016075
-0.000181909
-0.000125435
-0.000211069
-0.000273901
-0.000167816
-2.22211e-05
-3.47983e-07
-2.25166e-05
-0.000129095
-9.31589e-05
2.82174e-05
9.69252e-05
7.75876e-05
0.0001678
0.000156624
0.000218941
0.000302493
0.000226986
0.000164746
0.000187966
0.000185155
0.000172713
0.000149367
0.00013807
0.000126727
0.00010157
7.80281e-05
3.36788e-05
5.72189e-06
-3.08875e-05
-3.51027e-05
4.0071e-05
6.81305e-05
2.02099e-05
4.41705e-05
-2.90175e-05
-1.50818e-05
6.68327e-06
2.16041e-05
-5.49167e-05
-5.49607e-05
-1.29798e-05
4.80951e-05
6.25961e-05
2.05876e-05
3.84169e-05
3.75445e-05
2.30129e-05
1.61205e-05
1.96929e-05
-5.62206e-05
-6.36756e-05
-3.96016e-05
-8.62607e-05
-0.000100973
-5.66089e-05
-5.68001e-05
-6.9384e-05
-4.9627e-05
1.74482e-05
1.03661e-05
2.21259e-08
-4.09913e-06
2.7694e-06
3.29549e-05
3.01488e-05
6.5863e-05
3.71383e-05
6.72802e-05
3.33537e-05
3.81118e-05
