0
0.00229948
0.00899052
0.0141037
0.0131592
0.0114309
0.00981658
0.00968951
0.00932868
0.00916499
0.00903286
0.00990288
0.0096866
0.0089999
0.0084184
0.00789529
0.00745177
0.00715619
0.0067798
0.00676759
0.00644576
0.00634406
0.00606841
0.00587166
0.00569114
0.00558298
0.005608
0.00561657
0.00545433
0.00545007
0.00527481
0.00525793
0.00515357
0.00500229
0.00497482
0.0050084
0.00487518
0.00477988
0.00465734
0.00469335
0.00466717
0.00455893
0.00446022
0.00437385
0.00428448
0.00419939
0.00421099
0.00413874
0.00448964
0.00466652
