0
0.00393692
0.00581801
0.00504763
0.00668753
0.00857163
0.00822672
0.0079062
0.00708192
0.0064653
0.0058917
0.00549583
0.006077
0.00681653
0.00658429
0.00626285
0.00658898
0.00634836
0.0071053
0.00697043
0.00667456
0.00642854
0.00621548
0.00596125
0.00584654
0.00595565
0.00574758
0.00588806
0.00603306
0.00602238
0.00600777
0.00650357
0.00652263
0.0063646
0.0061982
0.00612296
0.00599719
0.00583947
0.00572301
0.00560472
0.00547973
0.00551455
0.00540656
0.0052915
0.00517421
0.00506178
0.00495722
0.00487732
0.00478811
0.0048443
0.00477344
0.00471689
0.00463931
0.00459908
0.0045284
0.00449539
0.00441725
0.00435144
0.00431471
0.00431198
0.00432732
0.00426081
0.00420178
0.00413722
0.00407374
0.00401287
0.00396012
0.00398566
0.0039639
0.00391729
0.00386999
0.00382019
0.00377052
0.00373056
0.0036839
0.00363607
0.00365085
0.00360501
0.00356856
0.0035643
0.00352541
0.00348355
0.00352751
0.00360039
0.00379102
0.00392112
0.00398983
0.00397448
0.00393015
0.00388678
0.00387627
0.00389163
0.00391664
0.00394289
0.003919
0.0039045
0.00386932
0.00383842
0.00382439
0.003836
