-0.399089
-0.393518
-0.387135
-0.384178
-0.378204
-0.371065
-0.367067
-0.363572
-0.362648
-0.363794
-0.363366
-0.364427
-0.367905
-0.37187
-0.373625
-0.374721
-0.377754
-0.379044
-0.382927
-0.384705
-0.38399
-0.384863
-0.385783
-0.385538
-0.384316
-0.386324
-0.386714
-0.388743
-0.390799
-0.392326
-0.393809
-0.396756
-0.398446
-0.399111
-0.399555
-0.400654
-0.40135
-0.401313
-0.400688
-0.400154
-0.399791
-0.401145
-0.401616
-0.401322
-0.401376
-0.401397
-0.401575
-0.402056
-0.401739
-0.400524
-0.400041
-0.39946
-0.399133
-0.398481
-0.398136
-0.397477
-0.397559
-0.397862
-0.397293
-0.396517
-0.395651
-0.395819
-0.395548
-0.395644
-0.395608
-0.395525
-0.395767
-0.396587
-0.397124
-0.396841
-0.396591
-0.396415
-0.396557
-0.396845
-0.396997
-0.396928
-0.396254
-0.39617
-0.396427
-0.396964
-0.396774
-0.396864
-0.397643
-0.398551
-0.399868
-0.401032
-0.401986
-0.402477
-0.402428
-0.402478
-0.402981
-0.403652
-0.404378
-0.405111
-0.405484
-0.405939
-0.406138
-0.40588
-0.405443
-0.404823
