0
0.0146551
0.0127541
0.0110254
0.00909759
0.00870207
0.00756239
0.00663446
0.00593706
0.00567399
0.00552141
0.00550823
0.00639626
0.00605332
0.00568262
0.00533706
0.00503135
0.00475235
0.00450224
0.00427792
0.00458773
0.00573366
0.00569421
0.00545826
0.00524235
0.00510101
0.00491391
0.00474281
0.00459429
0.00445604
0.00433905
0.00422016
0.00409557
0.00397657
0.00386299
0.00377166
0.00370404
0.00363844
0.00354891
0.00355382
0.00362057
0.0035345
0.00350433
0.00342495
0.00341628
0.00351933
0.00353297
0.00345997
0.00339088
0.00332841
