0
3.64147e-05
2.44895e-05
2.26705e-05
1.87354e-05
1.58781e-05
1.74502e-05
1.62203e-05
1.50879e-05
1.77704e-05
1.70966e-05
1.61773e-05
1.51897e-05
1.43541e-05
1.34199e-05
1.29684e-05
1.30418e-05
1.23183e-05
1.17333e-05
1.12338e-05
1.07058e-05
1.02808e-05
9.89008e-06
9.52693e-06
9.20648e-06
9.26046e-06
9.00399e-06
8.74444e-06
9.01887e-06
8.72736e-06
8.73541e-06
8.90411e-06
8.67698e-06
8.44675e-06
8.33599e-06
8.11712e-06
7.92291e-06
7.91744e-06
7.87195e-06
7.73396e-06
7.58198e-06
7.40827e-06
7.28948e-06
7.15523e-06
7.01424e-06
6.86432e-06
7.03098e-06
7.04941e-06
7.76612e-06
8.62266e-06
