1.81258
1.80701
1.80066
1.79773
1.79177
1.78463
1.78063
1.77714
1.77621
1.77735
1.77693
1.77799
1.78147
1.78544
1.78719
1.78829
1.79132
1.79262
1.7965
1.79829
1.79758
1.79845
1.79938
1.79914
1.79792
1.79992
1.80031
1.80233
1.80439
1.80592
1.8074
1.81035
1.81204
1.8127
1.81315
1.81425
1.81495
1.81491
1.81429
1.81375
1.81339
1.81475
1.81522
1.81493
1.81499
1.81501
1.81518
1.81567
1.81535
1.81413
1.81365
1.81307
1.81274
1.81209
1.81174
1.81108
1.81116
1.81146
1.8109
1.81012
1.80925
1.80942
1.80915
1.80925
1.80921
1.80913
1.80937
1.81019
1.81072
1.81044
1.81019
1.81002
1.81016
1.81045
1.8106
1.81053
1.80986
1.80977
1.81003
1.81057
1.81038
1.81047
1.81125
1.81215
1.81347
1.81463
1.81558
1.81607
1.81602
1.81607
1.81657
1.81724
1.81797
1.8187
1.81907
1.81953
1.81973
1.81947
1.81903
1.81841
