0
0.0201693
0.0348048
0.0263948
0.0230123
0.0199112
0.0174992
0.0186184
0.0169008
0.0174772
0.0210415
0.0195223
0.0183092
0.0172203
0.01694
0.0168502
0.0159682
0.0157471
0.0149223
0.0143986
0.0137273
0.0131828
0.0126935
0.0123056
0.0118767
0.0114202
0.0120792
0.012575
0.0123238
0.012053
0.0118186
0.0114797
0.0111449
0.0108212
0.0105606
0.0102756
0.0101134
0.00989193
0.00966688
0.00943135
0.00920174
0.00912368
0.00906633
0.00886139
0.00874758
0.00871936
0.00859124
0.00844539
0.0085044
0.00834901
