0
0.00393962
0.00583601
0.00507111
0.00670886
0.00858626
0.0082383
0.0079149
0.00708928
0.00647238
0.00589813
0.00550126
0.00607884
0.00681625
0.00658395
0.00626292
0.00658833
0.0063474
0.00710208
0.00696613
0.00667103
0.00642459
0.00621088
0.00595695
0.00584251
0.00595286
0.00574512
0.0058874
0.00603263
0.00602168
0.00600726
0.00650255
0.00652122
0.00636326
0.00619696
0.00612149
0.00599542
0.00583776
0.00572144
0.00560321
0.00547833
0.00551275
0.00540459
0.00528971
0.00517244
0.00506004
0.00495551
0.00487559
0.00478638
0.0048424
0.00477145
0.00471495
0.00463735
0.00459705
0.00452635
0.00449322
0.00441513
0.00434942
0.00431278
0.00431009
0.00432564
0.00425914
0.00420017
0.00413563
0.00407216
0.00401129
0.00395866
0.00398447
0.0039628
0.0039163
0.00386909
0.00381938
0.00376971
0.00372977
0.00368311
0.00363528
0.00365004
0.00360422
0.00356774
0.00356343
0.00352454
0.00348272
0.0035269
0.0035999
0.00379084
0.00392136
0.00399047
0.0039753
0.00393094
0.00388759
0.00387724
0.00389277
0.00391797
0.0039443
0.00392038
0.00390587
0.00387067
0.0038398
0.00382579
0.00383736
