0
0.0219826
0.0191311
0.0165381
0.0136464
0.0130531
0.0113436
0.0099517
0.00890559
0.00851098
0.00828211
0.00826235
0.00959439
0.00907998
0.00852393
0.00800559
0.00754703
0.00712853
0.00675336
0.00641689
0.0068816
0.00860049
0.00854132
0.00818739
0.00786352
0.00765151
0.00737086
0.00711421
0.00689143
0.00668407
0.00650857
0.00633024
0.00614336
0.00596485
0.00579449
0.00565748
0.00555606
0.00545766
0.00532336
0.00533072
0.00543085
0.00530175
0.00525649
0.00513742
0.00512443
0.00527899
0.00529946
0.00518995
0.00508632
0.00499261
