0
0.00109498
0.000847872
0.000758238
0.000621649
0.000641718
0.000811133
0.00103095
0.00100309
0.000966289
0.000895798
0.000843311
0.000782719
0.000730661
0.000708416
0.000671412
0.000662225
0.000679754
0.00066777
0.000647375
0.000630216
0.000607496
0.000581092
0.000558814
0.000537474
0.000518735
0.000504029
0.00049138
0.000474754
0.00046298
0.000454
0.000439908
0.000446117
0.000461604
0.000449173
0.000436979
0.000427129
0.000419864
0.000412896
0.000410632
0.000407525
0.000397822
0.000388653
0.000386365
0.000388114
0.000383377
0.000386348
0.000388345
0.000385481
0.000377971
