0
2.70798e-06
1.93366e-05
2.75637e-05
2.53614e-05
2.15184e-05
1.84631e-05
1.62058e-05
1.46275e-05
1.35613e-05
1.23304e-05
1.14748e-05
1.14213e-05
1.10263e-05
1.02963e-05
9.91555e-06
9.4666e-06
9.11559e-06
9.79019e-06
1.07313e-05
1.14481e-05
1.18447e-05
1.27763e-05
1.24769e-05
1.19779e-05
1.18157e-05
1.18639e-05
1.23527e-05
1.19367e-05
1.16003e-05
1.1244e-05
1.09709e-05
1.07824e-05
1.0468e-05
1.02019e-05
1.00535e-05
1.02306e-05
1.01564e-05
9.92427e-06
9.67847e-06
9.51243e-06
9.49413e-06
9.61286e-06
9.69789e-06
9.75246e-06
9.61561e-06
9.41419e-06
9.24625e-06
9.07207e-06
8.94638e-06
8.88904e-06
8.71847e-06
8.58629e-06
8.47941e-06
8.36454e-06
8.30443e-06
8.21634e-06
8.11751e-06
7.98507e-06
7.85329e-06
7.76093e-06
7.64982e-06
7.53695e-06
7.4267e-06
7.3578e-06
7.40109e-06
7.4748e-06
7.4388e-06
7.3464e-06
7.34403e-06
7.35419e-06
7.43002e-06
7.3344e-06
7.23536e-06
7.14397e-06
7.05238e-06
6.96439e-06
6.88243e-06
6.82107e-06
6.75092e-06
6.67368e-06
6.68638e-06
6.66192e-06
6.59466e-06
6.56451e-06
6.63293e-06
6.79117e-06
6.88025e-06
7.01377e-06
7.12919e-06
7.19254e-06
7.2073e-06
7.23103e-06
7.18053e-06
7.10543e-06
7.03263e-06
6.96023e-06
6.92533e-06
6.86244e-06
6.79402e-06
