9.11676
8.3128
7.34804
6.6181
6.17232
5.75274
5.37517
5.01787
4.74126
4.46608
4.16921
3.79557
3.51452
3.56073
3.3695
3.4546
3.30868
3.11308
3.2241
3.2668
3.12996
3.05666
2.74522
2.85627
2.89985
2.80405
2.77802
2.49422
2.30108
2.24128
2.11784
2.20687
2.2071
2.22589
2.42755
2.26693
2.4354
2.39596
2.15117
2.13928
2.09304
2.15323
2.22561
2.24214
2.14913
1.91081
1.85627
2.01764
1.95065
1.98152
1.94875
1.80345
1.96199
2.03308
1.92293
1.87794
2.07687
2.02638
1.8181
1.8072
1.966
1.81573
1.65577
1.6952
1.77224
1.6899
1.51423
1.58349
1.55065
1.68907
1.69316
1.91131
1.8284
1.8124
1.78838
1.74759
1.73607
1.80555
1.60018
1.64914
1.67888
1.63743
1.79315
1.84891
1.80481
1.64126
1.74851
1.82
1.73707
1.79632
1.6968
1.77536
1.8081
1.72006
1.6711
1.70667
1.63297
1.68487
1.70646
1.93736
1.82611
1.71408
1.72191
1.63503
1.54186
1.68352
1.71039
1.68147
1.82281
1.87609
1.75305
1.67302
1.70685
1.74437
1.7734
1.80053
1.63679
1.53294
1.65633
1.80977
1.75662
1.88206
1.85824
1.70267
1.70912
1.70342
1.67319
1.69741
1.74072
1.70041
1.74844
1.90969
1.83834
1.91749
1.7277
1.72761
1.85085
1.73766
1.66005
1.83582
1.82178
1.82818
1.81752
2.0034
1.71786
1.88269
1.55996
1.6222
1.6221
1.82119
1.82816
1.93714
1.85946
1.69442
1.71769
1.64671
1.60733
1.45904
1.59579
1.70899
1.82857
1.73958
1.6601
1.54827
1.68341
1.63524
1.53665
1.50351
1.36793
1.30347
1.39298
1.57928
1.58703
1.58505
1.66677
1.70802
1.72999
1.6802
1.67839
1.61169
1.51075
1.6475
1.692
1.72314
1.62275
1.57655
1.58002
1.87417
1.74255
1.57013
1.60278
1.64121
1.56878
1.7017
1.71609
1.88319
1.72554
1.65355
1.79679
1.66131
1.6414
1.64501
1.51108
1.65177
1.6636
1.57208
1.66553
1.59191
1.72792
1.70838
1.84635
1.67772
1.78863
1.9403
1.79708
1.61883
1.71156
1.64332
1.45997
1.43286
1.65611
1.73607
1.61727
1.67554
1.66041
1.78706
1.57457
1.6462
1.68409
1.7554
1.56257
1.50744
1.5198
1.50684
1.54986
1.50616
1.46425
1.55856
1.59304
1.65547
1.70712
1.70396
1.63883
1.66996
1.67326
1.6214
1.71047
1.49056
1.64521
1.85152
1.71883
1.8146
1.7195
1.75037
1.68845
1.53164
1.68705
1.69656
1.73924
1.77694
1.80313
1.57201
1.66558
1.6821
1.60474
1.68105
1.72103
1.66956
1.58798
1.6646
1.66562
1.64556
1.62626
1.62887
1.63693
1.81545
1.66659
1.69005
1.82971
1.52397
1.67978
1.47055
1.59662
1.55726
1.62534
1.46466
1.4845
1.57439
1.63148
1.56005
1.51462
1.56791
1.48916
1.50046
1.66827
1.68902
1.62175
1.738
1.58711
1.70336
1.60241
1.60502
1.60541
1.47533
1.58329
1.67632
1.56116
1.45166
1.50103
1.5088
1.56757
1.8736
1.5955
1.63888
1.56896
1.59564
1.66545
1.68884
1.62642
1.62905
1.64837
1.57803
1.64344
1.53534
1.52574
1.73253
1.47039
1.56341
1.67495
1.47964
1.58056
1.5121
1.49878
1.5211
1.68989
1.54878
1.71927
1.60464
1.58081
1.65876
1.61289
1.5545
1.66569
1.73189
1.64575
1.69213
1.51869
1.58599
1.47559
1.58958
1.66737
1.72313
1.52438
1.59283
1.65098
1.61684
1.601
1.53312
1.7371
1.67747
1.71983
1.74551
1.81166
1.69247
1.71624
1.73648
1.52979
1.73083
1.49015
1.54244
1.54922
1.71405
1.49672
1.58372
1.5973
1.68688
1.72195
1.63269
1.55653
1.7345
1.70437
1.74222
1.62683
1.72121
1.82627
1.62463
1.76484
1.74744
1.62768
1.58189
1.6516
1.52285
1.72591
1.68634
1.63533
1.57394
1.49149
1.63427
1.58096
1.69265
1.72948
1.65442
1.62602
1.59473
1.85844
1.80354
1.77392
1.76838
1.70627
1.6497
1.53257
1.63901
1.57527
1.6909
1.4821
1.52327
1.57966
1.67462
1.65486
1.55338
1.6159
1.46864
1.69151
1.77305
1.68742
1.87377
1.7304
1.58093
1.44113
1.47635
1.46632
1.52003
1.79249
1.62661
1.61838
1.54407
1.56492
1.52096
1.65955
1.60824
1.65395
1.55124
1.74897
1.78794
1.81499
1.74271
1.70297
1.50619
1.55619
1.67066
1.71067
1.70464
1.58685
1.70912
1.65085
1.60891
1.59514
1.68026
1.62409
1.65472
1.67836
1.56651
1.65712
1.72759
1.61051
1.64584
1.66339
1.63149
1.58302
1.61236
1.64183
1.71357
1.77861
1.82904
1.89151
1.84464
1.7761
1.62191
1.55047
1.80333
1.82042
1.61157
1.73809
1.69288
1.67495
1.68071
1.51077
1.61261
1.72117
1.6112
1.62193
1.57962
1.66127
1.73178
1.55381
1.67456
1.712
1.52236
0.931673