8.98009
8.03083
7.26686
6.73192
6.11107
5.79983
5.52233
5.26762
5.01414
4.7503
4.59418
4.63262
4.49936
4.37296
4.19014
3.93075
3.79494
3.6727
3.54762
3.47189
3.41172
3.29632
3.18652
3.23299
3.50748
3.7402
3.39382
3.27781
3.14439
2.94513
2.8336
2.90737
2.61463
2.70311
2.47395
2.414
2.62988
2.77964
2.81262
2.78044
2.85899
2.75037
2.75444
2.73114
2.72655
2.87701
2.65593
2.42941
2.349
2.2496
2.20633
2.15468
2.22964
2.25779
2.27606
2.38382
2.41698
2.62789
2.34747
2.24897
2.14194
2.11933
2.01307
2.10235
2.32139
2.37571
2.34791
2.1555
2.1494
2.30297
2.45299
2.06369
1.96214
2.172
1.93596
1.91426
1.93593
1.85988
2.06422
1.98268
2.01039
2.05732
2.04357
2.00632
2.17859
1.92577
1.80869
2.06084
1.85507
2.01797
2.03682
1.94465
2.05681
1.98696
2.17624
2.12562
2.01428
1.8814
1.79096
1.82842
2.12852
1.97466
1.93666
1.94586
1.98124
1.95766
1.89662
1.7593
1.97613
2.00676
2.19282
2.27089
2.1238
2.20746
2.21378
2.14193
2.17657
2.17625
2.25323
2.2168
2.33273
2.22143
2.09514
1.94507
2.17385
1.97413
1.7628
1.86277
2.10534
2.07237
2.07355
2.11311
2.05585
2.17358
2.15667
2.12758
1.97842
2.06517
1.94181
1.79957
1.88839
1.8141
2.0184
2.0255
1.84477
2.0084
2.13913
2.06077
2.18655
2.13266
2.03588
2.00102
1.97268
1.97235
2.04833
2.12465
2.13773
2.04853
2.27754
2.26802
2.19903
1.87905
1.91354
1.91829
1.77102
1.86232
1.87041
1.97077
2.01948
2.08845
1.9921
2.007
2.0307
1.9947
2.05635
2.14996
2.05883
2.09262
2.01062
2.1417
2.07349
1.95242
1.89605
1.90818
2.04339
1.99267
2.00663
2.19012
2.10423
1.9913
2.03938
2.08794
1.9859
2.18232
2.03947
1.91225
1.92165
1.96662
1.89974
1.95983
2.11477
2.09853
1.99813
2.0127
1.96865
2.0209
1.97422
1.94204
1.98759
2.08148
2.15118
2.19339
2.07271
2.05893
1.94582
2.09564
2.13315
2.13382
2.12753
2.16752
2.23328
2.01613
1.90207
1.84387
1.82544
2.05209
2.04936
2.08631
2.08853
1.9795
1.96839
1.88156
2.00614
1.92216
1.90702
2.02824
2.24235
2.12112
1.97985
1.97034
2.09906
2.00292
2.00627
2.02303
2.06252
1.97518
1.88927
1.71867
1.83429
2.03463
1.96643
1.94055
2.03263
2.00654
1.97739
1.98043
2.13617
2.05609
2.02814
1.99453
2.02787
1.92247
1.82879
1.98213
2.04746
2.09939
2.01795
1.87175
2.09473
1.99647
1.87683
2.00069
1.87429
2.07114
2.03991
2.09047
2.13624
2.01238
2.12513
1.95375
1.76796
1.90523
2.05572
2.0574
2.21277
2.20647
2.24748
2.06942
2.14209
2.04675
1.95012
1.89257
1.98181
2.04943
2.09514
2.00652
2.10994
2.11391
2.16998
2.05136
1.7606
1.90671
2.10123
2.08285
2.14879
2.06126
2.19044
2.0177
1.9814
1.89106
2.01025
2.03575
1.94482
2.10615
2.27302
2.1581
1.91473
2.11836
2.04932
2.12521
2.15732
1.99077
1.91723
1.86866
1.80387
2.01073
1.93246
2.02284
1.9972
2.03296
1.97881
1.94907
1.88148
2.04951
1.96227
1.97269
1.99192
1.95761
1.9208
2.00895
2.0177
2.0399
1.93899
1.87097
1.90211
2.06051
2.0246
1.96289
1.86761
1.99797
1.93287
1.9017
2.02609
2.05099
2.19458
1.91609
1.82693
1.99417
2.1671
1.98673
2.06225
1.99641
1.79131
1.75243
1.80991
1.98436
1.92656
1.94289
1.90648
2.07183
1.95313
2.07512
1.99369
1.95302
2.14893
2.04882
1.8971
1.9104
2.02666
1.98854
2.11627
2.15692
2.20474
2.21368
1.93806
1.90649
2.03449
1.87425
1.89966
1.78677
2.02426
2.13975
2.1177
2.06241
2.16674
2.20311
2.07016
2.26388
2.33699
2.10397
1.96659
2.0762
1.98429
1.97738
1.88558
1.97184
2.08361
2.10865
1.85351
1.78337
1.78803
2.04621
2.1319
2.04429
1.97456
1.95943
1.89517
1.85878
1.83229
1.86501
2.06785
2.09229
1.988
2.15474
2.35738
2.47226
2.41796
2.18757
2.1648
2.15275
2.00443
2.03968
2.0385
2.12233
2.17095
2.20271
2.14705
2.21778
2.22796
2.2529
2.08589
2.05918
1.9457
2.04575
1.92644
1.90795
2.00227
1.8733
2.13149
1.99022
1.97299
2.08604
2.1602
2.09544
2.24901
2.249
2.02472
1.94714
1.94219
2.11223
2.04509
1.93279
2.00054
2.05138
2.12209
2.0732
1.93841
1.92956
1.79136
2.09487
2.155
2.00458
2.00638
2.0494
1.87196
1.78457
1.85768
1.88782
1.92346
1.89715
2.01169
1.84764
2.19213
1.92491
1.99986
2.00389
2.11136
1.92785
2.0518
2.00398
1.92674
2.10991
2.14249
2.09751
2.16035
2.04378
2.014
1.99747
1.23172