9.06176
8.08953
7.29675
6.85788
6.39526
5.87672
5.52549
5.20119
5.0258
4.80642
4.61073
4.44489
4.32168
4.07973
3.94967
3.93891
4.06622
3.8915
3.67854
3.54908
3.30929
3.13255
3.00144
2.89654
2.75105
2.66477
2.73731
2.64904
2.69041
2.67618
2.47861
2.5541
2.61157
2.41195
2.31493
2.40312
2.38274
2.1769
2.18729
2.15499
2.00506
2.08499
2.09451
1.91534
1.7926
1.90053
1.84745
1.79495
1.92771
1.80034
1.9066
1.77529
1.726
1.61783
1.56507
1.79984
1.65256
1.67469
1.72496
1.68412
1.6661
1.63603
1.75317
1.70837
1.68765
1.60657
1.6701
1.84183
1.71073
1.54903
1.55625
1.76506
1.78639
1.66461
1.56545
1.52745
1.69898
1.56961
1.55581
1.60193
1.48327
1.59703
1.64238
1.63344
1.4825
1.56376
1.60518
1.75844
1.71325
1.78646
1.74244
1.6332
1.69325
1.69497
1.64917
1.67557
1.59315
1.45366
1.5001
1.71771
1.81407
1.83013
1.67859
1.53555
1.70846
1.61321
1.62142
1.67124
1.69331
1.72687
1.75017
1.77331
1.62473
1.60623
1.63924
1.52867
1.61703
1.65445
1.73897
1.60487
1.71022
1.66313
1.69572
1.65095
1.57404
1.50748
1.68532
1.82014
1.60884
1.63581
1.70723
1.58876
1.56034
1.70962
1.70871
1.6355
1.67637
1.55854
1.7615
1.77285
1.84967
1.56451
1.66793
1.55263
1.45228
1.60155
1.64224
1.59296
1.47144
1.69989
1.71724
1.81138
1.58847
1.71431
1.55141
1.5889
1.84846
1.72862
1.80518
1.70333
1.64189
1.68593
1.75527
1.68877
1.59646
1.62002
1.65717
1.5992
1.60909
1.80799
1.74169
1.67734
1.74684
1.7981
1.67694
1.83375
1.7628
1.67613
1.49105
1.56433
1.65225
1.73554
1.81551
1.61838
1.68995
1.7355
1.75581
1.62505
1.86537
1.87907
1.74675
1.77676
1.60996
1.6409
1.73362
1.65394
1.65407
1.64031
1.6529
1.66274
1.6059
1.78739
1.69278
1.71598
1.72594
1.80063
1.76718
1.70388
1.56764
1.5634
1.55747
1.62248
1.64092
1.73976
1.78501
1.62219
1.69716
1.6743
1.65814
1.73971
1.66112
1.8658
1.78504
1.61647
1.4533
1.7191
1.66122
1.77225
1.72485
1.60778
1.6747
1.46332
1.63758
1.70501
1.66354
1.71536
1.64296
1.64599
1.72632
1.58129
1.55363
1.51681
1.64912
1.55908
1.67317
1.53524
1.68845
1.693
1.72129
1.82779
1.87704
1.76551
1.73493
1.70218
1.745
1.75691
1.66694
1.65849
1.75336
1.58349
1.4709
1.75331
1.63313
1.59413
1.65413
1.60187
1.69893
1.60374
1.57244
1.48766
1.58447
1.53136
1.57162
1.7096
1.72138
1.6583
1.65411
1.6675
1.48082
1.44904
1.70624
1.72888
1.76713
1.82002
1.74864
1.63222
1.95979
1.78484
1.75522
1.73043
1.77769
1.71887
1.6713
1.67889
1.70122
1.8313
1.57716
1.53354
1.63527
1.64374
1.65554
1.44546
1.71961
1.72612
1.78854
1.82221
1.72704
1.59536
1.65224
1.5387
1.63594
1.58413
1.56486
1.53014
1.54243
1.41192
1.59479
1.55202
1.67718
1.68883
1.67455
1.79697
1.60388
1.65071
1.51711
1.51332
1.63421
1.70967
1.6204
1.7835
1.79104
1.77512
1.62681
1.6431
1.64075
1.64213
1.53744
1.68256
1.69881
1.74141
1.75278
1.68643
1.57321
1.48119
1.70181
1.71135
1.88392
1.63998
1.5664
1.71214
1.65672
1.4124
1.48252
1.53639
1.40471
1.53634
1.5595
1.7124
1.76166
1.54861
1.63515
1.59866
1.59943
1.60606
1.56462
1.62269
1.64564
1.55389
1.67827
1.6464
1.62039
1.60376
1.52768
1.56325
1.61711
1.52538
1.57711
1.4052
1.62143
1.56488
1.72687
1.48922
1.66282
1.47199
1.54276
1.54168
1.55497
1.64413
1.52548
1.52325
1.67809
1.6086
1.60599
1.54989
1.46599
1.58547
1.73226
1.6629
1.61396
1.67324
1.53848
1.49561
1.60487
1.53718
1.63443
1.61354
1.53015
1.62194
1.62694
1.70386
1.80077
1.70234
1.76237
1.61202
1.53257
1.64035
1.89992
1.87347
1.84412
1.70153
1.68978
1.70421
1.79335
1.74449
1.77655
1.55928
1.5193
1.4776
1.48733
1.55185
1.4162
1.5284
1.57224
1.42906
1.50559
1.5454
1.51742
1.58189
1.66075
1.73665
1.82503
1.72108
1.78573
1.66887
1.58098
1.63815
1.63659
1.58322
1.56286
1.67425
1.59477
1.38448
1.5215
1.58623
1.36067
1.56418
1.53306
1.57193
1.75709
1.80726
1.63852
1.69718
1.72345
1.62418
1.66017
1.79171
1.58591
1.62282
1.6253
1.68491
1.51775
1.62209
1.79103
1.61766
1.62053
1.52164
1.65397
1.76044
1.66748
1.62733
1.57998
1.67736
1.61402
1.68761
1.73962
1.72667
1.65914
1.79818
1.67904
1.55267
1.65974
1.65505
1.54993
1.54326
1.46683
1.57285
1.60466
1.68197
0.943591