9.21854
8.2728
7.39856
6.86448
6.45029
6.12274
5.78168
5.50005
5.00161
4.62936
4.42992
4.05339
3.93821
3.64845
3.5269
3.35954
3.22697
3.1341
2.942
2.91526
2.65997
2.55717
2.52302
2.67462
2.85477
2.78079
2.47975
2.51323
2.46507
2.56581
2.51938
2.56367
2.57618
2.63559
2.56364
2.38484
2.24757
2.41937
2.44842
2.39106
2.36372
2.18931
2.19834
2.10336
2.00383
1.90059
1.80693
2.0019
2.00555
1.91954
2.03106
1.9703
1.98799
2.01271
2.06414
2.32697
2.22555
2.11203
1.96494
2.07254
2.23171
2.46559
2.49831
2.49399
2.32802
2.13517
2.15828
1.9911
1.86133
2.0022
1.98746
2.0449
2.12161
2.20299
2.02242
2.00548
1.98279
2.03834
1.7773
2.09904
2.03868
2.00595
1.79791
1.9843
2.10824
1.9876
1.8582
1.85922
1.9818
1.80517
1.87965
1.76454
1.82442
1.84169
1.92073
1.85195
1.78876
1.81565
1.95447
1.86724
1.9418
1.83749
1.82986
1.73446
1.75545
1.64057
1.86846
1.79512
1.97884
1.8997
1.79503
1.62065
1.72067
1.7812
1.74741
1.73679
1.68218
1.688
1.84891
1.74493
1.76129
1.69722
1.83092
1.7572
1.76132
1.69653
1.8253
1.67083
1.75194
1.69028
1.53517
1.5953
1.82256
1.6841
1.88607
1.85213
1.86413
1.76452
1.84717
1.76506
1.73513
1.6434
1.77221
1.79603
1.72404
1.85536
1.99003
1.82675
1.71487
1.68392
1.77114
1.68598
1.80822
1.78466
1.75545
1.81794
1.81338
1.71167
1.65973
1.78827
1.88911
1.69718
1.53167
1.62034
1.65561
1.9427
2.03307
1.83155
1.91916
1.7348
1.77868
1.73385
1.62322
1.69325
1.64261
1.60609
1.61452
1.62415
1.84608
1.89613
1.78588
1.83843
1.80559
1.80712
1.87614
1.80301
1.80896
1.83041
1.87473
1.73001
1.81803
1.88966
1.77027
1.74437
1.78624
1.80342
1.7955
1.75617
1.60669
1.85002
1.92549
1.72635
1.67221
1.85713
1.94551
1.83114
1.8156
1.91234
1.80597
1.65821
1.82449
1.90297
1.90198
1.92508
1.80662
1.81565
1.76261
1.71931
1.8053
1.9543
1.84756
1.82921
1.84388
1.74852
1.62133
1.67325
1.67294
2.07463
1.72844
1.66721
1.7402
1.71625
1.77154
1.73216
1.71638
1.96231
1.82363
1.71454
1.64274
1.63699
1.82484
1.7523
1.79061
1.75096
1.70389
2.00099
1.82502
1.72366
1.74388
1.79095
1.74736
1.73554
1.84557
1.66559
1.8496
1.84144
1.72476
1.75323
1.78518
1.75144
1.7143
1.79998
1.75416
1.82724
1.82162
1.75831
1.78885
1.72635
1.76194
1.86985
1.89185
1.87633
1.8317
1.79169
1.87399
1.80194
1.92095
1.83338
1.6779
1.72858
1.87041
1.99599
1.92055
1.90686
1.80286
1.73688
1.74361
1.8619
1.79769
2.01679
2.01448
1.94027
1.8274
1.70486
1.74008
1.72213
1.77046
1.78193
1.79571
1.74646
1.88034
2.04191
1.87743
1.79823
1.80685
1.94462
1.86241
1.84318
1.69435
1.90699
1.8481
1.7735
1.87963
1.68474
1.85122
1.95041
1.88115
1.71133
1.82627
1.84667
1.81881
1.96752
1.92527
1.853
1.78794
1.7019
1.80865
2.08967
1.97861
1.75265
1.75809
1.86063
1.78506
1.77018
1.707
1.74063
1.78937
1.84761
1.91324
1.79367
1.92551
1.78316
1.77768
1.80455
1.67156
1.67779
1.64456
1.74542
1.76305
1.8424
1.97849
1.86264
1.68088
1.8743
1.96216
1.99566
1.87559
1.74246
1.73511
1.71521
1.79828
1.8302
1.71646
1.80988
1.86131
1.92712
1.86971
1.88436
1.71769
1.77098
1.7268
1.73499
1.77433
1.89504
1.94009
2.07525
1.79299
1.64891
1.72748
1.83078
1.62079
1.70605
1.74822
1.99644
2.04739
1.97781
1.89064
1.86665
1.89802
2.03371
1.92717
1.85322
1.80905
1.78199
1.85562
1.72439
1.82558
1.83227
1.74347
1.80041
1.87635
1.77979
1.83472
1.7116
1.75636
1.68079
1.73128
1.88407
1.83143
1.67571
1.66506
1.68577
1.88671
1.72173
1.76743
1.64716
1.83323
1.86108
1.80501
1.85215
1.89041
1.88308
1.75437
1.67588
1.64609
1.83375
1.81456
1.87516
1.99146
1.94466
1.92508
1.95744
1.88728
1.90381
1.91072
1.78564
1.75209
1.79466
1.96136
1.91147
1.80288
1.7425
1.98997
1.97379
2.01955
2.00351
1.93447
1.80352
1.7129
1.72111
1.87207
1.97297
1.99154
2.02074
1.96703
1.85879
1.93307
1.86193
1.89923
1.79744
1.68302
1.67805
1.48972
1.61095
1.69992
1.61143
1.74012
1.94166
1.771
1.91806
1.76223
1.69525
1.6376
1.75375
1.87225
1.87467
1.60359
1.81893
1.82138
1.82834
1.79824
1.75755
1.85361
1.85061
1.78116
1.80733
1.70199
1.73027
1.74406
1.71465
1.63298
1.64723
1.66418
1.76567
1.75562
1.77311
1.87266
1.68282
1.04848