0
0.00238466
0.00995978
0.0116128
0.00965869
0.0214114
0.020732
0.0181909
0.0165477
0.0149494
0.0139064
0.0127668
0.0125202
0.0117886
0.0115959
0.0108739
0.0107479
0.0108947
0.0103412
0.00984211
0.00996368
0.00960185
0.00930284
0.00909257
0.00875845
0.00843491
0.00814447
0.00789855
0.00824321
0.00820561
0.00798044
0.00784147
0.00760426
0.00738448
0.00731408
0.00713666
0.00694621
0.00676621
0.00662056
0.00645506
0.00636263
0.00626186
0.00612433
0.00608256
0.00597508
0.00586719
0.00582873
0.00571303
0.00559835
0.00556695
0.0054591
0.00535617
0.00528704
0.00523858
0.00516783
0.00507569
0.00499007
0.00492415
0.00485826
0.00478582
0.00471113
0.00465814
0.00461329
0.00455305
0.00448345
0.00441578
0.00437356
0.00432135
0.00426972
0.00425256
0.00419608
0.00419172
0.00413524
0.00408953
0.00403507
0.00398269
0.00400677
0.00397434
0.00394636
0.00389765
0.00385139
0.00384028
0.00384506
0.00379959
0.00385872
0.00382269
0.00381493
0.00378093
0.00377123
0.00374072
0.00379896
0.0037767
0.00375291
0.00373117
0.00374244
0.00371106
0.00395854
0.00399991
0.00400035
0.00396107
