-3.48956
-3.49043
-3.49021
-3.49024
-3.49047
-3.49018
-3.48968
-3.48933
-3.48925
-3.48957
-3.48984
-3.49003
-3.49017
-3.49031
-3.49033
-3.49035
-3.49047
-3.49065
-3.49079
-3.49083
-3.49088
-3.49098
-3.49106
-3.49123
-3.49133
-3.49145
-3.49162
-3.49167
-3.49165
-3.49163
-3.49165
-3.49165
-3.49162
-3.49158
-3.4916
-3.49164
-3.49168
-3.49169
-3.49168
-3.49167
-3.49167
-3.4917
-3.49175
-3.49178
-3.49188
-3.49195
-3.49196
-3.49199
-3.49203
-3.4921
-3.49217
-3.49221
-3.49229
-3.49236
-3.49239
-3.49241
-3.49245
-3.49253
-3.49259
-3.49265
-3.49268
-3.49268
-3.49266
-3.49269
-3.49271
-3.49271
-3.49269
-3.49265
-3.49261
-3.49259
-3.49256
-3.49252
-3.49252
-3.49253
-3.49253
-3.49256
-3.49257
-3.49254
-3.49251
-3.49248
-3.49243
-3.49239
-3.49237
-3.49234
-3.49234
-3.49236
-3.49235
-3.49233
-3.4923
-3.49227
-3.49223
-3.49222
-3.49221
-3.49217
-3.49216
-3.49214
-3.49217
-3.49221
-3.49223
-3.49224
