1.05881
1.06218
1.05014
1.06041
1.05745
1.03572
1.0253
1.02385
1.02759
1.02895
1.03204
1.03131
1.03571
1.03774
1.03395
1.0342
1.03758
1.04165
1.04231
1.04292
1.04639
1.04504
1.04655
1.04837
1.04911
1.04862
1.04923
1.04838
1.05156
1.05355
1.05436
1.05303
1.05295
1.0527
1.05126
1.05064
1.05083
1.05063
1.05002
1.05003
1.04911
1.04992
1.0496
1.0507
1.05128
1.05076
1.04975
1.0495
1.04935
1.0503
1.05018
1.05033
1.04974
1.04902
1.04953
1.04949
1.04967
1.05012
1.04971
1.05
1.05018
1.04972
1.0492
1.04887
1.04893
1.04898
1.04852
1.04819
1.04789
1.0485
1.04867
1.04935
1.04926
1.04897
1.04899
1.04892
1.04813
1.04774
1.04732
1.04739
1.04751
1.04699
1.04636
1.04641
1.0473
1.04704
1.04757
1.04783
1.04833
1.04863
1.04776
1.04814
1.0485
1.04813
1.04874
1.04898
1.05047
1.05127
1.05185
1.05192
