0
0.000619736
0.000452852
0.000340991
0.00034298
0.000388763
0.000572054
0.000600453
0.000538715
0.000574442
0.000582254
0.00056301
0.000536807
0.000515182
0.000481324
0.000451728
0.00044022
0.000450169
0.000449611
0.000428309
0.000411682
0.000405202
0.000394553
0.000413796
0.000408851
0.000410432
0.000427398
0.00041532
0.000401385
0.000388713
0.000376671
0.000364995
0.000355606
0.000347014
0.000337394
0.000331128
0.000323874
0.000315479
0.000307441
0.000299903
0.000292598
0.000287581
0.000284748
0.000279928
0.000292337
0.000293226
0.000287158
0.000282463
0.000280732
0.000282765
0.000286884
0.000283479
0.000289123
0.000292261
0.000288307
0.000283979
0.000281523
0.000287441
0.000289862
0.00029067
0.00028746
0.000282839
0.000278806
0.000275812
0.00027263
0.000268528
0.000265469
0.000264133
0.000262772
0.000259743
0.000258043
0.000257269
0.000253754
0.000250406
0.000247156
0.000245343
0.000242514
0.000242127
0.000241011
0.000239483
0.000240994
0.000241539
0.00023998
0.000238497
0.000235694
0.000233955
0.000231403
0.000229764
0.000228972
0.000229313
0.000229982
0.000227537
0.000225696
0.000225468
0.000223926
0.000221829
0.000221585
0.000222182
0.000220866
0.000219064
