1.64033
1.62697
1.61153
1.59576
1.58163
1.57081
1.56416
1.56173
1.56283
1.56638
1.57114
1.57626
1.58156
1.58754
1.59478
1.60322
1.6118
1.61853
1.62105
1.61742
1.60659
1.58896
1.56668
1.54333
1.52298
1.50892
1.50284
1.505
1.51473
1.5308
1.55163
1.57529
1.59969
1.62278
1.64283
1.65881
1.67053
1.67857
1.68342
1.68455
1.68022
1.66846
1.64858
1.62171
1.59037
1.55732
1.52459
1.4932
1.46362
1.43646
1.41296
1.3947
1.38286
1.37751
1.37745
1.38086
1.38609
1.39197
1.39784
1.40344
1.40895
1.41486
1.42178
1.43014
1.43984
1.4502
1.45996
1.46781
1.47292
1.47561
1.47729
1.47999
1.48547
1.49459
1.50717
1.52224
1.53843
1.55412
1.56789
1.57874
1.58638
1.59115
1.59369
1.59451
1.59373
1.5912
1.58691
1.58117
1.57463
1.56803
1.56208
1.55738
1.55445
1.55366
1.55514
1.55854
1.56301
1.56756
1.57163
1.57547
1.58005
1.58641
1.59474
1.60379
1.61105
1.61366
1.60967
1.59878
1.58252
1.56376
1.5459
1.53193
1.52362
1.52109
1.52312
1.52791
1.53388
1.54018
1.54681
1.55432
1.56337
1.57444
1.58771
1.60319
1.62071
1.63989
1.65982
1.67887
1.69476
1.705
1.70738
1.70041
1.68352
1.65739
1.62394
1.5861
1.54745
1.51174
1.48216
1.46099
1.44904
1.44549
1.4483
1.45499
1.46338
1.47211
1.48076
1.48964
1.49936
1.51029
1.52228
1.53456
1.54598
1.55542
1.56218
1.56628
1.56842
1.56967
1.5711
1.57362
1.57806
1.5853
1.59598
1.61024
1.62738
1.64587
1.6638
1.67936
1.69124
1.69866
1.70134
1.69937
1.6931
1.68329
1.67116
1.65849
1.6473
1.63932
1.63526
1.63438
1.63467
1.63358
1.62893
1.61947
1.60489
1.58567
1.56273
1.53762
1.51286
1.49235
1.48078
1.48181
1.49624
1.52189
1.55496
1.59138
1.62766
1.66109
1.68972
1.71216
1.7274
1.73483
1.73415
1.72533
1.70867
1.6848
1.65497
1.62137
1.58706
1.55574
1.53095
1.51515
1.50878
1.50997
1.51532
1.52157
1.52706
1.53227
1.53918
1.54995
1.56542
1.58444
1.60437
1.62208
1.63506
1.64201
1.64303
1.63947
1.6336
1.62809
1.62505
1.62538
1.62875
1.63401
1.63958
1.64383
1.6455
1.64391
1.6389
1.6305
1.61913
1.60613
1.59395
1.58554
1.58305
1.58675
1.59492
1.60454
1.61219
1.61469
1.60979
1.5971
1.57884
1.55936
1.54314
1.53247
1.5272
1.52664
1.53127
1.54233
1.56019
1.58292
1.60636
1.62541
1.63575
1.63494
1.62258
1.60006
1.57027
1.53757
1.50751
1.48591
1.47687
1.48141
1.49774
1.52278
1.55329
1.58622
1.6187
1.64813
1.67234
1.69004
1.70122
1.70731
1.7108
1.71435
1.71953
1.7262
1.73265
1.73649
1.73565
1.72896
1.71637
1.6988
1.67792
1.65572
1.63444
1.61659
1.60474
1.60068
1.60419
1.61268
1.62235
1.62985
1.6333
1.63227
1.62709
1.61835
1.60652
1.59168
1.57359
1.55228
1.52913
1.50771
1.49281
1.4877
1.49182
1.50166
1.51362
1.52559
1.53682
1.54713
1.55636
1.56459
1.57236
1.58054
1.58949
1.59822
1.60446
1.60576
1.60085
1.59039
1.57687
1.56364
1.55392
1.54975
1.55121
1.55642
1.56219
1.56522
1.56314
1.55498
1.54103
1.52273
1.50237
1.483
1.468
1.46045
1.46207
1.47259
1.48978
1.5103
1.53057
1.5476
1.55934
1.56501
1.56516
1.56146
1.55619
1.55171
1.54992
1.55199
1.55826
1.56826
1.58074
1.59402
1.60618
1.61531
1.61979
1.6186
1.61169
1.60014
1.586
1.57182
1.55992
1.55158
1.54665
1.54377
1.54111
1.53739
1.53264
1.52821
1.52608
1.52762
1.5328
1.54018
1.5476
1.55307
1.55572
1.55614
1.55624
1.55825
1.56343
1.57118
1.57939
1.58577
1.58899
1.58891
1.58605
1.58073
1.57247
1.5599
1.54169
1.5181
1.49259
1.47243
1.46688
1.4822
1.51689
1.56245
1.6085
1.6468
1.67226
1.68251
1.67723
1.65788
1.62762
1.59129
1.55494
1.52482
1.50566
1.49928
1.50453
1.51848
1.53783
1.55951
1.58071
1.59906
1.61347
1.62474
1.63478
1.6448
1.65407
1.66057
1.66259
1.65979
1.653
1.64363
1.6329
1.62174
1.61103
1.60192
1.59598
1.59505
1.60062
1.61221
1.62629
1.63722
1.63999
1.63238
1.61527
1.59161
1.56529
1.54058
1.52164
1.5113
1.50959
1.51386
1.52031
1.52561
1.52762
1.52556
1.51978
1.51148
1.50229
1.49405
1.48862
1.48754
1.49162
1.50049
1.51259
1.52576
1.53826
1.54938
1.55928
1.56809
1.57509
1.57898
1.57863
1.57398
1.5662
1.55737
1.54992
1.54592
1.5466
1.552
1.56111
1.5725
1.58489
1.59742
1.60981
1.62218
1.63472
1.6472
1.65855
1.66676
1.66936
1.66431
1.65108
1.6312
1.60792
1.5853
1.56695
1.55484
1.54914
1.54883
1.55247
1.55861
1.5657
1.57229
1.57751
1.58138
1.5847
1.58836
1.59239
1.59576
1.59674
1.59372
1.58574
1.57312
1.55769
1.54262
1.53115
1.52499
1.52337
1.52398
1.52453
1.52369
1.52095
1.51631
1.51032
1.50413
1.49946
1.49788
1.50012
1.50594
1.51483
1.52662
1.5413
1.55847
1.5769
1.59485
1.6106
1.6228
1.63059
1.63366
1.63214
1.62664
1.61807
1.60751
1.59603
1.58466
1.57449
1.56667
1.56212
1.56112
1.56288
1.56579
1.56814
1.56912
1.56904
1.56885
1.56931
1.57089
1.5744
1.58123
1.59252
1.60794
1.62542
1.6421
1.65542
1.66353
1.66511
1.6589
1.64417
1.6217
1.59436
1.5665
1.54216
1.52355
1.51121
1.50526
1.50608
1.51356
1.52621
1.54121
1.55557
1.56727
1.57571
1.58135
1.58522
1.58835
1.59144
1.59475
1.59831
1.60208
1.60601
1.60993
1.61335
1.61552
1.61572
1.61375
1.61004
1.60516
1.59936
1.59252
1.5846
1.57604
1.56739
1.55889
1.55039
1.54178
1.53344
1.5262
1.52109
1.51911
1.52093
1.52663
1.5352
1.54447
1.55164
1.55428
1.55133
1.54342
1.53246
1.52066
1.50973
1.50083
1.49503
1.49373
1.49831
1.50915
1.52472
1.54163
1.55576
1.56386
1.56484
1.56019
1.5534
1.54854
1.54847
1.55379
1.56259
1.57144
1.57725
1.57977
1.58284
1.59158
1.60635
1.62115
1.62896
1.62688
1.61656
1.60174
1.58578
1.57072
1.55705
1.54424
1.53143
1.51828
1.50562
1.4956
1.49111
1.4944
1.50576
1.5231
1.54262
1.56043
1.57384
1.58192
1.58488
1.5832
1.57706
1.56665
1.55263
1.53641
1.51974
1.50417
1.49074
1.48012
1.47309
1.47098
1.47562
1.48859
1.51012
1.53841
1.57008
1.60108
1.62785
1.64784
1.65984
1.66401
1.66163
1.65465
1.64519
1.63492
1.62475
1.61496
1.60557
1.59689
1.58976
1.58515
1.58343
1.58399
1.58556
1.58726
1.58932
1.59311
1.60021
1.61125
1.6254
1.64059
1.65419
1.66379
1.66769
1.66514
1.65658
1.64359
1.62843
1.61353
1.60063
1.59027
1.58198
1.57479
1.56779
1.56042
1.55263
1.54486
1.5378
1.53202
1.52771
1.52489
1.52381
1.52529
1.53023
1.53852
1.5487
1.55866
1.56673
1.57217
1.57511
1.57619
1.57618
1.57577
1.57534
1.57508
1.5751
1.57574
1.57748
1.58055
1.58438
1.58767
1.58881
1.58656
1.58036
1.57041
1.55765
1.5437
1.53033
1.51867
1.50861
1.49906
1.48894
1.47819
1.46812
1.46128
1.46081
1.46933
1.48704
1.51055
1.53401
1.55192
1.5611
1.56098
1.55272
1.5383
1.51993
1.49998
1.48099
1.46577
1.45712
1.45712
1.4664
1.48383
1.5067
1.53147
1.55479
1.57416
1.58821
1.59644
1.59896
1.59639
1.59005
1.5822
1.57542
1.57131
1.56976
1.56954
1.5697
1.57033
1.57228
1.57628
1.58221
1.58901
1.59492
1.59809
1.59718
1.59195
1.5831
1.57194
1.55982
1.54754
1.5354
1.5233
1.51112
1.49897
1.48724
1.47629
1.46651
1.45851
1.45335
1.4523
1.4565
1.46612
1.48021
1.4968
1.51331
1.52718
1.53646
1.54039
1.53973
1.53665
1.53425
1.53591
1.54448
1.56137
1.58558
1.61366
1.64104
1.66388
1.68021
1.69002
1.69449
1.69526
1.69382
1.691
1.68674
1.68016
1.66992
1.6548
1.63422
1.60874
1.58005
1.55085
1.52435
1.50343
1.49016
1.48568
1.49047
1.50446
1.52679
1.55552
1.58777
1.62024
1.64981
1.67392
1.6907
1.69908
1.6989
1.69082
1.676
1.65629
1.63414
1.61248
1.59416
1.58126
1.57459
1.57387
1.57799
1.58553
1.5951
1.60566
1.61666
1.62795
1.63939
1.65025
1.65917
1.66444
1.66481
1.66025
1.65239
1.64412
1.63803
1.6347
1.63179
1.62536
1.61196
1.59037
1.56204
1.53031
1.49921
1.47204
1.45075
1.4361
1.42817
1.42701
1.43269
1.4452
1.46428
1.48929
1.51911
1.5519
1.58511
1.6158
1.64122
1.65945
1.66968
1.67218
1.6681
1.65926
1.64798
1.63684
1.62809
1.62309
1.62154
1.62158
1.62066
1.6166
1.60828
1.59521
1.57718
1.55458
1.52908
1.50386
1.48327
1.47236
1.47588
1.49657
1.53315
1.57986
1.62836
1.67069
1.70108
1.71637
1.71566
1.69992
1.67177
1.63554
1.59717
1.56343
1.54034
1.53131
1.53632
1.5527
1.57678
1.60526
1.63585
1.6673
1.69896
1.73002
1.75886
1.78344
1.80183
1.81289
1.81634
1.81256
1.80253
1.78754
1.7692
1.74925
1.72958
1.71195
1.69783
1.68816
1.6832
1.68245
1.68472
1.68817
1.69048
1.68932
1.68331
1.6729
1.66074
1.65075
1.64631
1.64853
1.65552
1.66363
1.66909
1.66934
1.66342
1.65168
1.63546
1.61658
1.59704
1.5784
1.56125
1.54522
1.52945
1.5135
