1.09356
1.08465
1.07435
1.06384
1.05442
1.04721
1.04277
1.04115
1.04189
1.04425
1.04743
1.05084
1.05437
1.05836
1.06319
1.06881
1.07454
1.07902
1.0807
1.07828
1.07106
1.05931
1.04446
1.02889
1.01532
1.00594
1.00189
1.00334
1.00982
1.02054
1.03442
1.0502
1.06646
1.08185
1.09522
1.10587
1.11369
1.11904
1.12228
1.12304
1.12015
1.11231
1.09905
1.08114
1.06025
1.03821
1.01639
0.995469
0.975748
0.95764
0.941972
0.929799
0.921907
0.918339
0.9183
0.920571
0.924057
0.927979
0.931895
0.935626
0.939298
0.943239
0.947853
0.953423
0.959896
0.9668
0.973308
0.978537
0.981948
0.983738
0.984861
0.986658
0.990316
0.996394
1.00478
1.01483
1.02562
1.03608
1.04526
1.05249
1.05759
1.06076
1.06246
1.06301
1.06248
1.0608
1.05794
1.05411
1.04975
1.04535
1.04138
1.03825
1.0363
1.03578
1.03676
1.03902
1.042
1.04504
1.04775
1.05031
1.05337
1.05761
1.06316
1.06919
1.07403
1.07578
1.07312
1.06586
1.05502
1.04251
1.0306
1.02128
1.01575
1.01406
1.01541
1.01861
1.02258
1.02679
1.0312
1.03621
1.04225
1.04962
1.05848
1.0688
1.08047
1.09326
1.10655
1.11924
1.12984
1.13667
1.13825
1.13361
1.12235
1.10493
1.08262
1.0574
1.03164
1.00782
0.988108
0.97399
0.966026
0.96366
0.965535
0.969993
0.975585
0.981408
0.987175
0.993096
0.999571
1.00686
1.01486
1.02304
1.03065
1.03694
1.04146
1.04419
1.04562
1.04645
1.0474
1.04908
1.05204
1.05686
1.06398
1.0735
1.08492
1.09725
1.1092
1.11957
1.12749
1.13244
1.13423
1.13291
1.12874
1.12219
1.11411
1.10566
1.0982
1.09288
1.09017
1.08959
1.08978
1.08905
1.08595
1.07964
1.06993
1.05711
1.04182
1.02508
1.00857
0.994899
0.987185
0.987876
0.997495
1.01459
1.03664
1.06092
1.08511
1.1074
1.12648
1.14144
1.1516
1.15655
1.1561
1.15022
1.13912
1.1232
1.10332
1.08091
1.05804
1.03716
1.02064
1.0101
1.00586
1.00664
1.01021
1.01438
1.01804
1.02151
1.02612
1.0333
1.04361
1.05629
1.06958
1.08138
1.09004
1.09468
1.09536
1.09298
1.08907
1.0854
1.08337
1.08359
1.08583
1.08934
1.09306
1.09589
1.097
1.09594
1.0926
1.087
1.07942
1.07075
1.06264
1.05703
1.05536
1.05784
1.06328
1.06969
1.07479
1.07646
1.07319
1.06474
1.05256
1.03957
1.02876
1.02165
1.01813
1.01776
1.02085
1.02822
1.04013
1.05528
1.07091
1.08361
1.0905
1.08996
1.08172
1.06671
1.04685
1.02505
1.00501
0.990608
0.984579
0.987604
0.998496
1.01519
1.03553
1.05748
1.07913
1.09876
1.11489
1.12669
1.13415
1.13821
1.14054
1.1429
1.14636
1.1508
1.1551
1.15766
1.1571
1.15264
1.14425
1.13254
1.11861
1.10381
1.08962
1.07772
1.06982
1.06712
1.06946
1.07512
1.08157
1.08657
1.08887
1.08818
1.08473
1.0789
1.07102
1.06112
1.04906
1.03485
1.01942
1.00514
0.995209
0.9918
0.994546
1.0011
1.00908
1.01706
1.02455
1.03142
1.03758
1.04306
1.04824
1.05369
1.05966
1.06548
1.06964
1.07051
1.06723
1.06026
1.05125
1.04243
1.03595
1.03316
1.03414
1.03762
1.04146
1.04348
1.04209
1.03665
1.02736
1.01515
1.00158
0.988667
0.978669
0.973631
0.974716
0.98173
0.99319
1.00686
1.02038
1.03174
1.03956
1.04334
1.04344
1.04098
1.03746
1.03447
1.03328
1.03466
1.03884
1.0455
1.05383
1.06268
1.07079
1.07687
1.07986
1.07907
1.07446
1.06676
1.05734
1.04788
1.03995
1.03439
1.0311
1.02918
1.0274
1.02492
1.02176
1.01881
1.01739
1.01841
1.02186
1.02679
1.03173
1.03538
1.03715
1.03743
1.03749
1.03883
1.04229
1.04745
1.05292
1.05718
1.05933
1.05927
1.05737
1.05382
1.04831
1.03993
1.02779
1.01206
0.995057
0.98162
0.977922
0.988135
1.01126
1.04163
1.07233
1.09786
1.11484
1.12168
1.11815
1.10525
1.08508
1.06086
1.03663
1.01655
1.00377
0.999522
1.00302
1.01232
1.02522
1.03967
1.05381
1.06604
1.07565
1.08316
1.08985
1.09653
1.10271
1.10704
1.1084
1.10653
1.102
1.09575
1.0886
1.08116
1.07402
1.06795
1.06399
1.06337
1.06708
1.07481
1.08419
1.09148
1.09332
1.08825
1.07685
1.06107
1.04353
1.02705
1.01442
1.00753
1.00639
1.00924
1.01354
1.01707
1.01842
1.01704
1.01319
1.00765
1.00152
0.996033
0.992411
0.991693
0.994413
1.00033
1.00839
1.01718
1.02551
1.03292
1.03952
1.04539
1.05006
1.05265
1.05242
1.04932
1.04413
1.03825
1.03328
1.03061
1.03107
1.03467
1.04074
1.04833
1.05659
1.06495
1.07321
1.08145
1.08981
1.09813
1.1057
1.11118
1.11291
1.10954
1.10072
1.08746
1.07194
1.05687
1.04463
1.03656
1.03276
1.03255
1.03498
1.03908
1.0438
1.04819
1.05167
1.05425
1.05647
1.05891
1.0616
1.06384
1.0645
1.06248
1.05716
1.04875
1.03846
1.02841
1.02077
1.01666
1.01558
1.01599
1.01636
1.01579
1.01396
1.01087
1.00688
1.00275
0.999642
0.998586
1.00008
1.00396
1.00989
1.01774
1.02753
1.03898
1.05126
1.06323
1.07373
1.08187
1.08706
1.0891
1.08809
1.08442
1.07871
1.07167
1.06402
1.05644
1.04966
1.04444
1.04141
1.04074
1.04192
1.04386
1.04542
1.04608
1.04602
1.0459
1.04621
1.04726
1.0496
1.05415
1.06168
1.07196
1.08361
1.09473
1.10361
1.10902
1.11007
1.10593
1.09612
1.08113
1.0629
1.04433
1.0281
1.0157
1.00747
1.00351
1.00405
1.00904
1.01748
1.02748
1.03705
1.04485
1.05047
1.05423
1.05681
1.0589
1.06096
1.06317
1.06554
1.06806
1.07068
1.07329
1.07557
1.07701
1.07715
1.07584
1.07336
1.07011
1.06624
1.06168
1.0564
1.05069
1.04492
1.03926
1.0336
1.02785
1.02229
1.01747
1.01406
1.01274
1.01395
1.01776
1.02347
1.02965
1.03443
1.03619
1.03422
1.02895
1.02164
1.01377
1.00648
1.00055
0.996687
0.995818
0.998872
1.0061
1.01648
1.02775
1.03717
1.04257
1.04323
1.04012
1.0356
1.03236
1.03231
1.03586
1.04173
1.04762
1.0515
1.05318
1.05523
1.06105
1.0709
1.08077
1.08597
1.08458
1.0777
1.06782
1.05718
1.04715
1.03803
1.02949
1.02095
1.01219
1.00374
0.99707
0.994074
0.996264
1.00384
1.0154
1.02841
1.04029
1.04923
1.05461
1.05659
1.05547
1.05137
1.04443
1.03509
1.02427
1.01316
1.00278
0.993829
0.98675
0.982059
0.980655
0.983749
0.992395
1.00675
1.02561
1.04672
1.06739
1.08523
1.09856
1.10656
1.10934
1.10775
1.1031
1.09679
1.08994
1.08317
1.07664
1.07038
1.06459
1.05984
1.05676
1.05562
1.05599
1.05704
1.05817
1.05954
1.06207
1.06681
1.07416
1.0836
1.09372
1.10279
1.10919
1.11179
1.1101
1.10439
1.09573
1.08562
1.07569
1.06709
1.06018
1.05465
1.04986
1.04519
1.04028
1.03508
1.02991
1.0252
1.02135
1.01848
1.01659
1.01587
1.01686
1.02015
1.02568
1.03247
1.03911
1.04449
1.04811
1.05007
1.05079
1.05079
1.05051
1.05023
1.05005
1.05006
1.05049
1.05166
1.0537
1.05625
1.05845
1.05921
1.05771
1.05357
1.04694
1.03843
1.02913
1.02022
1.01245
1.00574
0.999371
0.992626
0.985458
0.978748
0.974188
0.973875
0.979553
0.991359
1.00703
1.02267
1.03461
1.04073
1.04065
1.03515
1.02553
1.01328
0.999985
0.987329
0.977183
0.971415
0.97141
0.977599
0.989219
1.00447
1.02098
1.03652
1.04944
1.05881
1.0643
1.06598
1.06426
1.06004
1.0548
1.05028
1.04754
1.04651
1.04636
1.04647
1.04688
1.04819
1.05085
1.0548
1.05934
1.06328
1.06539
1.06479
1.0613
1.0554
1.04796
1.03988
1.03169
1.0236
1.01553
1.00741
0.99931
0.99149
0.984196
0.977673
0.972338
0.968897
0.968202
0.970997
0.977415
0.986807
0.997865
1.00888
1.01812
1.0243
1.02693
1.02649
1.02443
1.02283
1.02394
1.02966
1.04091
1.05705
1.07578
1.09403
1.10925
1.12014
1.12668
1.12966
1.13018
1.12922
1.12733
1.12449
1.12011
1.11328
1.1032
1.08948
1.07249
1.05337
1.0339
1.01623
1.00229
0.993441
0.990452
0.993645
1.00297
1.01786
1.03701
1.05851
1.08016
1.09987
1.11595
1.12714
1.13272
1.1326
1.12721
1.11734
1.10419
1.08942
1.07499
1.06278
1.05417
1.04973
1.04925
1.05199
1.05702
1.0634
1.07044
1.07777
1.0853
1.09292
1.10017
1.10611
1.10962
1.10987
1.10683
1.10159
1.09608
1.09202
1.0898
1.08786
1.08357
1.07464
1.06025
1.04136
1.02021
0.999475
0.981359
0.967169
0.957399
0.952116
0.951338
0.955127
0.96347
0.976184
0.992859
1.01274
1.0346
1.05674
1.0772
1.09414
1.1063
1.11312
1.11479
1.11207
1.10617
1.09865
1.09123
1.0854
1.08206
1.08102
1.08106
1.08044
1.07773
1.07219
1.06347
1.05145
1.03639
1.01939
1.00257
0.98885
0.981575
0.983921
0.997712
1.0221
1.05324
1.08557
1.1138
1.13405
1.14424
1.14378
1.13328
1.11451
1.09036
1.06478
1.04229
1.02689
1.02087
1.02422
1.03514
1.05118
1.07017
1.09057
1.11153
1.13264
1.15334
1.17257
1.18896
1.20122
1.2086
1.21089
1.20837
1.20169
1.19169
1.17946
1.16617
1.15305
1.1413
1.13189
1.12544
1.12213
1.12163
1.12315
1.12544
1.12698
1.12622
1.12221
1.11527
1.10716
1.1005
1.09754
1.09902
1.10368
1.10909
1.11273
1.11289
1.10894
1.10112
1.0903
1.07772
1.0647
1.05227
1.04084
1.03015
1.01964
1.009
