-5.07777
-5.0837
-5.06541
-5.08085
-5.07665
-5.04376
-5.02763
-5.02511
-5.03063
-5.033
-5.03791
-5.037
-5.04374
-5.04691
-5.04125
-5.04165
-5.04684
-5.05313
-5.05426
-5.05521
-5.06046
-5.05854
-5.06088
-5.06379
-5.06499
-5.06439
-5.06547
-5.06423
-5.06899
-5.07196
-5.07319
-5.0712
-5.07104
-5.07064
-5.06848
-5.06761
-5.06792
-5.06763
-5.06671
-5.06672
-5.06534
-5.06658
-5.06615
-5.06782
-5.0688
-5.0681
-5.06659
-5.06623
-5.06606
-5.06755
-5.06744
-5.0677
-5.0669
-5.06589
-5.06668
-5.06664
-5.06696
-5.06771
-5.06715
-5.06764
-5.06796
-5.06725
-5.06646
-5.06599
-5.06611
-5.06618
-5.06547
-5.06494
-5.06444
-5.06534
-5.06557
-5.06654
-5.0664
-5.06598
-5.06602
-5.06593
-5.06478
-5.06415
-5.06349
-5.06357
-5.0637
-5.06287
-5.0619
-5.06195
-5.06329
-5.06292
-5.0637
-5.06408
-5.0648
-5.06521
-5.06387
-5.06443
-5.06495
-5.06436
-5.06527
-5.06562
-5.06787
-5.06912
-5.07
-5.07013
