0
0.003577
0.0149397
0.0174191
0.014488
0.0321171
0.031098
0.0272864
0.0248216
0.022424
0.0208596
0.0191502
0.0187803
0.0176829
0.0173938
0.0163108
0.0161218
0.016342
0.0155118
0.0147632
0.0149455
0.0144028
0.0139543
0.0136389
0.0131377
0.0126524
0.0122167
0.0118478
0.0123648
0.0123084
0.0119707
0.0117622
0.0114064
0.0110767
0.0109711
0.010705
0.0104193
0.0101493
0.00993084
0.00968259
0.00954395
0.00939278
0.0091865
0.00912383
0.00896262
0.00880078
0.00874309
0.00856955
0.00839752
0.00835042
0.00818866
0.00803426
0.00793056
0.00785787
0.00775175
0.00761354
0.0074851
0.00738623
0.00728738
0.00717874
0.00706669
0.00698722
0.00691993
0.00682958
0.00672518
0.00662367
0.00656034
0.00648203
0.00640458
0.00637884
0.00629412
0.00628758
0.00620285
0.00613429
0.00605261
0.00597404
0.00601016
0.00596151
0.00591954
0.00584648
0.00577708
0.00576042
0.00576759
0.00569939
0.00578808
0.00573403
0.00572239
0.00567139
0.00565684
0.00561108
0.00569844
0.00566504
0.00562936
0.00559676
0.00561365
0.00556658
0.0059378
0.00599986
0.00600052
0.0059416
