1.58821
1.59327
1.57521
1.59061
1.58618
1.55358
1.53795
1.53578
1.54138
1.54343
1.54807
1.54697
1.55357
1.55661
1.55092
1.5513
1.55637
1.56248
1.56347
1.56439
1.56958
1.56755
1.56982
1.57256
1.57366
1.57294
1.57385
1.57257
1.57734
1.58033
1.58154
1.57954
1.57942
1.57906
1.57689
1.57596
1.57624
1.57595
1.57503
1.57505
1.57367
1.57488
1.5744
1.57604
1.57692
1.57615
1.57463
1.57424
1.57402
1.57545
1.57527
1.57549
1.57462
1.57353
1.57429
1.57423
1.57451
1.57519
1.57456
1.57499
1.57528
1.57458
1.5738
1.5733
1.5734
1.57347
1.57278
1.57229
1.57183
1.57275
1.57301
1.57402
1.57388
1.57345
1.57349
1.57337
1.5722
1.57162
1.57098
1.57109
1.57127
1.57048
1.56954
1.56961
1.57095
1.57056
1.57135
1.57175
1.5725
1.57294
1.57164
1.57221
1.57274
1.57219
1.57311
1.57347
1.5757
1.57691
1.57777
1.57789
