-3.48947
-3.48917
-3.48901
-3.48901
-3.48992
-3.48916
-3.49007
-3.48946
-3.49007
-3.49022
-3.48992
-3.48992
-3.49082
-3.49188
-3.49264
-3.49294
-3.49158
-3.49204
-3.49128
-3.49007
-3.48932
-3.49007
-3.49037
-3.48992
-3.48946
-3.48931
-3.48991
-3.49067
-3.48961
-3.48886
-3.48841
-3.48932
-3.48992
-3.49022
-3.49083
-3.49098
-3.49113
-3.49053
-3.49083
-3.49128
-3.49144
-3.49174
-3.49159
-3.49113
-3.49098
-3.49113
-3.49234
-3.49203
-3.49113
-3.49052
-3.49052
-3.49098
-3.48992
-3.48916
-3.48826
-3.4878
-3.4875
-3.4875
-3.48765
-3.48811
-3.4878
-3.4881
-3.48795
-3.48825
-3.48614
-3.48599
-3.48599
-3.48599
-3.48569
-3.48478
-3.48583
-3.48613
-3.48659
-3.48689
-3.48659
-3.48719
-3.48689
-3.48765
-3.48735
-3.48735
-3.48795
-3.4884
-3.4878
-3.4884
-3.4875
-3.4884
-3.48916
-3.48916
-3.48946
-3.49006
-3.49142
-3.49203
-3.49188
-3.49173
-3.49203
-3.49263
-3.49294
-3.49324
-3.49339
-3.49369
-3.49369
-3.49475
-3.49475
-3.49354
-3.49233
-3.49188
-3.49128
-3.49083
-3.49128
-3.49113
-3.49127
-3.49067
-3.49203
-3.49218
-3.49279
-3.49294
-3.49324
-3.49188
-3.49173
-3.49218
-3.49248
-3.49263
-3.49415
-3.49324
-3.49173
-3.49128
-3.49082
-3.49037
-3.49068
-3.49113
-3.49219
-3.49143
-3.49143
-3.49173
-3.49143
-3.49203
-3.49233
-3.49324
-3.49339
-3.49142
-3.49142
-3.49067
-3.49067
-3.49143
-3.49052
-3.48962
-3.48977
-3.49037
-3.49098
-3.49098
-3.49113
-3.49037
-3.49022
-3.49037
-3.49098
-3.49053
-3.49052
-3.49067
-3.49052
-3.49143
-3.49173
-3.49203
-3.49218
-3.49234
-3.49188
-3.49203
-3.49219
-3.49249
-3.49309
-3.49355
-3.49415
-3.49415
-3.49355
-3.49324
-3.49324
-3.49384
-3.49324
-3.49369
-3.49354
-3.494
-3.49339
-3.494
-3.49476
-3.49385
-3.49309
-3.494
-3.4943
-3.49279
-3.49234
-3.49173
-3.49188
-3.49097
-3.49037
-3.49113
-3.49143
-3.49188
-3.49204
-3.49219
-3.49128
-3.49128
-3.49007
-3.49098
-3.49113
-3.49143
-3.49204
-3.49264
-3.49279
-3.49234
-3.49279
-3.49399
-3.49384
-3.49414
-3.49415
-3.49249
-3.49279
-3.49279
-3.49249
-3.49294
-3.49294
-3.49249
-3.49234
-3.49128
-3.49204
-3.49189
-3.49234
-3.4931
-3.4937
-3.49325
-3.49325
-3.494
-3.494
-3.4943
-3.49551
-3.49581
-3.49461
-3.49536
-3.49566
-3.49581
-3.49566
-3.49506
-3.49415
-3.49415
-3.49354
-3.49369
-3.49369
-3.49385
-3.49309
-3.4934
-3.49385
-3.49355
-3.49401
-3.4931
-3.4937
-3.4943
-3.494
-3.49445
-3.49536
-3.49476
-3.49491
-3.49596
-3.49551
-3.49597
-3.49597
-3.49597
-3.49597
-3.49643
-3.49612
-3.49612
-3.49597
-3.49521
-3.49475
-3.4946
-3.4949
-3.49339
-3.494
-3.4937
-3.49219
-3.49098
-3.49174
-3.49053
-3.49068
-3.49099
-3.49174
-3.49219
-3.49189
-3.49234
-3.49158
-3.49053
-3.48992
-3.48962
-3.49008
-3.48993
-3.49038
-3.49128
-3.49159
-3.49158
-3.49143
-3.49128
-3.49067
-3.49113
-3.49083
-3.49158
-3.49159
-3.49234
-3.49249
-3.4928
-3.49295
-3.49279
-3.49249
-3.49249
-3.49189
-3.49249
-3.49204
-3.49219
-3.49218
-3.49264
-3.49188
-3.49143
-3.49098
-3.49144
-3.49159
-3.49068
-3.49098
-3.49083
-3.49098
-3.49023
-3.48992
-3.48978
-3.49008
-3.48993
-3.49023
-3.49083
-3.49038
-3.49038
-3.49007
-3.49007
-3.48962
-3.49038
-3.49098
-3.49084
-3.49068
-3.49174
-3.49189
-3.49159
-3.49204
-3.49204
-3.49218
-3.49249
-3.49339
-3.49279
-3.4943
-3.49385
-3.4934
-3.49355
-3.4934
-3.4931
-3.4931
-3.49295
-3.49234
-3.49249
-3.49264
-3.49264
-3.49203
-3.49158
-3.49158
-3.49174
-3.4931
-3.49431
-3.49491
-3.49431
-3.49476
-3.4928
-3.4931
-3.49219
-3.49143
-3.49158
-3.49083
-3.49113
-3.49068
-3.49174
-3.49189
-3.49219
-3.49234
-3.49158
-3.49143
-3.49113
-3.49113
-3.49068
-3.49143
-3.49083
-3.49083
-3.49098
-3.49113
-3.49053
-3.49128
-3.49204
-3.49129
-3.49159
-3.49128
-3.49204
-3.49174
-3.49174
-3.49204
-3.49159
-3.49249
-3.49128
-3.49097
-3.49097
-3.49173
-3.49114
-3.49174
-3.49099
-3.4913
-3.49235
-3.49386
-3.49326
-3.49386
-3.49386
-3.49461
-3.49506
-3.4946
-3.4943
-3.4934
-3.49264
-3.49385
-3.49461
-3.49356
-3.49295
-3.49386
-3.49355
-3.4928
-3.49355
-3.49295
-3.49235
-3.4928
-3.49219
-3.49249
-3.4937
-3.49401
-3.49416
-3.49491
-3.49446
-3.49551
-3.49581
-3.49717
-3.49793
-3.49763
-3.49748
-3.49718
-3.49643
-3.49643
-3.49612
-3.49627
-3.49642
-3.49536
-3.4943
-3.494
-3.49355
-3.49355
-3.49295
-3.49371
-3.49401
-3.4928
-3.49204
-3.49204
-3.49144
-3.49159
-3.49143
-3.49264
-3.49249
-3.4928
-3.4928
-3.49401
-3.4934
-3.4937
-3.4931
-3.49355
-3.49295
-3.49355
-3.4928
-3.4931
-3.49355
-3.49415
-3.4946
-3.4946
-3.49506
-3.49491
-3.49355
-3.49461
-3.49521
-3.49476
-3.49506
-3.49476
-3.49536
-3.49627
-3.49476
-3.49431
-3.49552
-3.49567
-3.49687
-3.49702
-3.49642
-3.49702
-3.49747
-3.49626
-3.49551
-3.49475
-3.49476
-3.49506
-3.49476
-3.49415
-3.4943
-3.494
-3.494
-3.49385
-3.49355
-3.49264
-3.49355
-3.49476
-3.49506
-3.49521
-3.49596
-3.49702
-3.49747
-3.49657
-3.49627
-3.49627
-3.49597
-3.49672
-3.49687
-3.49823
-3.49763
-3.49672
-3.49597
-3.49566
-3.49491
-3.49521
-3.49491
-3.49566
-3.49612
-3.49627
-3.49566
-3.49566
-3.49491
-3.49461
-3.49295
-3.49219
-3.49204
-3.49234
-3.49249
-3.49325
-3.49415
-3.49385
-3.49324
-3.49385
-3.4937
-3.49294
-3.49309
-3.494
-3.494
-3.49324
-3.49385
-3.49476
-3.49445
-3.4946
-3.4943
-3.4943
-3.49536
-3.49491
-3.49597
-3.49657
-3.49627
-3.49672
-3.49627
-3.49657
-3.49748
-3.49793
-3.49732
-3.49732
-3.49762
-3.49732
-3.49672
-3.49611
-3.49626
-3.49747
-3.49672
-3.49657
-3.49566
-3.49551
-3.49536
-3.49642
-3.49521
-3.49521
-3.49626
-3.49596
-3.49551
-3.49626
-3.49687
-3.49657
-3.49612
-3.49596
-3.49551
-3.49581
-3.49536
-3.49461
-3.49446
-3.4943
-3.4937
-3.4931
-3.49204
-3.4928
-3.49279
-3.49295
-3.49264
-3.49249
-3.49204
-3.49173
-3.49309
-3.49234
-3.49204
-3.49159
-3.49099
-3.49099
-3.49174
-3.49174
-3.49234
-3.49234
-3.49234
-3.49143
-3.49113
-3.49234
-3.49249
-3.4937
-3.4937
-3.4937
-3.49506
-3.49552
-3.49582
-3.49612
-3.49581
-3.49612
-3.49551
-3.49461
-3.49386
-3.49446
-3.49416
-3.49385
-3.49325
-3.49355
-3.49325
-3.49311
-3.49295
-3.4928
-3.4928
-3.49234
-3.49219
-3.49264
-3.49249
-3.49204
-3.49113
-3.49098
-3.49053
-3.49037
-3.49098
-3.49128
-3.49204
-3.49189
-3.49159
-3.49174
-3.49053
-3.48993
-3.49038
-3.48963
-3.48993
-3.49098
-3.49038
-3.49038
-3.48992
-3.48977
-3.49038
-3.48977
-3.48886
-3.48992
-3.49068
-3.49007
-3.49023
-3.49038
-3.49008
-3.49084
-3.49069
-3.49008
-3.49038
-3.49053
-3.49053
-3.49083
-3.49235
-3.49144
-3.49159
-3.4922
-3.4925
-3.49235
-3.49114
-3.49174
-3.49159
-3.49069
-3.48978
-3.48963
-3.48902
-3.48872
-3.48857
-3.48872
-3.48918
-3.48933
-3.48993
-3.49009
-3.49008
-3.48978
-3.48948
-3.49053
-3.49098
-3.49219
-3.4925
-3.49204
-3.49174
-3.49265
-3.49295
-3.4934
-3.49159
-3.4925
-3.49204
-3.4928
-3.4925
-3.4931
-3.4931
-3.4931
-3.49295
-3.49265
-3.49325
-3.4931
-3.49341
-3.49295
-3.49295
-3.4925
-3.49204
-3.49159
-3.4925
-3.4931
-3.4937
-3.49461
-3.4943
-3.49385
-3.49446
-3.49401
-3.49416
-3.49401
-3.49476
-3.49521
-3.49567
-3.49521
-3.4943
-3.49355
-3.49416
-3.49385
-3.49355
-3.49461
-3.49415
-3.49355
-3.49279
-3.49324
-3.49234
-3.49129
-3.49084
-3.49054
-3.49069
-3.48963
-3.49008
-3.48917
-3.48781
-3.48826
-3.48901
-3.48947
-3.48962
-3.48992
-3.49007
-3.48977
-3.49008
-3.48993
-3.49068
-3.49114
-3.49038
-3.49053
-3.48947
-3.48993
-3.49038
-3.49023
-3.49038
-3.49083
-3.49053
-3.49053
-3.49083
-3.49098
-3.49053
-3.48977
-3.48902
-3.48872
-3.48781
-3.48781
-3.48705
-3.48751
-3.48796
-3.48886
-3.48871
-3.48781
-3.48841
-3.48886
-3.48901
-3.48992
-3.48992
-3.48932
-3.48977
-3.49022
-3.48931
-3.48946
-3.48992
-3.48977
-3.48992
-3.49128
-3.49143
-3.49068
-3.49068
-3.49113
-3.49098
-3.49082
-3.49067
-3.49052
-3.48931
-3.48946
-3.48932
-3.48977
-3.49007
-3.49023
-3.49068
-3.49143
-3.49173
-3.4937
-3.49385
-3.49234
-3.49249
-3.49249
-3.4934
-3.49445
-3.49445
-3.49475
-3.49521
-3.49505
-3.49475
-3.49415
-3.49354
-3.49294
-3.49279
-3.49173
-3.49189
-3.49128
-3.49174
-3.49189
-3.49144
-3.49219
-3.49234
-3.49114
-3.49098
-3.49083
-3.49159
-3.49174
-3.49128
-3.49037
-3.49007
-3.48962
-3.48901
-3.48947
-3.49068
-3.48977
-3.48932
-3.48872
-3.48977
-3.49053
-3.49053
-3.48978
-3.48947
-3.49023
-3.48962
-3.48932
-3.48917
-3.49023
-3.48917
-3.48932
-3.48872
-3.48903
-3.48782
-3.48887
-3.48857
-3.48811
-3.48796
-3.48811
-3.48811
-3.48781
-3.48796
-3.48871
-3.48977
-3.49007
-3.49113
-3.49204
-3.49264
-3.49174
-3.49174
-3.49174
-3.49114
-3.49038
-3.49144
-3.49219
-3.49264
-3.49234
-3.49098
-3.49037
-3.49022
-3.49128
-3.49143
-3.49113
-3.49038
-3.48962
-3.48902
-3.49008
-3.48887
-3.48887
-3.48871
-3.48946
-3.48916
-3.48886
-3.48916
-3.48962
-3.48977
-3.48962
-3.48993
-3.49069
-3.49069
-3.49189
-3.49084
-3.49038
-3.48992
-3.48977
-3.48961
-3.48961
-3.48901
-3.48991
-3.49052
-3.49113
-3.49218
-3.49203
-3.49218
-3.49203
-3.49309
-3.49324
-3.49385
-3.49355
-3.49415
-3.49521
-3.49566
-3.49596
-3.49642
-3.49642
-3.49626
-3.49687
-3.49671
-3.49687
-3.49671
-3.49566
-3.49566
-3.49415
-3.49475
-3.4946
-3.49476
-3.494
-3.49415
-3.49369
-3.4946
-3.49505
-3.49505
-3.49445
-3.494
-3.494
-3.49324
-3.4937
-3.49415
-3.49445
-3.4949
-3.49475
-3.49369
-3.49279
-3.49248
-3.49233
-3.49248
