-5.1298
-5.11614
-5.10054
-5.08477
-5.07155
-5.05997
-5.05423
-5.05119
-5.0529
-5.0566
-5.06106
-5.06618
-5.07238
-5.07943
-5.08741
-5.09616
-5.10338
-5.11057
-5.11233
-5.1075
-5.09591
-5.07904
-5.05706
-5.03325
-5.01245
-4.99823
-4.99275
-4.99567
-5.00434
-5.01966
-5.04004
-5.06461
-5.08962
-5.11301
-5.13366
-5.14979
-5.16166
-5.16909
-5.17425
-5.17584
-5.17166
-5.1602
-5.14016
-5.11284
-5.08135
-5.04845
-5.01692
-4.98524
-4.95475
-4.92698
-4.90348
-4.88567
-4.87278
-4.86667
-4.86571
-4.86866
-4.87359
-4.87947
-4.8855
-4.89155
-4.89675
-4.90296
-4.90973
-4.91839
-4.92598
-4.93619
-4.94595
-4.95379
-4.95861
-4.96039
-4.96312
-4.96612
-4.97206
-4.98148
-4.99375
-5.00943
-5.02532
-5.04177
-5.05524
-5.06608
-5.07433
-5.07955
-5.08149
-5.08292
-5.08122
-5.0796
-5.07607
-5.07033
-5.06409
-5.0581
-5.0535
-5.04941
-5.04633
-5.04539
-5.04717
-5.05117
-5.05594
-5.0608
-5.06502
-5.06916
-5.07375
-5.08116
-5.08949
-5.09733
-5.10338
-5.10555
-5.10095
-5.08961
-5.0738
-5.05489
-5.03717
-5.02259
-5.01565
-5.01327
-5.0159
-5.02085
-5.02712
-5.03206
-5.03853
-5.0465
-5.05586
-5.06707
-5.08186
-5.09643
-5.11244
-5.13117
-5.15064
-5.16924
-5.18543
-5.19613
-5.19957
-5.19184
-5.17496
-5.14913
-5.11537
-5.07813
-5.03979
-5.00497
-4.97555
-4.95241
-4.94046
-4.93616
-4.93897
-4.94642
-4.9539
-4.96173
-4.97053
-4.98002
-4.99033
-5.00127
-5.01341
-5.02493
-5.0362
-5.04579
-5.05316
-5.05681
-5.05895
-5.06035
-5.06162
-5.06505
-5.06979
-5.07733
-5.08816
-5.10258
-5.11926
-5.13791
-5.15599
-5.17185
-5.18433
-5.1922
-5.1955
-5.19352
-5.18665
-5.17653
-5.16441
-5.15234
-5.14054
-5.13301
-5.1288
-5.12838
-5.12807
-5.12758
-5.12368
-5.11332
-5.09799
-5.07967
-5.05704
-5.03041
-5.0052
-4.98408
-4.97265
-4.97278
-4.98661
-5.01302
-5.04639
-5.08326
-5.1197
-5.15328
-5.181
-5.20344
-5.21748
-5.22581
-5.22528
-5.21677
-5.20071
-5.17744
-5.14777
-5.11371
-5.07985
-5.04973
-5.0248
-5.00929
-5.00293
-5.00245
-5.00811
-5.01436
-5.01955
-5.02521
-5.03212
-5.04244
-5.05775
-5.07572
-5.09641
-5.11397
-5.1274
-5.13511
-5.13674
-5.13271
-5.12685
-5.12209
-5.11905
-5.11968
-5.12426
-5.12982
-5.13419
-5.1392
-5.14116
-5.13973
-5.13456
-5.12556
-5.11329
-5.10028
-5.0875
-5.07924
-5.07674
-5.0806
-5.08802
-5.09794
-5.10604
-5.10824
-5.1038
-5.0902
-5.07254
-5.05367
-5.03714
-5.02692
-5.02256
-5.02139
-5.02617
-5.03829
-5.0557
-5.07889
-5.10233
-5.12138
-5.13172
-5.13137
-5.11871
-5.09619
-5.06624
-5.03278
-5.00227
-4.98051
-4.97177
-4.9748
-4.99174
-5.01648
-5.04548
-5.0772
-5.11044
-5.13867
-5.16303
-5.18103
-5.19296
-5.1995
-5.20269
-5.20669
-5.21112
-5.21672
-5.22257
-5.22612
-5.22572
-5.21888
-5.20675
-5.19009
-5.1695
-5.1473
-5.12587
-5.10786
-5.09541
-5.0918
-5.09501
-5.10426
-5.11394
-5.12219
-5.1258
-5.12506
-5.12003
-5.11115
-5.09902
-5.08417
-5.06548
-5.04477
-5.02117
-4.99989
-4.985
-4.98034
-4.9837
-4.99309
-5.0046
-5.01702
-5.02841
-5.03781
-5.04735
-5.05542
-5.06334
-5.07077
-5.07942
-5.08799
-5.09454
-5.09569
-5.09108
-5.08123
-5.06725
-5.05402
-5.044
-5.03982
-5.04083
-5.0468
-5.05317
-5.05605
-5.05382
-5.04672
-5.03292
-5.01431
-4.99441
-4.97504
-4.96019
-4.95293
-4.95547
-4.96538
-4.98409
-5.00415
-5.02397
-5.04116
-5.05274
-5.05811
-5.05826
-5.05441
-5.04853
-5.0442
-5.04256
-5.04463
-5.0503
-5.05984
-5.07233
-5.08576
-5.09928
-5.10961
-5.1147
-5.11291
-5.10645
-5.09294
-5.0791
-5.06401
-5.05135
-5.04317
-5.03748
-5.0349
-5.03178
-5.02912
-5.02452
-5.0204
-5.01842
-5.0192
-5.02423
-5.03131
-5.03873
-5.04375
-5.04715
-5.04697
-5.04706
-5.04923
-5.05456
-5.06171
-5.07067
-5.07781
-5.08028
-5.08049
-5.07733
-5.07277
-5.06421
-5.05164
-5.03373
-5.00969
-4.98508
-4.96371
-4.95785
-4.97318
-5.00863
-5.05359
-5.10025
-5.13779
-5.16356
-5.17487
-5.17109
-5.15113
-5.12148
-5.08514
-5.04955
-5.01988
-5.00026
-4.99358
-4.99793
-5.01113
-5.03168
-5.05412
-5.07427
-5.09201
-5.10733
-5.11829
-5.12758
-5.13835
-5.14702
-5.15291
-5.15539
-5.15198
-5.1455
-5.13733
-5.1269
-5.11589
-5.10594
-5.09638
-5.09149
-5.09086
-5.09779
-5.11014
-5.12392
-5.1347
-5.13717
-5.1288
-5.1117
-5.08773
-5.06156
-5.03699
-5.017
-5.0056
-5.00359
-5.00741
-5.01386
-5.01856
-5.02133
-5.01957
-5.01258
-5.00352
-4.99433
-4.98548
-4.9802
-4.97897
-4.98426
-4.99298
-5.00538
-5.01856
-5.03227
-5.04278
-5.05298
-5.06119
-5.06865
-5.07193
-5.07219
-5.06677
-5.05929
-5.05092
-5.04407
-5.04052
-5.04121
-5.04706
-5.05602
-5.06605
-5.07949
-5.09263
-5.10457
-5.11724
-5.12948
-5.14256
-5.15481
-5.16152
-5.16367
-5.15983
-5.14675
-5.12807
-5.10494
-5.08172
-5.06397
-5.05231
-5.04541
-5.04434
-5.04723
-5.05337
-5.06076
-5.06705
-5.07166
-5.07568
-5.0787
-5.08236
-5.08624
-5.08931
-5.08939
-5.08727
-5.0805
-5.06818
-5.05291
-5.03858
-5.02817
-5.02247
-5.01994
-5.02025
-5.0208
-5.01965
-5.01767
-5.01319
-5.00855
-5.00176
-4.99618
-4.99385
-4.99578
-5.00084
-5.01004
-5.02152
-5.03696
-5.05458
-5.07316
-5.09051
-5.10627
-5.11771
-5.1252
-5.1266
-5.12433
-5.11867
-5.11041
-5.1
-5.08928
-5.07881
-5.06833
-5.05991
-5.05597
-5.05481
-5.05582
-5.05888
-5.06214
-5.06312
-5.06228
-5.0627
-5.06406
-5.06534
-5.069
-5.07553
-5.08682
-5.10329
-5.12032
-5.13807
-5.15199
-5.1598
-5.16183
-5.15517
-5.14075
-5.11917
-5.09229
-5.06382
-5.03948
-5.02117
-5.00853
-5.00198
-5.00219
-5.00982
-5.02369
-5.03793
-5.05214
-5.06293
-5.07122
-5.07671
-5.08164
-5.08356
-5.08665
-5.09102
-5.09427
-5.09759
-5.10228
-5.1068
-5.10992
-5.11164
-5.11168
-5.10927
-5.10586
-5.10053
-5.09397
-5.08697
-5.07891
-5.06974
-5.06048
-5.05093
-5.04319
-5.03458
-5.02638
-5.01884
-5.01358
-5.01114
-5.01266
-5.01973
-5.02755
-5.03651
-5.04323
-5.04527
-5.04232
-5.03516
-5.0242
-5.013
-5.00207
-4.99317
-4.98646
-4.98486
-4.99065
-5.00164
-5.01842
-5.03533
-5.04946
-5.05893
-5.06036
-5.056
-5.04952
-5.04435
-5.04458
-5.04931
-5.0572
-5.06529
-5.07171
-5.07393
-5.07669
-5.08482
-5.0999
-5.11441
-5.12207
-5.11983
-5.10936
-5.09453
-5.07812
-5.06291
-5.04969
-5.03673
-5.02347
-5.00941
-4.9966
-4.98613
-4.98148
-4.98537
-4.99704
-5.01514
-5.03451
-5.05203
-5.06559
-5.07245
-5.07481
-5.07359
-5.06669
-5.05658
-5.04362
-5.02679
-5.01012
-4.99409
-4.98052
-4.9705
-4.96286
-4.95985
-4.96554
-4.97927
-5.00019
-5.02864
-5.06046
-5.09116
-5.11868
-5.13852
-5.14992
-5.15439
-5.15216
-5.14518
-5.13602
-5.12726
-5.11619
-5.10655
-5.09776
-5.08939
-5.0821
-5.07628
-5.07517
-5.07558
-5.07625
-5.07704
-5.07894
-5.08214
-5.08893
-5.09982
-5.11412
-5.12976
-5.14352
-5.15372
-5.15777
-5.15523
-5.14637
-5.13307
-5.11896
-5.10452
-5.09283
-5.08277
-5.07402
-5.06653
-5.06044
-5.05337
-5.04603
-5.03645
-5.0303
-5.02406
-5.02051
-5.01739
-5.0169
-5.01839
-5.02333
-5.03146
-5.04135
-5.05192
-5.05983
-5.06557
-5.06806
-5.06914
-5.06868
-5.06781
-5.06693
-5.06758
-5.0682
-5.06944
-5.07209
-5.07485
-5.07823
-5.08213
-5.08282
-5.08072
-5.07437
-5.06517
-5.05286
-5.03937
-5.02555
-5.01298
-5.00216
-4.99321
-4.98279
-4.97174
-4.96273
-4.95543
-4.95436
-4.96212
-4.98028
-5.00289
-5.02529
-5.04275
-5.05164
-5.05166
-5.04235
-5.02838
-5.0091
-4.98779
-4.96925
-4.95479
-4.94659
-4.94673
-4.95632
-4.9739
-4.99647
-5.02155
-5.04471
-5.06484
-5.07934
-5.08682
-5.0895
-5.08587
-5.07998
-5.07258
-5.06564
-5.06168
-5.06059
-5.06007
-5.06023
-5.06116
-5.06326
-5.0668
-5.07198
-5.07802
-5.08363
-5.0859
-5.08499
-5.079
-5.0706
-5.0599
-5.04868
-5.03625
-5.02321
-5.01171
-4.99998
-4.98798
-4.97716
-4.96621
-4.95582
-4.94827
-4.94357
-4.94162
-4.94596
-4.95604
-4.96998
-4.98672
-5.00459
-5.01861
-5.02714
-5.03107
-5.03086
-5.02762
-5.02507
-5.02658
-5.035
-5.05068
-5.07504
-5.10298
-5.13082
-5.15395
-5.17044
-5.1807
-5.18592
-5.187
-5.18752
-5.18484
-5.17907
-5.17265
-5.16241
-5.14819
-5.12868
-5.1032
-5.07481
-5.04606
-5.0194
-4.99819
-4.98431
-4.97922
-4.98341
-4.99725
-5.01852
-5.04741
-5.07905
-5.11197
-5.1417
-5.16536
-5.1829
-5.19142
-5.19004
-5.1818
-5.16684
-5.14787
-5.12587
-5.10376
-5.08454
-5.07133
-5.06421
-5.06288
-5.06746
-5.07621
-5.08488
-5.09498
-5.10537
-5.11773
-5.12992
-5.14078
-5.14894
-5.15391
-5.15504
-5.14988
-5.14171
-5.13328
-5.12826
-5.12386
-5.12111
-5.11408
-5.10099
-5.07819
-5.05091
-5.01888
-4.98732
-4.96
-4.93886
-4.92421
-4.91598
-4.91496
-4.9214
-4.93497
-4.95435
-4.98042
-5.01115
-5.04455
-5.07684
-5.10754
-5.13296
-5.15059
-5.16005
-5.16362
-5.16029
-5.1519
-5.14032
-5.12782
-5.11847
-5.11331
-5.11282
-5.11302
-5.11179
-5.10698
-5.09791
-5.08423
-5.06725
-5.04345
-5.01795
-4.99257
-4.97274
-4.96152
-4.96474
-4.98573
-5.02277
-5.06963
-5.11799
-5.16062
-5.19177
-5.20705
-5.20756
-5.19076
-5.16215
-5.12546
-5.08694
-5.05304
-5.02995
-5.02031
-5.02624
-5.04322
-5.0679
-5.09745
-5.12788
-5.15949
-5.191
-5.22311
-5.2521
-5.27729
-5.29538
-5.30705
-5.31155
-5.30822
-5.2985
-5.28395
-5.26561
-5.24552
-5.22645
-5.20866
-5.1947
-5.18488
-5.17886
-5.17811
-5.17887
-5.18292
-5.18508
-5.18408
-5.17731
-5.16705
-5.15444
-5.14535
-5.14136
-5.14358
-5.14997
-5.15763
-5.16309
-5.16259
-5.15711
-5.14583
-5.12991
-5.11148
-5.09179
-5.0721
-5.05404
-5.0377
-5.02179
-5.00598
