0
0.00419673
0.0151934
0.0175652
0.0145454
0.0323793
0.0315148
0.0276763
0.0251452
0.0227427
0.0211981
0.0194512
0.0190872
0.0179858
0.0176555
0.0165565
0.016377
0.0166294
0.0157929
0.0150316
0.0152049
0.014635
0.0141854
0.0138896
0.0133857
0.0128846
0.0124525
0.0120687
0.0125558
0.0124823
0.01214
0.0119226
0.0115623
0.0112292
0.0111137
0.0108394
0.010551
0.0102772
0.0100554
0.00980407
0.00966161
0.00951098
0.00929954
0.00923795
0.00908402
0.00891381
0.00885042
0.00867339
0.00849812
0.00845879
0.0082936
0.00813817
0.00802373
0.00793929
0.00783405
0.00769424
0.0075658
0.00747258
0.00736683
0.00726031
0.0071481
0.00706722
0.00699996
0.00690626
0.00680105
0.00669834
0.00663585
0.00655904
0.00648292
0.00645256
0.00636556
0.00635125
0.00626568
0.00619567
0.00611322
0.0060334
0.00606514
0.00601914
0.00597942
0.00590519
0.0058338
0.00582159
0.00583137
0.00576214
0.00584816
0.00579186
0.00577794
0.00572473
0.00570547
0.00565634
0.00575076
0.00571605
0.00567807
0.00564785
0.00566044
0.00561215
0.00599085
0.00605849
0.00606086
0.0060016
