        0.78        0.59   -0.438415 0.000711122
        0.78       0.591   -0.437635 0.000823844
        0.78       0.592   -0.438698 0.000757644
        0.78       0.593   -0.438571 0.000640517
        0.78       0.594   -0.439135 0.000712506
        0.78       0.595   -0.440973 0.000682608
        0.78       0.596   -0.440434 0.000744477
        0.78       0.597   -0.440198 0.000673244
        0.78       0.598   -0.439395 0.000839594
        0.78       0.599   -0.442006  0.00078779
        0.78         0.6   -0.441352 0.000787713
        0.78       0.601   -0.440874 0.000788467
        0.78       0.602   -0.441187 0.000733588
        0.78       0.603   -0.440088 0.000747719
        0.78       0.604   -0.441088  0.00066656
        0.78       0.605   -0.440688 0.000676064
        0.78       0.606   -0.441037 0.000705789
        0.78       0.607   -0.442318 0.000832994
        0.78       0.608   -0.444257 0.000701657
        0.78       0.609   -0.441829 0.000681226
        0.78        0.61   -0.441481 0.000761797
        0.78       0.611   -0.443056 0.000691508
        0.78       0.612   -0.442891 0.000800014
        0.78       0.613   -0.444036 0.000794332
        0.78       0.614   -0.442516 0.000761991
        0.78       0.615   -0.441686 0.000768538
        0.78       0.616   -0.442192 0.000738132
        0.78       0.617    -0.44468  0.00072947
        0.78       0.618   -0.442218 0.000746679
        0.78       0.619   -0.442434 0.000765242
        0.78        0.62   -0.442076 0.000850185
        0.78       0.621   -0.443266 0.000763364
        0.78       0.622    -0.44226 0.000766126
        0.78       0.623   -0.442106 0.000836318
        0.78       0.624   -0.442634 0.000785286
        0.78       0.625   -0.444372 0.000791086
        0.78       0.626   -0.442164 0.000931272
        0.78       0.627   -0.441762 0.000799047
        0.78       0.628   -0.442443 0.000840114
        0.78       0.629   -0.441338  0.00071659
        0.78        0.63   -0.441666 0.000821053
       0.781        0.59   -0.436482 0.000856371
       0.781       0.591   -0.436889 0.000846512
       0.781       0.592   -0.439719 0.000716017
       0.781       0.593   -0.438946 0.000745758
       0.781       0.594   -0.438708 0.000727698
       0.781       0.595   -0.439411 0.000703547
       0.781       0.596   -0.440069 0.000782198
       0.781       0.597    -0.44029 0.000677422
       0.781       0.598   -0.440789 0.000738028
       0.781       0.599   -0.441565   0.0006397
       0.781         0.6   -0.439683  0.00079353
       0.781       0.601   -0.440191 0.000780232
       0.781       0.602   -0.440516 0.000695209
       0.781       0.603    -0.44135 0.000775785
       0.781       0.604    -0.44198 0.000665689
       0.781       0.605   -0.443064 0.000630111
       0.781       0.606    -0.44335 0.000667063
       0.781       0.607   -0.441609 0.000799299
       0.781       0.608   -0.442686 0.000847724
       0.781       0.609    -0.44245 0.000668978
       0.781        0.61   -0.442748 0.000748989
       0.781       0.611   -0.441777 0.000777106
       0.781       0.612   -0.442121 0.000711905
       0.781       0.613   -0.443626 0.000804395
       0.781       0.614   -0.443647  0.00076456
       0.781       0.615   -0.442237 0.000767647
       0.781       0.616    -0.44403 0.000836398
       0.781       0.617   -0.441022 0.000883953
       0.781       0.618   -0.442791 0.000840297
       0.781       0.619   -0.443962 0.000725766
       0.781        0.62   -0.444013 0.000705553
       0.781       0.621     -0.4432 0.000742678
       0.781       0.622   -0.442673 0.000782198
       0.781       0.623   -0.442233 0.000742377
       0.781       0.624   -0.442729 0.000829956
       0.781       0.625   -0.442405 0.000817558
       0.781       0.626   -0.443022  0.00066981
       0.781       0.627   -0.441606 0.000756721
       0.781       0.628   -0.443027 0.000815258
       0.781       0.629   -0.442904 0.000858866
       0.781        0.63   -0.442297 0.000881909
       0.782        0.59   -0.438529 0.000715221
       0.782       0.591   -0.439027 0.000884639
       0.782       0.592   -0.438742 0.000803004
       0.782       0.593   -0.439282 0.000710192
       0.782       0.594     -0.4395 0.000707421
       0.782       0.595    -0.43942 0.000717618
       0.782       0.596   -0.441168 0.000720988
       0.782       0.597    -0.44067 0.000728438
       0.782       0.598   -0.441062 0.000723545
       0.782       0.599   -0.441654 0.000655422
       0.782         0.6   -0.440417 0.000607605
       0.782       0.601   -0.442588 0.000742412
       0.782       0.602   -0.442119 0.000736364
       0.782       0.603   -0.442546 0.000756787
       0.782       0.604   -0.441805 0.000711789
       0.782       0.605   -0.442651 0.000704643
       0.782       0.606    -0.44118 0.000835233
       0.782       0.607   -0.442919 0.000660709
       0.782       0.608   -0.442321 0.000761379
       0.782       0.609   -0.442045 0.000740875
       0.782        0.61   -0.442905 0.000782132
       0.782       0.611   -0.443941 0.000816849
       0.782       0.612   -0.442433 0.000730296
       0.782       0.613   -0.441925 0.000852458
       0.782       0.614   -0.444062 0.000754184
       0.782       0.615   -0.443402 0.000785367
       0.782       0.616   -0.444209 0.000754385
       0.782       0.617   -0.443001 0.000748157
       0.782       0.618   -0.443405 0.000782948
       0.782       0.619   -0.442679 0.000703469
       0.782        0.62   -0.442969  0.00084453
       0.782       0.621   -0.443066 0.000708024
       0.782       0.622   -0.442812 0.000807257
       0.782       0.623    -0.44239 0.000731071
       0.782       0.624    -0.44338 0.000846084
       0.782       0.625   -0.441549  0.00101127
       0.782       0.626   -0.442365 0.000690542
       0.782       0.627   -0.442489 0.000784285
       0.782       0.628   -0.442666   0.0008353
       0.782       0.629   -0.442281 0.000716367
       0.782        0.63   -0.443103 0.000731775
       0.783        0.59   -0.436501 0.000761345
       0.783       0.591   -0.437549 0.000816164
       0.783       0.592   -0.438938 0.000757636
       0.783       0.593   -0.439355 0.000768521
       0.783       0.594   -0.438774    0.000701
       0.783       0.595   -0.439722 0.000716845
       0.783       0.596   -0.439267 0.000758474
       0.783       0.597   -0.439682 0.000746314
       0.783       0.598   -0.441229 0.000826522
       0.783       0.599   -0.440523 0.000730526
       0.783         0.6   -0.441432 0.000684952
       0.783       0.601   -0.441447 0.000698228
       0.783       0.602   -0.442039 0.000736841
       0.783       0.603   -0.441698  0.00073643
       0.783       0.604   -0.440922  0.00071568
       0.783       0.605   -0.443217 0.000743372
       0.783       0.606   -0.442686 0.000793535
       0.783       0.607   -0.442439 0.000810997
       0.783       0.608   -0.442608 0.000730411
       0.783       0.609   -0.441923 0.000754747
       0.783        0.61   -0.441757  0.00067688
       0.783       0.611   -0.442675 0.000748781
       0.783       0.612   -0.443018 0.000752785
       0.783       0.613   -0.442665 0.000770199
       0.783       0.614   -0.443789 0.000624666
       0.783       0.615   -0.442685 0.000767291
       0.783       0.616   -0.443832 0.000714913
       0.783       0.617   -0.442915     0.00078
       0.783       0.618   -0.443009 0.000814762
       0.783       0.619   -0.444042 0.000891119
       0.783        0.62   -0.444231 0.000724535
       0.783       0.621    -0.44281 0.000817698
       0.783       0.622   -0.442789  0.00074999
       0.783       0.623   -0.442895 0.000802893
       0.783       0.624   -0.443279 0.000788372
       0.783       0.625   -0.442587 0.000829178
       0.783       0.626   -0.441518 0.000814674
       0.783       0.627   -0.441613 0.000868398
       0.783       0.628   -0.441844 0.000963044
       0.783       0.629   -0.442238 0.000731689
       0.783        0.63   -0.442486 0.000876267
       0.784        0.59   -0.437457 0.000705277
       0.784       0.591   -0.438306  0.00071556
       0.784       0.592   -0.438767 0.000707063
       0.784       0.593    -0.43948  0.00069126
       0.784       0.594   -0.438042 0.000748479
       0.784       0.595   -0.440024 0.000836653
       0.784       0.596   -0.441287  0.00087399
       0.784       0.597   -0.440679 0.000757847
       0.784       0.598   -0.441834 0.000761066
       0.784       0.599   -0.441021 0.000745448
       0.784         0.6   -0.441885 0.000855716
       0.784       0.601   -0.441333 0.000748502
       0.784       0.602   -0.443152 0.000717829
       0.784       0.603   -0.443299 0.000771485
       0.784       0.604   -0.442032 0.000850986
       0.784       0.605   -0.442812 0.000625988
       0.784       0.606   -0.443673 0.000655307
       0.784       0.607   -0.442418 0.000774602
       0.784       0.608   -0.441933 0.000801445
       0.784       0.609   -0.443595 0.000730768
       0.784        0.61   -0.443179 0.000679466
       0.784       0.611   -0.443536 0.000717636
       0.784       0.612   -0.443669 0.000635764
       0.784       0.613   -0.443233 0.000897234
       0.784       0.614   -0.444374 0.000643957
       0.784       0.615   -0.443873 0.000741987
       0.784       0.616   -0.444289 0.000869939
       0.784       0.617   -0.444724 0.000691958
       0.784       0.618   -0.442339 0.000813519
       0.784       0.619   -0.442588 0.000741806
       0.784        0.62   -0.442734  0.00079867
       0.784       0.621   -0.443997 0.000831937
       0.784       0.622   -0.443126 0.000722451
       0.784       0.623   -0.444118 0.000768732
       0.784       0.624   -0.443792 0.000707379
       0.784       0.625   -0.443533 0.000721027
       0.784       0.626   -0.442712 0.000802347
       0.784       0.627   -0.441744 0.000896173
       0.784       0.628   -0.442998 0.000837289
       0.784       0.629   -0.442892 0.000741992
       0.784        0.63   -0.443093 0.000800101
       0.785        0.59   -0.438502 0.000788122
       0.785       0.591   -0.438278 0.000714139
       0.785       0.592   -0.438544  0.00085969
       0.785       0.593   -0.438812 0.000770386
       0.785       0.594   -0.441027 0.000733149
       0.785       0.595   -0.439988 0.000842864
       0.785       0.596   -0.440189   0.0006558
       0.785       0.597   -0.441016 0.000745487
       0.785       0.598   -0.440592 0.000717054
       0.785       0.599   -0.442158 0.000725141
       0.785         0.6   -0.442714 0.000664137
       0.785       0.601   -0.441416 0.000705051
       0.785       0.602   -0.442194  0.00073806
       0.785       0.603   -0.441618 0.000747848
       0.785       0.604   -0.441991 0.000790097
       0.785       0.605   -0.442442 0.000711163
       0.785       0.606   -0.443668 0.000631979
       0.785       0.607   -0.443284 0.000784341
       0.785       0.608   -0.443146 0.000715402
       0.785       0.609    -0.44358 0.000742396
       0.785        0.61   -0.443338 0.000860141
       0.785       0.611   -0.443346 0.000756028
       0.785       0.612   -0.442955 0.000871441
       0.785       0.613   -0.443037 0.000758979
       0.785       0.614    -0.44379 0.000737999
       0.785       0.615   -0.442886 0.000783358
       0.785       0.616   -0.444469 0.000675628
       0.785       0.617   -0.443735 0.000734736
       0.785       0.618   -0.442936 0.000706619
       0.785       0.619   -0.444833 0.000695297
       0.785        0.62   -0.442901 0.000677512
       0.785       0.621   -0.443772 0.000787521
       0.785       0.622   -0.444499 0.000834362
       0.785       0.623   -0.442308 0.000816393
       0.785       0.624   -0.445265 0.000793927
       0.785       0.625   -0.442953 0.000868623
       0.785       0.626   -0.441877 0.000798749
       0.785       0.627   -0.441997 0.000834913
       0.785       0.628   -0.443015 0.000862154
       0.785       0.629   -0.442518 0.000898963
       0.785        0.63   -0.442718 0.000813634
       0.786        0.59    -0.43852 0.000761156
       0.786       0.591   -0.438369 0.000726884
       0.786       0.592    -0.43934 0.000741346
       0.786       0.593   -0.440591 0.000755903
       0.786       0.594   -0.439922 0.000797633
       0.786       0.595   -0.440795 0.000682893
       0.786       0.596   -0.442553  0.00071803
       0.786       0.597   -0.441217 0.000757116
       0.786       0.598   -0.441283 0.000735168
       0.786       0.599   -0.441554 0.000838483
       0.786         0.6   -0.440651 0.000732734
       0.786       0.601   -0.441265 0.000731834
       0.786       0.602   -0.441811 0.000751385
       0.786       0.603   -0.441431 0.000864035
       0.786       0.604   -0.442064 0.000583107
       0.786       0.605   -0.442441 0.000774463
       0.786       0.606   -0.442276 0.000802568
       0.786       0.607   -0.443008 0.000711092
       0.786       0.608   -0.442734 0.000706952
       0.786       0.609   -0.442802 0.000751774
       0.786        0.61   -0.442598 0.000724212
       0.786       0.611   -0.442392 0.000770677
       0.786       0.612   -0.442943 0.000719724
       0.786       0.613   -0.443205 0.000793655
       0.786       0.614   -0.445461 0.000814023
       0.786       0.615   -0.444304 0.000622609
       0.786       0.616   -0.444657 0.000680352
       0.786       0.617    -0.44505  0.00078144
       0.786       0.618   -0.443234 0.000793514
       0.786       0.619   -0.444936 0.000678101
       0.786        0.62   -0.444046 0.000779268
       0.786       0.621   -0.442882 0.000829885
       0.786       0.622   -0.443239 0.000711939
       0.786       0.623   -0.443795 0.000780572
       0.786       0.624   -0.443541 0.000741717
       0.786       0.625   -0.443098 0.000834892
       0.786       0.626   -0.444224 0.000740667
       0.786       0.627   -0.440993 0.000985266
       0.786       0.628   -0.442836 0.000892884
       0.786       0.629   -0.442506 0.000918612
       0.786        0.63   -0.441278 0.000814462
       0.787        0.59   -0.437361 0.000823162
       0.787       0.591   -0.438435 0.000729598
       0.787       0.592   -0.438125 0.000758832
       0.787       0.593   -0.440602 0.000660594
       0.787       0.594   -0.441157 0.000661427
       0.787       0.595   -0.440969 0.000580407
       0.787       0.596   -0.440851 0.000798926
       0.787       0.597   -0.440228 0.000764231
       0.787       0.598   -0.441894  0.00076658
       0.787       0.599     -0.4414 0.000824971
       0.787         0.6   -0.443785 0.000743716
       0.787       0.601   -0.442923 0.000840418
       0.787       0.602   -0.441056    0.000812
       0.787       0.603   -0.442889 0.000676569
       0.787       0.604   -0.442247 0.000658599
       0.787       0.605   -0.442412 0.000779188
       0.787       0.606   -0.442881 0.000710482
       0.787       0.607   -0.442487 0.000699796
       0.787       0.608   -0.442565  0.00068531
       0.787       0.609    -0.44438  0.00064409
       0.787        0.61   -0.443199 0.000751572
       0.787       0.611   -0.441959 0.000771651
       0.787       0.612   -0.442773 0.000766655
       0.787       0.613   -0.444203 0.000769318
       0.787       0.614   -0.443895 0.000744896
       0.787       0.615   -0.443496 0.000715547
       0.787       0.616   -0.443043 0.000712583
       0.787       0.617   -0.444169 0.000710808
       0.787       0.618    -0.44445 0.000726153
       0.787       0.619   -0.445491 0.000663062
       0.787        0.62   -0.444371  0.00079956
       0.787       0.621   -0.442932 0.000746893
       0.787       0.622   -0.444098 0.000758176
       0.787       0.623   -0.441745 0.000776844
       0.787       0.624   -0.444106 0.000912338
       0.787       0.625   -0.443176 0.000760927
       0.787       0.626   -0.441818   0.0008896
       0.787       0.627   -0.443352 0.000761201
       0.787       0.628   -0.443143 0.000836473
       0.787       0.629   -0.441587  0.00080631
       0.787        0.63   -0.442081 0.000895718
       0.788        0.59   -0.437844 0.000667632
       0.788       0.591   -0.438761 0.000793065
       0.788       0.592   -0.438587 0.000708693
       0.788       0.593   -0.440247 0.000740303
       0.788       0.594   -0.439364 0.000739316
       0.788       0.595   -0.439933 0.000711147
       0.788       0.596   -0.439938 0.000852084
       0.788       0.597    -0.44041 0.000826097
       0.788       0.598   -0.440789 0.000647397
       0.788       0.599   -0.442328  0.00068099
       0.788         0.6   -0.440712 0.000771105
       0.788       0.601   -0.441486 0.000675328
       0.788       0.602   -0.443036  0.00081307
       0.788       0.603   -0.443335 0.000746244
       0.788       0.604   -0.442587 0.000637305
       0.788       0.605   -0.443107  0.00064911
       0.788       0.606   -0.443006 0.000759167
       0.788       0.607   -0.443929 0.000803602
       0.788       0.608   -0.444207 0.000686105
       0.788       0.609   -0.444022 0.000760921
       0.788        0.61   -0.443769 0.000627899
       0.788       0.611   -0.443166 0.000748039
       0.788       0.612   -0.445243 0.000701172
       0.788       0.613   -0.444083  0.00075059
       0.788       0.614   -0.442825 0.000746411
       0.788       0.615   -0.443548 0.000774143
       0.788       0.616   -0.443662 0.000757821
       0.788       0.617   -0.443485 0.000782302
       0.788       0.618   -0.443647 0.000971878
       0.788       0.619   -0.444478 0.000803484
       0.788        0.62    -0.44524 0.000712999
       0.788       0.621   -0.444127 0.000697466
       0.788       0.622   -0.444849 0.000832251
       0.788       0.623   -0.443327 0.000787468
       0.788       0.624   -0.443929 0.000799686
       0.788       0.625   -0.444427 0.000728168
       0.788       0.626   -0.443372  0.00078634
       0.788       0.627    -0.44351 0.000814131
       0.788       0.628   -0.442863 0.000893764
       0.788       0.629   -0.442317  0.00082324
       0.788        0.63   -0.442467 0.000872621
       0.789        0.59   -0.438572 0.000819645
       0.789       0.591   -0.438563 0.000734614
       0.789       0.592   -0.440412 0.000745822
       0.789       0.593   -0.438123 0.000843378
       0.789       0.594   -0.440471  0.00074567
       0.789       0.595   -0.440268 0.000793811
       0.789       0.596   -0.440705 0.000787515
       0.789       0.597   -0.440893 0.000819403
       0.789       0.598   -0.442438 0.000720757
       0.789       0.599   -0.441007 0.000743187
       0.789         0.6   -0.442064 0.000761336
       0.789       0.601   -0.443027 0.000730926
       0.789       0.602   -0.441289 0.000659894
       0.789       0.603   -0.442895 0.000768369
       0.789       0.604   -0.443947 0.000663916
       0.789       0.605   -0.443118  0.00068811
       0.789       0.606   -0.443552 0.000786907
       0.789       0.607   -0.443224 0.000796333
       0.789       0.608   -0.440607 0.000741768
       0.789       0.609   -0.442864 0.000635637
       0.789        0.61   -0.443375 0.000746285
       0.789       0.611   -0.443524 0.000647756
       0.789       0.612    -0.44268 0.000730349
       0.789       0.613   -0.443389 0.000736319
       0.789       0.614   -0.442852 0.000748991
       0.789       0.615    -0.44401  0.00088484
       0.789       0.616   -0.443265 0.000711292
       0.789       0.617   -0.444697 0.000714374
       0.789       0.618   -0.445362 0.000779155
       0.789       0.619   -0.443325  0.00087702
       0.789        0.62   -0.444379 0.000813703
       0.789       0.621   -0.443849  0.00079073
       0.789       0.622    -0.44258 0.000809618
       0.789       0.623   -0.443185 0.000965831
       0.789       0.624   -0.444029  0.00076916
       0.789       0.625   -0.442486 0.000869698
       0.789       0.626   -0.442149 0.000976537
       0.789       0.627   -0.442839 0.000827956
       0.789       0.628   -0.442769 0.000929488
       0.789       0.629    -0.44501 0.000712679
       0.789        0.63    -0.44167 0.000837113
        0.79        0.59   -0.439071 0.000764099
        0.79       0.591   -0.438663 0.000781673
        0.79       0.592   -0.438464 0.000633305
        0.79       0.593   -0.439216 0.000783166
        0.79       0.594   -0.439893 0.000674091
        0.79       0.595   -0.441042 0.000792498
        0.79       0.596   -0.441236 0.000758078
        0.79       0.597   -0.439587 0.000941411
        0.79       0.598    -0.44188 0.000689271
        0.79       0.599   -0.440463 0.000804341
        0.79         0.6   -0.442846  0.00064053
        0.79       0.601   -0.442642 0.000669101
        0.79       0.602   -0.443001 0.000750138
        0.79       0.603   -0.440801 0.000630661
        0.79       0.604    -0.44244 0.000850708
        0.79       0.605   -0.442078 0.000719927
        0.79       0.606   -0.443725 0.000648281
        0.79       0.607   -0.443702 0.000756918
        0.79       0.608   -0.443993 0.000868067
        0.79       0.609   -0.443393 0.000851026
        0.79        0.61   -0.444299 0.000785803
        0.79       0.611   -0.444311 0.000789669
        0.79       0.612   -0.442984 0.000795893
        0.79       0.613   -0.443672 0.000702622
        0.79       0.614   -0.443854 0.000807448
        0.79       0.615   -0.444147 0.000765703
        0.79       0.616   -0.444851 0.000736758
        0.79       0.617   -0.444666 0.000689818
        0.79       0.618   -0.443487 0.000769336
        0.79       0.619   -0.442961 0.000766165
        0.79        0.62   -0.443607 0.000819875
        0.79       0.621   -0.443383 0.000775238
        0.79       0.622   -0.443268 0.000722506
        0.79       0.623   -0.444335 0.000897957
        0.79       0.624   -0.443125 0.000804963
        0.79       0.625    -0.44344 0.000794216
        0.79       0.626   -0.444322 0.000859585
        0.79       0.627   -0.441893 0.000933379
        0.79       0.628   -0.441691 0.000838719
        0.79       0.629   -0.442858 0.000906342
        0.79        0.63   -0.441861 0.000916514
       0.791        0.59   -0.438174 0.000733836
       0.791       0.591   -0.439415 0.000805833
       0.791       0.592   -0.440329 0.000900962
       0.791       0.593   -0.439128 0.000750787
       0.791       0.594   -0.439615 0.000736498
       0.791       0.595   -0.439999 0.000780948
       0.791       0.596   -0.440305 0.000725437
       0.791       0.597   -0.443804 0.000633493
       0.791       0.598   -0.441881 0.000767526
       0.791       0.599   -0.442375 0.000666041
       0.791         0.6   -0.442424 0.000746442
       0.791       0.601   -0.443403 0.000790614
       0.791       0.602   -0.443125 0.000685816
       0.791       0.603   -0.442714 0.000740476
       0.791       0.604   -0.442525 0.000729745
       0.791       0.605   -0.443475 0.000765079
       0.791       0.606   -0.442711 0.000810033
       0.791       0.607   -0.441523  0.00071648
       0.791       0.608   -0.443788 0.000788759
       0.791       0.609    -0.44386 0.000721165
       0.791        0.61   -0.443963 0.000736411
       0.791       0.611   -0.444489 0.000756867
       0.791       0.612   -0.445005 0.000698713
       0.791       0.613   -0.444859 0.000724166
       0.791       0.614   -0.444422 0.000623375
       0.791       0.615   -0.444395 0.000882396
       0.791       0.616   -0.444221 0.000706527
       0.791       0.617   -0.444206 0.000880887
       0.791       0.618   -0.444736  0.00084133
       0.791       0.619   -0.443173 0.000834396
       0.791        0.62   -0.442746 0.000819339
       0.791       0.621   -0.444112  0.00081599
       0.791       0.622    -0.44485 0.000681427
       0.791       0.623   -0.442382 0.000959532
       0.791       0.624   -0.444464 0.000815041
       0.791       0.625   -0.442545 0.000876779
       0.791       0.626   -0.444021 0.000881206
       0.791       0.627   -0.441493 0.000907202
       0.791       0.628   -0.441473 0.000774428
       0.791       0.629   -0.442115 0.000925469
       0.791        0.63    -0.44104 0.000878254
       0.792        0.59   -0.438013   0.0006767
       0.792       0.591   -0.439141 0.000697189
       0.792       0.592   -0.439201 0.000795964
       0.792       0.593   -0.438627 0.000735002
       0.792       0.594   -0.440657 0.000789513
       0.792       0.595   -0.441851 0.000781956
       0.792       0.596   -0.440263 0.000647681
       0.792       0.597   -0.440374 0.000806929
       0.792       0.598   -0.441311 0.000697126
       0.792       0.599   -0.443012 0.000777911
       0.792         0.6   -0.442428 0.000718957
       0.792       0.601    -0.44104 0.000796212
       0.792       0.602    -0.44363 0.000740746
       0.792       0.603   -0.443182 0.000654755
       0.792       0.604   -0.442874 0.000857877
       0.792       0.605   -0.444171 0.000792451
       0.792       0.606   -0.443077 0.000750851
       0.792       0.607   -0.444539 0.000724921
       0.792       0.608   -0.443994   0.0007549
       0.792       0.609   -0.443863 0.000756859
       0.792        0.61   -0.442758 0.000803318
       0.792       0.611   -0.443713 0.000880574
       0.792       0.612   -0.444058 0.000881557
       0.792       0.613   -0.444509 0.000840165
       0.792       0.614    -0.44523 0.000676058
       0.792       0.615   -0.444476 0.000755096
       0.792       0.616   -0.444719 0.000745708
       0.792       0.617   -0.443156 0.000726744
       0.792       0.618   -0.444749 0.000701781
       0.792       0.619   -0.443019 0.000736728
       0.792        0.62   -0.443527 0.000927121
       0.792       0.621   -0.442833 0.000809974
       0.792       0.622   -0.443993 0.000806915
       0.792       0.623   -0.444456 0.000785187
       0.792       0.624   -0.445637 0.000694914
       0.792       0.625   -0.443659 0.000778795
       0.792       0.626    -0.44361 0.000830778
       0.792       0.627    -0.44302 0.000923478
       0.792       0.628   -0.444527 0.000762978
       0.792       0.629   -0.442471 0.000868084
       0.792        0.63   -0.441954  0.00076024
       0.793        0.59   -0.438494 0.000722618
       0.793       0.591   -0.439883 0.000835648
       0.793       0.592   -0.438556 0.000743421
       0.793       0.593   -0.440245 0.000850988
       0.793       0.594   -0.440098 0.000640253
       0.793       0.595   -0.440908 0.000656167
       0.793       0.596   -0.440877  0.00091715
       0.793       0.597    -0.44143 0.000831779
       0.793       0.598   -0.441209  0.00077847
       0.793       0.599   -0.441849 0.000699666
       0.793         0.6   -0.442077 0.000794293
       0.793       0.601   -0.441694 0.000684187
       0.793       0.602   -0.442402 0.000794065
       0.793       0.603   -0.442707 0.000689358
       0.793       0.604   -0.442458 0.000670198
       0.793       0.605   -0.443471 0.000670467
       0.793       0.606   -0.443224 0.000821409
       0.793       0.607   -0.444171 0.000755826
       0.793       0.608   -0.442946 0.000705173
       0.793       0.609   -0.443095 0.000792388
       0.793        0.61   -0.442872 0.000794498
       0.793       0.611   -0.444707 0.000828776
       0.793       0.612   -0.445292 0.000723135
       0.793       0.613   -0.443561 0.000767007
       0.793       0.614   -0.442622 0.000735563
       0.793       0.615   -0.445001 0.000731914
       0.793       0.616   -0.444265  0.00077628
       0.793       0.617   -0.443525 0.000754319
       0.793       0.618   -0.443328 0.000855867
       0.793       0.619   -0.442856 0.000872184
       0.793        0.62   -0.444514 0.000789997
       0.793       0.621   -0.442902 0.000986551
       0.793       0.622   -0.443627 0.000869221
       0.793       0.623   -0.444752 0.000816474
       0.793       0.624   -0.443867 0.000850621
       0.793       0.625   -0.443639 0.000856146
       0.793       0.626    -0.44395 0.000975054
       0.793       0.627    -0.44353  0.00080195
       0.793       0.628   -0.442428 0.000786467
       0.793       0.629   -0.443244 0.000964709
       0.793        0.63   -0.442529 0.000809487
       0.794        0.59   -0.438624 0.000666412
       0.794       0.591   -0.438727 0.000664842
       0.794       0.592   -0.440828 0.000835294
       0.794       0.593   -0.441023 0.000715716
       0.794       0.594   -0.439809 0.000738139
       0.794       0.595   -0.441202 0.000826601
       0.794       0.596    -0.44122 0.000729683
       0.794       0.597   -0.440383 0.000704724
       0.794       0.598   -0.440235 0.000732697
       0.794       0.599   -0.442482 0.000668347
       0.794         0.6    -0.44141 0.000798247
       0.794       0.601   -0.441626 0.000778844
       0.794       0.602   -0.442555 0.000672081
       0.794       0.603   -0.442073 0.000888512
       0.794       0.604    -0.44332 0.000731329
       0.794       0.605   -0.443335 0.000741979
       0.794       0.606   -0.443186 0.000728339
       0.794       0.607   -0.444502 0.000770804
       0.794       0.608   -0.443799 0.000746729
       0.794       0.609   -0.444375 0.000706125
       0.794        0.61   -0.443865  0.00080727
       0.794       0.611   -0.442769  0.00074244
       0.794       0.612   -0.443461 0.000824382
       0.794       0.613   -0.444499 0.000748178
       0.794       0.614   -0.444466 0.000786166
       0.794       0.615   -0.443207 0.000941176
       0.794       0.616   -0.445043 0.000814874
       0.794       0.617   -0.445271 0.000784722
       0.794       0.618   -0.442894 0.000726482
       0.794       0.619   -0.444297 0.000888871
       0.794        0.62   -0.443225  0.00077186
       0.794       0.621    -0.44335 0.000670651
       0.794       0.622   -0.443148 0.000784703
       0.794       0.623   -0.444258 0.000798708
       0.794       0.624   -0.443944 0.000794568
       0.794       0.625     -0.4446 0.000742153
       0.794       0.626   -0.443866 0.000816891
       0.794       0.627   -0.444249 0.000872265
       0.794       0.628   -0.442402 0.000993223
       0.794       0.629   -0.443442 0.000829067
       0.794        0.63   -0.442765  0.00089656
       0.795        0.59    -0.44011 0.000755601
       0.795       0.591   -0.439345 0.000755116
       0.795       0.592   -0.439516  0.00073625
       0.795       0.593   -0.439295 0.000755109
       0.795       0.594   -0.440605 0.000739775
       0.795       0.595   -0.440214 0.000922014
       0.795       0.596   -0.440492 0.000760923
       0.795       0.597   -0.440705 0.000733396
       0.795       0.598   -0.441206 0.000700031
       0.795       0.599   -0.442972 0.000850174
       0.795         0.6   -0.441279 0.000718908
       0.795       0.601   -0.443257 0.000754751
       0.795       0.602   -0.442858 0.000632638
       0.795       0.603    -0.44393 0.000733874
       0.795       0.604   -0.442867 0.000671313
       0.795       0.605   -0.444273 0.000725617
       0.795       0.606   -0.444367 0.000794907
       0.795       0.607   -0.443854 0.000742348
       0.795       0.608   -0.443577 0.000739328
       0.795       0.609   -0.443778 0.000757702
       0.795        0.61   -0.443566 0.000720131
       0.795       0.611   -0.445393 0.000801471
       0.795       0.612   -0.443271 0.000792615
       0.795       0.613   -0.443975  0.00073453
       0.795       0.614   -0.443625  0.00077217
       0.795       0.615   -0.443925 0.000790194
       0.795       0.616   -0.445901 0.000853705
       0.795       0.617   -0.443657 0.000801168
       0.795       0.618   -0.445318 0.000778923
       0.795       0.619   -0.443655 0.000803017
       0.795        0.62   -0.444723 0.000885791
       0.795       0.621     -0.4453 0.000911079
       0.795       0.622   -0.445454 0.000819915
       0.795       0.623   -0.444216 0.000948425
       0.795       0.624   -0.444149 0.000836979
       0.795       0.625     -0.4433 0.000829224
       0.795       0.626   -0.443538 0.000974105
       0.795       0.627   -0.443944 0.000969953
       0.795       0.628   -0.443167 0.000754602
       0.795       0.629   -0.442299  0.00079551
       0.795        0.63   -0.443486 0.000890399
       0.796        0.59   -0.437452 0.000795507
       0.796       0.591   -0.441086 0.000870192
       0.796       0.592   -0.440058 0.000740769
       0.796       0.593   -0.439848 0.000723853
       0.796       0.594   -0.439806 0.000736472
       0.796       0.595   -0.440005 0.000830274
       0.796       0.596   -0.440015 0.000769331
       0.796       0.597   -0.441067 0.000657334
       0.796       0.598   -0.442469  0.00077019
       0.796       0.599   -0.442368 0.000610843
       0.796         0.6   -0.444451 0.000802139
       0.796       0.601   -0.442678 0.000770224
       0.796       0.602   -0.443504 0.000709539
       0.796       0.603   -0.444457 0.000790641
       0.796       0.604   -0.443214 0.000767164
       0.796       0.605   -0.443869 0.000742067
       0.796       0.606   -0.443374 0.000761935
       0.796       0.607   -0.443558 0.000619783
       0.796       0.608   -0.443802  0.00080143
       0.796       0.609   -0.444186 0.000617985
       0.796        0.61   -0.443833 0.000829989
       0.796       0.611   -0.442729 0.000681866
       0.796       0.612   -0.443807 0.000828815
       0.796       0.613   -0.443406 0.000701293
       0.796       0.614   -0.443458 0.000799618
       0.796       0.615   -0.445191 0.000761429
       0.796       0.616   -0.444972 0.000761213
       0.796       0.617   -0.444672 0.000709799
       0.796       0.618   -0.446248 0.000660148
       0.796       0.619   -0.444149 0.000772541
       0.796        0.62   -0.444653 0.000837254
       0.796       0.621   -0.445093 0.000799456
       0.796       0.622   -0.444675 0.000804487
       0.796       0.623   -0.443491 0.000887687
       0.796       0.624   -0.444067 0.000775438
       0.796       0.625   -0.444438 0.000847463
       0.796       0.626   -0.442994 0.000857859
       0.796       0.627   -0.444456 0.000777841
       0.796       0.628   -0.442699 0.000986692
       0.796       0.629   -0.442378 0.000972917
       0.796        0.63   -0.444016 0.000856365
       0.797        0.59   -0.438475 0.000854217
       0.797       0.591   -0.437224 0.000807374
       0.797       0.592    -0.43902 0.000696521
       0.797       0.593   -0.440285 0.000744684
       0.797       0.594   -0.439276 0.000830328
       0.797       0.595   -0.440917 0.000741461
       0.797       0.596   -0.441673  0.00082843
       0.797       0.597   -0.440422 0.000708823
       0.797       0.598   -0.442299  0.00071311
       0.797       0.599    -0.44208 0.000831351
       0.797         0.6   -0.442707 0.000682764
       0.797       0.601   -0.442901 0.000671393
       0.797       0.602   -0.442957 0.000699092
       0.797       0.603   -0.442362 0.000708336
       0.797       0.604   -0.442406  0.00084338
       0.797       0.605   -0.443275 0.000753642
       0.797       0.606   -0.444413 0.000729166
       0.797       0.607   -0.443719 0.000732431
       0.797       0.608   -0.443744 0.000746251
       0.797       0.609   -0.444171 0.000742239
       0.797        0.61   -0.443995 0.000714041
       0.797       0.611   -0.444853 0.000685621
       0.797       0.612   -0.445168 0.000793228
       0.797       0.613   -0.444944 0.000744489
       0.797       0.614   -0.444855 0.000852062
       0.797       0.615   -0.446061 0.000725231
       0.797       0.616   -0.443638 0.000872139
       0.797       0.617   -0.444972 0.000854257
       0.797       0.618   -0.443956 0.000948881
       0.797       0.619   -0.443606 0.000759006
       0.797        0.62    -0.44377  0.00076908
       0.797       0.621   -0.444253 0.000875987
       0.797       0.622   -0.444691 0.000915179
       0.797       0.623   -0.444444 0.000763611
       0.797       0.624   -0.443929 0.000814484
       0.797       0.625   -0.442895 0.000944215
       0.797       0.626   -0.445028 0.000728393
       0.797       0.627   -0.444052 0.000801979
       0.797       0.628   -0.443137 0.000834955
       0.797       0.629   -0.442936 0.000860226
       0.797        0.63   -0.441891 0.000939722
       0.798        0.59   -0.439275 0.000758314
       0.798       0.591   -0.439813 0.000786901
       0.798       0.592   -0.439951 0.000812768
       0.798       0.593   -0.440526   0.0007958
       0.798       0.594   -0.440512  0.00077094
       0.798       0.595   -0.440744 0.000714453
       0.798       0.596   -0.440863 0.000759494
       0.798       0.597   -0.442143 0.000651567
       0.798       0.598   -0.441477 0.000706712
       0.798       0.599   -0.441775 0.000770203
       0.798         0.6    -0.44156 0.000751931
       0.798       0.601   -0.443159  0.00083349
       0.798       0.602   -0.441742 0.000721343
       0.798       0.603   -0.443016 0.000673036
       0.798       0.604   -0.441222 0.000743586
       0.798       0.605   -0.443587 0.000796094
       0.798       0.606   -0.442641 0.000833383
       0.798       0.607   -0.443109 0.000723825
       0.798       0.608   -0.443933 0.000772068
       0.798       0.609   -0.443378 0.000714529
       0.798        0.61   -0.445143 0.000673417
       0.798       0.611   -0.444661 0.000748735
       0.798       0.612   -0.444427 0.000757346
       0.798       0.613   -0.444558 0.000851346
       0.798       0.614   -0.444135 0.000823898
       0.798       0.615   -0.443994 0.000744181
       0.798       0.616   -0.446178 0.000853407
       0.798       0.617     -0.4457 0.000904457
       0.798       0.618    -0.44531  0.00073545
       0.798       0.619   -0.444358 0.000854966
       0.798        0.62   -0.444643 0.000754162
       0.798       0.621   -0.443729  0.00085328
       0.798       0.622   -0.446192 0.000720429
       0.798       0.623   -0.443922 0.000740425
       0.798       0.624   -0.442959 0.000893231
       0.798       0.625   -0.443842  0.00085339
       0.798       0.626   -0.444404 0.000789879
       0.798       0.627   -0.444256 0.000710204
       0.798       0.628   -0.444091 0.000911877
       0.798       0.629   -0.444397 0.000935923
       0.798        0.63   -0.444024 0.000821959
       0.799        0.59   -0.438436  0.00084326
       0.799       0.591   -0.439255  0.00082824
       0.799       0.592   -0.438816  0.00071987
       0.799       0.593   -0.441253 0.000842181
       0.799       0.594   -0.441244 0.000812224
       0.799       0.595   -0.441158 0.000669757
       0.799       0.596   -0.442262 0.000729579
       0.799       0.597   -0.442866  0.00077027
       0.799       0.598   -0.440329 0.000736817
       0.799       0.599   -0.441894 0.000740201
       0.799         0.6   -0.441354  0.00071454
       0.799       0.601   -0.442543 0.000713895
       0.799       0.602   -0.442543 0.000864514
       0.799       0.603    -0.44171 0.000866627
       0.799       0.604   -0.444446 0.000757658
       0.799       0.605   -0.443639 0.000777141
       0.799       0.606   -0.443095 0.000761461
       0.799       0.607   -0.441973 0.000763716
       0.799       0.608   -0.443608 0.000748379
       0.799       0.609   -0.442716 0.000679029
       0.799        0.61   -0.442928 0.000696055
       0.799       0.611    -0.44327 0.000830853
       0.799       0.612   -0.443399 0.000841577
       0.799       0.613    -0.44422 0.000809997
       0.799       0.614   -0.445808 0.000671427
       0.799       0.615   -0.442371 0.000758025
       0.799       0.616   -0.444615 0.000803448
       0.799       0.617   -0.443559 0.000884634
       0.799       0.618   -0.443794 0.000793227
       0.799       0.619   -0.444369 0.000822035
       0.799        0.62   -0.444307 0.000862318
       0.799       0.621   -0.445098 0.000890106
       0.799       0.622   -0.444325 0.000797659
       0.799       0.623   -0.442807 0.000787914
       0.799       0.624   -0.444847 0.000824136
       0.799       0.625   -0.443336 0.000766083
       0.799       0.626   -0.445241  0.00087747
       0.799       0.627    -0.44256 0.000808074
       0.799       0.628   -0.441576 0.000966364
       0.799       0.629   -0.443601 0.000820201
       0.799        0.63   -0.443774  0.00090173
         0.8        0.59   -0.438489 0.000751708
         0.8       0.591   -0.438829 0.000805448
         0.8       0.592   -0.440256 0.000775262
         0.8       0.593   -0.439254 0.000842541
         0.8       0.594   -0.440362 0.000753241
         0.8       0.595   -0.441123 0.000835092
         0.8       0.596   -0.441166 0.000720087
         0.8       0.597   -0.441355 0.000733286
         0.8       0.598   -0.443152 0.000704373
         0.8       0.599   -0.442127 0.000809355
         0.8         0.6   -0.442839 0.000787194
         0.8       0.601    -0.44208 0.000649477
         0.8       0.602    -0.44267 0.000775079
         0.8       0.603   -0.442626  0.00085354
         0.8       0.604   -0.442812 0.000629864
         0.8       0.605   -0.442861 0.000688128
         0.8       0.606   -0.444506 0.000713197
         0.8       0.607    -0.44368 0.000763064
         0.8       0.608   -0.444393 0.000785404
         0.8       0.609   -0.443969 0.000831864
         0.8        0.61   -0.445299 0.000747755
         0.8       0.611     -0.4438 0.000897258
         0.8       0.612   -0.444839 0.000808697
         0.8       0.613    -0.44442 0.000763384
         0.8       0.614   -0.443077 0.000814862
         0.8       0.615   -0.445517 0.000865953
         0.8       0.616    -0.44528 0.000676481
         0.8       0.617   -0.444697 0.000804028
         0.8       0.618   -0.443283 0.000841682
         0.8       0.619   -0.444313   0.0008937
         0.8        0.62   -0.443236 0.000746126
         0.8       0.621   -0.444833 0.000780311
         0.8       0.622   -0.444045 0.000848931
         0.8       0.623   -0.444377 0.000887135
         0.8       0.624    -0.44282  0.00087633
         0.8       0.625   -0.441683 0.000996645
         0.8       0.626   -0.443328 0.000949538
         0.8       0.627   -0.443373 0.000807363
         0.8       0.628    -0.44373 0.000871338
         0.8       0.629    -0.44455 0.000908169
         0.8        0.63   -0.442808 0.000820407
       0.801        0.59   -0.439811 0.000846436
       0.801       0.591   -0.438998 0.000836968
       0.801       0.592   -0.439993 0.000757998
       0.801       0.593   -0.441706 0.000742381
       0.801       0.594   -0.440214 0.000732404
       0.801       0.595   -0.440942 0.000683494
       0.801       0.596   -0.440968 0.000687877
       0.801       0.597   -0.441047 0.000726408
       0.801       0.598   -0.442197 0.000648867
       0.801       0.599   -0.442557 0.000797301
       0.801         0.6     -0.4419 0.000724677
       0.801       0.601   -0.443327  0.00074416
       0.801       0.602   -0.442554 0.000740746
       0.801       0.603   -0.441734 0.000704855
       0.801       0.604   -0.442689 0.000719822
       0.801       0.605   -0.442605 0.000806873
       0.801       0.606   -0.443564 0.000718419
       0.801       0.607   -0.443077  0.00087793
       0.801       0.608   -0.444558 0.000747488
       0.801       0.609   -0.444115 0.000795162
       0.801        0.61   -0.444557 0.000714214
       0.801       0.611   -0.443909 0.000814103
       0.801       0.612   -0.444335 0.000731491
       0.801       0.613   -0.444664 0.000793877
       0.801       0.614   -0.443353 0.000810947
       0.801       0.615   -0.444162 0.000824509
       0.801       0.616   -0.445068 0.000740111
       0.801       0.617   -0.444267 0.000969301
       0.801       0.618   -0.445774 0.000748512
       0.801       0.619   -0.446143 0.000832323
       0.801        0.62   -0.444415 0.000729632
       0.801       0.621   -0.444123 0.000792194
       0.801       0.622   -0.444762 0.000870675
       0.801       0.623   -0.444136  0.00092241
       0.801       0.624   -0.444181 0.000821859
       0.801       0.625   -0.443946 0.000858227
       0.801       0.626   -0.442922 0.000757582
       0.801       0.627   -0.443901 0.000816741
       0.801       0.628     -0.4433 0.000864829
       0.801       0.629   -0.443147 0.000962827
       0.801        0.63   -0.441167 0.000855085
       0.802        0.59   -0.439734 0.000776504
       0.802       0.591   -0.439811 0.000730366
       0.802       0.592   -0.440251 0.000711519
       0.802       0.593   -0.440328 0.000797396
       0.802       0.594   -0.441563 0.000792496
       0.802       0.595   -0.440846 0.000870697
       0.802       0.596   -0.440442 0.000782203
       0.802       0.597   -0.442959 0.000713046
       0.802       0.598    -0.44178 0.000736778
       0.802       0.599   -0.442996 0.000744537
       0.802         0.6   -0.443006 0.000725332
       0.802       0.601   -0.441573 0.000710508
       0.802       0.602   -0.442302 0.000767998
       0.802       0.603   -0.443876 0.000742006
       0.802       0.604   -0.444468 0.000848476
       0.802       0.605   -0.443009 0.000912054
       0.802       0.606   -0.443108 0.000727989
       0.802       0.607   -0.442725 0.000795843
       0.802       0.608   -0.444313 0.000863657
       0.802       0.609    -0.44454 0.000814171
       0.802        0.61    -0.44512 0.000831831
       0.802       0.611   -0.445346 0.000718985
       0.802       0.612   -0.443724 0.000815717
       0.802       0.613   -0.444721 0.000809584
       0.802       0.614   -0.445027 0.000811808
       0.802       0.615   -0.444111 0.000809189
       0.802       0.616   -0.443715 0.000751572
       0.802       0.617   -0.444667 0.000788594
       0.802       0.618   -0.445223 0.000703569
       0.802       0.619   -0.445065 0.000782258
       0.802        0.62   -0.444257 0.000971125
       0.802       0.621   -0.442535 0.000895271
       0.802       0.622   -0.443387 0.000849883
       0.802       0.623   -0.444697 0.000948168
       0.802       0.624   -0.444444 0.000918951
       0.802       0.625   -0.441907 0.000938825
       0.802       0.626   -0.443812 0.000843534
       0.802       0.627    -0.44284 0.000968112
       0.802       0.628   -0.443285 0.000808822
       0.802       0.629   -0.442397 0.000990523
       0.802        0.63   -0.443224 0.000892564
       0.803        0.59   -0.437717 0.000883387
       0.803       0.591   -0.439468  0.00084254
       0.803       0.592   -0.438154 0.000812917
       0.803       0.593   -0.440689 0.000752015
       0.803       0.594   -0.439509 0.000853137
       0.803       0.595   -0.441144 0.000711832
       0.803       0.596   -0.442961 0.000802913
       0.803       0.597   -0.442094 0.000752832
       0.803       0.598    -0.44061 0.000783169
       0.803       0.599   -0.441609 0.000714594
       0.803         0.6   -0.441665 0.000741387
       0.803       0.601   -0.441766 0.000726002
       0.803       0.602   -0.441537 0.000898999
       0.803       0.603   -0.444415 0.000853358
       0.803       0.604   -0.443382 0.000760396
       0.803       0.605   -0.444901 0.000728642
       0.803       0.606   -0.443983 0.000692473
       0.803       0.607   -0.444005 0.000719413
       0.803       0.608   -0.444683  0.00074913
       0.803       0.609   -0.444953 0.000794887
       0.803        0.61   -0.443558   0.0007806
       0.803       0.611   -0.443931 0.000733068
       0.803       0.612   -0.442998 0.000798868
       0.803       0.613   -0.443312 0.000728927
       0.803       0.614   -0.443755  0.00083689
       0.803       0.615   -0.443999 0.000801672
       0.803       0.616   -0.444248 0.000766751
       0.803       0.617    -0.44454 0.000833572
       0.803       0.618   -0.445374 0.000695353
       0.803       0.619   -0.444031 0.000937906
       0.803        0.62   -0.444697 0.000726914
       0.803       0.621   -0.445605 0.000833638
       0.803       0.622   -0.443838 0.000780376
       0.803       0.623   -0.442719 0.000917251
       0.803       0.624   -0.443606 0.000897963
       0.803       0.625   -0.443115 0.000794822
       0.803       0.626   -0.443695 0.000940556
       0.803       0.627   -0.443601 0.000911927
       0.803       0.628   -0.443535 0.000749304
       0.803       0.629   -0.442621  0.00078912
       0.803        0.63   -0.444695 0.000859327
       0.804        0.59    -0.43795 0.000823495
       0.804       0.591   -0.440777 0.000850261
       0.804       0.592   -0.438789 0.000862144
       0.804       0.593   -0.438681 0.000747548
       0.804       0.594   -0.439837 0.000800153
       0.804       0.595   -0.441273 0.000776787
       0.804       0.596   -0.440569  0.00083471
       0.804       0.597   -0.441539  0.00078709
       0.804       0.598   -0.440921 0.000786558
       0.804       0.599   -0.441515 0.000794547
       0.804         0.6   -0.441698 0.000828092
       0.804       0.601   -0.442901 0.000728142
       0.804       0.602   -0.442207 0.000818762
       0.804       0.603   -0.442574  0.00078709
       0.804       0.604   -0.444583 0.000800107
       0.804       0.605   -0.443455 0.000822396
       0.804       0.606   -0.443725 0.000806749
       0.804       0.607   -0.444098 0.000706393
       0.804       0.608   -0.443883 0.000770166
       0.804       0.609   -0.444664 0.000777297
       0.804        0.61   -0.443961 0.000845627
       0.804       0.611    -0.44345 0.000681945
       0.804       0.612    -0.44445 0.000716619
       0.804       0.613   -0.444307 0.000870637
       0.804       0.614   -0.443671 0.000985035
       0.804       0.615   -0.444957 0.000699355
       0.804       0.616   -0.442933  0.00077499
       0.804       0.617   -0.443577 0.000843996
       0.804       0.618   -0.444492 0.000844088
       0.804       0.619   -0.442865 0.000911657
       0.804        0.62   -0.444309 0.000833282
       0.804       0.621   -0.444387 0.000829095
       0.804       0.622   -0.443997 0.000715439
       0.804       0.623   -0.443455 0.000894038
       0.804       0.624   -0.442927 0.000930419
       0.804       0.625   -0.442335 0.000840452
       0.804       0.626   -0.443984  0.00092385
       0.804       0.627   -0.444009  0.00077107
       0.804       0.628   -0.442734 0.000919345
       0.804       0.629   -0.442269 0.000937379
       0.804        0.63   -0.444369 0.000800194
       0.805        0.59   -0.439106 0.000763059
       0.805       0.591   -0.438143 0.000729754
       0.805       0.592   -0.439449 0.000774337
       0.805       0.593   -0.439785 0.000736792
       0.805       0.594   -0.438904 0.000820308
       0.805       0.595   -0.439842 0.000797834
       0.805       0.596   -0.441314 0.000689139
       0.805       0.597   -0.442851  0.00075179
       0.805       0.598   -0.441173 0.000734208
       0.805       0.599   -0.441204 0.000895527
       0.805         0.6   -0.442451 0.000784601
       0.805       0.601   -0.443288 0.000756911
       0.805       0.602   -0.442638 0.000730534
       0.805       0.603   -0.442056  0.00083209
       0.805       0.604   -0.443691 0.000847453
       0.805       0.605   -0.443043 0.000871162
       0.805       0.606   -0.442146 0.000803802
       0.805       0.607   -0.443215  0.00076788
       0.805       0.608   -0.444619 0.000780779
       0.805       0.609   -0.444805 0.000739125
       0.805        0.61   -0.444443  0.00088622
       0.805       0.611   -0.444059 0.000696493
       0.805       0.612   -0.443565 0.000770699
       0.805       0.613   -0.443242 0.000817356
       0.805       0.614   -0.444135 0.000824369
       0.805       0.615    -0.44503 0.000707622
       0.805       0.616   -0.443938 0.000926006
       0.805       0.617   -0.445294 0.000716635
       0.805       0.618   -0.444213  0.00102403
       0.805       0.619   -0.442653 0.000837949
       0.805        0.62   -0.444913 0.000817833
       0.805       0.621    -0.44305 0.000980838
       0.805       0.622   -0.444417 0.000731097
       0.805       0.623   -0.443003 0.000969423
       0.805       0.624   -0.444265 0.000881848
       0.805       0.625   -0.443787 0.000891529
       0.805       0.626   -0.444927 0.000887767
       0.805       0.627   -0.441721 0.000846944
       0.805       0.628   -0.442708 0.000875678
       0.805       0.629   -0.444082 0.000906288
       0.805        0.63    -0.44376 0.000946233
       0.806        0.59   -0.439346 0.000700077
       0.806       0.591   -0.438864 0.000843279
       0.806       0.592   -0.439926 0.000719729
       0.806       0.593   -0.439676 0.000789487
       0.806       0.594   -0.441012 0.000771383
       0.806       0.595   -0.441257  0.00073512
       0.806       0.596   -0.440377 0.000718036
       0.806       0.597   -0.442042 0.000743092
       0.806       0.598   -0.442033 0.000690642
       0.806       0.599   -0.441673 0.000781155
       0.806         0.6    -0.44325 0.000729935
       0.806       0.601    -0.44343 0.000858829
       0.806       0.602   -0.441696 0.000900693
       0.806       0.603   -0.442686 0.000727748
       0.806       0.604   -0.443587 0.000866534
       0.806       0.605   -0.444195 0.000787301
       0.806       0.606    -0.44352 0.000841631
       0.806       0.607   -0.443868 0.000740472
       0.806       0.608   -0.443608 0.000770702
       0.806       0.609   -0.445758 0.000731586
       0.806        0.61   -0.443949 0.000779213
       0.806       0.611   -0.445016 0.000760685
       0.806       0.612   -0.442285 0.000908506
       0.806       0.613   -0.443984 0.000835252
       0.806       0.614   -0.444957  0.00086032
       0.806       0.615   -0.444149 0.000814542
       0.806       0.616   -0.445976 0.000800199
       0.806       0.617   -0.444679 0.000787623
       0.806       0.618   -0.444829 0.000891368
       0.806       0.619   -0.444274 0.000789381
       0.806        0.62   -0.445716 0.000786381
       0.806       0.621   -0.443699  0.00100036
       0.806       0.622    -0.44369 0.000824375
       0.806       0.623    -0.44304   0.0009176
       0.806       0.624   -0.444404 0.000783851
       0.806       0.625   -0.442907 0.000838055
       0.806       0.626   -0.444308 0.000801392
       0.806       0.627   -0.442542 0.000857546
       0.806       0.628   -0.444221 0.000819195
       0.806       0.629   -0.442198  0.00101066
       0.806        0.63   -0.442875  0.00101344
       0.807        0.59   -0.439855 0.000747265
       0.807       0.591   -0.438057 0.000695756
       0.807       0.592   -0.439787 0.000753339
       0.807       0.593   -0.440261 0.000730876
       0.807       0.594   -0.440803 0.000741046
       0.807       0.595   -0.441127 0.000787643
       0.807       0.596   -0.441462 0.000799807
       0.807       0.597   -0.440884 0.000814204
       0.807       0.598   -0.441062 0.000661101
       0.807       0.599   -0.442651 0.000712509
       0.807         0.6   -0.442186 0.000767149
       0.807       0.601   -0.443341 0.000878352
       0.807       0.602   -0.442182 0.000696147
       0.807       0.603   -0.444172 0.000724584
       0.807       0.604   -0.443483 0.000757696
       0.807       0.605   -0.443295  0.00078238
       0.807       0.606    -0.44271 0.000762726
       0.807       0.607   -0.442778 0.000794338
       0.807       0.608   -0.443028 0.000825131
       0.807       0.609   -0.442317 0.000806776
       0.807        0.61   -0.444692 0.000795787
       0.807       0.611   -0.444818 0.000816186
       0.807       0.612   -0.443648 0.000893425
       0.807       0.613   -0.443866 0.000740952
       0.807       0.614   -0.444862 0.000723853
       0.807       0.615   -0.444956 0.000837335
       0.807       0.616   -0.444933 0.000707524
       0.807       0.617    -0.44487 0.000809231
       0.807       0.618   -0.444445 0.000773279
       0.807       0.619   -0.445493   0.0008174
       0.807        0.62   -0.443248 0.000824647
       0.807       0.621   -0.443429 0.000900355
       0.807       0.622   -0.442085 0.000975253
       0.807       0.623   -0.444546 0.000948026
       0.807       0.624   -0.443725  0.00090039
       0.807       0.625   -0.444624 0.000770407
       0.807       0.626    -0.44502 0.000788058
       0.807       0.627   -0.442502 0.000933846
       0.807       0.628   -0.444792 0.000927879
       0.807       0.629   -0.443375 0.000792164
       0.807        0.63   -0.441861 0.000909083
       0.808        0.59   -0.439668 0.000878443
       0.808       0.591   -0.438002 0.000704192
       0.808       0.592   -0.439784 0.000658942
       0.808       0.593   -0.440096 0.000728117
       0.808       0.594   -0.438897 0.000728721
       0.808       0.595   -0.440507 0.000742807
       0.808       0.596   -0.442149  0.00076149
       0.808       0.597   -0.441411  0.00079594
       0.808       0.598   -0.442502 0.000837819
       0.808       0.599   -0.442294 0.000680662
       0.808         0.6   -0.441101 0.000770591
       0.808       0.601   -0.442587 0.000881586
       0.808       0.602   -0.442763 0.000952086
       0.808       0.603   -0.442504 0.000701048
       0.808       0.604   -0.443641 0.000749696
       0.808       0.605    -0.44373 0.000662697
       0.808       0.606   -0.442578 0.000749095
       0.808       0.607   -0.443127 0.000842636
       0.808       0.608   -0.443646 0.000753911
       0.808       0.609   -0.444499 0.000659894
       0.808        0.61   -0.443607  0.00079281
       0.808       0.611   -0.443342 0.000815897
       0.808       0.612    -0.44397 0.000810558
       0.808       0.613   -0.443447 0.000814637
       0.808       0.614   -0.444257 0.000860476
       0.808       0.615   -0.443729 0.000932314
       0.808       0.616     -0.4444 0.000801189
       0.808       0.617   -0.443438 0.000836685
       0.808       0.618   -0.444501 0.000792523
       0.808       0.619   -0.442176 0.000835524
       0.808        0.62   -0.443765 0.000905632
       0.808       0.621   -0.443844 0.000932036
       0.808       0.622   -0.444347 0.000809546
       0.808       0.623   -0.444321 0.000837165
       0.808       0.624   -0.442959  0.00090475
       0.808       0.625   -0.443903 0.000863461
       0.808       0.626   -0.443555 0.000859481
       0.808       0.627   -0.443201 0.000833202
       0.808       0.628   -0.444185 0.000861536
       0.808       0.629   -0.443496 0.000797232
       0.808        0.63   -0.441641 0.000964067
       0.809        0.59   -0.439457 0.000779529
       0.809       0.591    -0.43767 0.000777066
       0.809       0.592   -0.439195 0.000706981
       0.809       0.593   -0.439469 0.000813198
       0.809       0.594    -0.44131 0.000729766
       0.809       0.595   -0.440759 0.000774428
       0.809       0.596   -0.440726 0.000746536
       0.809       0.597   -0.440265  0.00076992
       0.809       0.598   -0.441631 0.000782346
       0.809       0.599   -0.441588 0.000692411
       0.809         0.6   -0.440809 0.000739065
       0.809       0.601   -0.443606 0.000727079
       0.809       0.602   -0.441643 0.000832282
       0.809       0.603   -0.442147 0.000869383
       0.809       0.604    -0.44359 0.000814007
       0.809       0.605   -0.444596 0.000701273
       0.809       0.606   -0.443364 0.000763993
       0.809       0.607   -0.443543 0.000654319
       0.809       0.608   -0.443796 0.000813763
       0.809       0.609   -0.445083 0.000847714
       0.809        0.61   -0.443634  0.00074605
       0.809       0.611   -0.445396 0.000772528
       0.809       0.612   -0.443831 0.000793103
       0.809       0.613   -0.444541 0.000742002
       0.809       0.614   -0.443614 0.000706477
       0.809       0.615   -0.444813  0.00083763
       0.809       0.616   -0.442988 0.000826059
       0.809       0.617   -0.443731  0.00086177
       0.809       0.618   -0.444162 0.000876403
       0.809       0.619   -0.443067 0.000772355
       0.809        0.62   -0.443765 0.000831986
       0.809       0.621   -0.442417  0.00095487
       0.809       0.622   -0.443991 0.000809876
       0.809       0.623   -0.442161 0.000914745
       0.809       0.624   -0.445111 0.000894616
       0.809       0.625   -0.444333 0.000865584
       0.809       0.626   -0.444008 0.000897124
       0.809       0.627   -0.443092  0.00102541
       0.809       0.628   -0.443389 0.000911732
       0.809       0.629   -0.443157 0.000910479
       0.809        0.63    -0.44236 0.000898114
        0.81        0.59    -0.44093  0.00078532
        0.81       0.591   -0.439842 0.000811491
        0.81       0.592     -0.4382 0.000727062
        0.81       0.593   -0.439729 0.000757875
        0.81       0.594   -0.439437 0.000823564
        0.81       0.595   -0.438295 0.000632688
        0.81       0.596   -0.440747 0.000713727
        0.81       0.597   -0.442513 0.000843523
        0.81       0.598   -0.440746 0.000729298
        0.81       0.599   -0.441705 0.000808919
        0.81         0.6   -0.441694 0.000732247
        0.81       0.601   -0.442034   0.0006845
        0.81       0.602    -0.44157 0.000738656
        0.81       0.603   -0.442144  0.00072151
        0.81       0.604   -0.441791 0.000734464
        0.81       0.605   -0.443865 0.000795711
        0.81       0.606   -0.442742 0.000801149
        0.81       0.607   -0.443693 0.000874851
        0.81       0.608    -0.44523 0.000642343
        0.81       0.609    -0.44372 0.000773554
        0.81        0.61   -0.444545  0.00076399
        0.81       0.611   -0.444232 0.000768869
        0.81       0.612    -0.44399 0.000718103
        0.81       0.613   -0.443311 0.000862101
        0.81       0.614   -0.445019  0.00082975
        0.81       0.615   -0.443914 0.000797214
        0.81       0.616   -0.445251 0.000826913
        0.81       0.617   -0.443838 0.000901172
        0.81       0.618   -0.444966 0.000782906
        0.81       0.619   -0.444212 0.000811957
        0.81        0.62   -0.444771 0.000827722
        0.81       0.621   -0.442632 0.000977092
        0.81       0.622   -0.442175 0.000806415
        0.81       0.623   -0.443079 0.000886055
        0.81       0.624   -0.443479 0.000840322
        0.81       0.625   -0.444528 0.000899583
        0.81       0.626   -0.441965 0.000853041
        0.81       0.627    -0.44358 0.000846309
        0.81       0.628   -0.443108  0.00101787
        0.81       0.629   -0.444458  0.00087993
        0.81        0.63   -0.443043 0.000945463
       0.811        0.59   -0.439253 0.000866789
       0.811       0.591    -0.43784 0.000818519
       0.811       0.592   -0.440609 0.000709241
       0.811       0.593     -0.4379 0.000893316
       0.811       0.594   -0.441139 0.000723538
       0.811       0.595   -0.440693 0.000795954
       0.811       0.596   -0.440356 0.000745139
       0.811       0.597   -0.440413 0.000781875
       0.811       0.598   -0.442262  0.00077475
       0.811       0.599   -0.442598 0.000735168
       0.811         0.6   -0.442181 0.000855426
       0.811       0.601   -0.439505  0.00101274
       0.811       0.602   -0.442532 0.000782322
       0.811       0.603   -0.442025  0.00080075
       0.811       0.604   -0.442768 0.000856069
       0.811       0.605   -0.444052 0.000728699
       0.811       0.606   -0.442578 0.000782893
       0.811       0.607   -0.443448 0.000747553
       0.811       0.608   -0.443796 0.000739792
       0.811       0.609   -0.444068 0.000789009
       0.811        0.61   -0.442498 0.000833055
       0.811       0.611   -0.443898 0.000859969
       0.811       0.612   -0.445268 0.000698446
       0.811       0.613    -0.44289 0.000849599
       0.811       0.614   -0.444699 0.000878996
       0.811       0.615   -0.444727 0.000857741
       0.811       0.616   -0.444246 0.000869002
       0.811       0.617   -0.444355 0.000754573
       0.811       0.618   -0.443943 0.000828645
       0.811       0.619   -0.444666 0.000749198
       0.811        0.62   -0.442788 0.000840755
       0.811       0.621   -0.445373  0.00077572
       0.811       0.622   -0.444005  0.00084908
       0.811       0.623    -0.44379 0.000796809
       0.811       0.624   -0.444662  0.00081337
       0.811       0.625   -0.444202 0.000970916
       0.811       0.626   -0.442235  0.00107237
       0.811       0.627   -0.443139  0.00090535
       0.811       0.628   -0.442006 0.000978449
       0.811       0.629   -0.442372 0.000911537
       0.811        0.63   -0.440035  0.00107807
       0.812        0.59   -0.439793 0.000674213
       0.812       0.591   -0.439481 0.000884665
       0.812       0.592   -0.438575 0.000746633
       0.812       0.593   -0.439661 0.000743792
       0.812       0.594   -0.438401 0.000792639
       0.812       0.595   -0.441093 0.000706985
       0.812       0.596    -0.44088   0.0007404
       0.812       0.597   -0.440265 0.000890259
       0.812       0.598   -0.441628 0.000754385
       0.812       0.599    -0.44147 0.000742524
       0.812         0.6   -0.441355  0.00085059
       0.812       0.601   -0.442566 0.000799354
       0.812       0.602   -0.444627 0.000701972
       0.812       0.603   -0.442254  0.00082461
       0.812       0.604   -0.441784 0.000852985
       0.812       0.605   -0.442544 0.000794442
       0.812       0.606   -0.442466 0.000821848
       0.812       0.607   -0.444156 0.000926932
       0.812       0.608   -0.443874 0.000790161
       0.812       0.609   -0.443194  0.00078608
       0.812        0.61   -0.444233 0.000836597
       0.812       0.611   -0.443393 0.000812719
       0.812       0.612   -0.444143 0.000776233
       0.812       0.613   -0.442857  0.00090646
       0.812       0.614   -0.443731 0.000792399
       0.812       0.615   -0.443691 0.000725177
       0.812       0.616   -0.444746 0.000835366
       0.812       0.617   -0.442806 0.000779018
       0.812       0.618   -0.443104 0.000773647
       0.812       0.619    -0.44305 0.000852074
       0.812        0.62   -0.444116 0.000718854
       0.812       0.621   -0.442638 0.000976875
       0.812       0.622    -0.44228  0.00100246
       0.812       0.623   -0.443227 0.000882835
       0.812       0.624   -0.442893 0.000861342
       0.812       0.625   -0.444325 0.000854647
       0.812       0.626   -0.442627 0.000889533
       0.812       0.627   -0.445363 0.000867761
       0.812       0.628   -0.442679 0.000888066
       0.812       0.629   -0.441041 0.000909796
       0.812        0.63   -0.441733  0.00112784
       0.813        0.59    -0.43967 0.000730938
       0.813       0.591   -0.439234 0.000658352
       0.813       0.592   -0.439018 0.000787523
       0.813       0.593   -0.439758 0.000769895
       0.813       0.594   -0.440524 0.000789574
       0.813       0.595   -0.440306 0.000823111
       0.813       0.596   -0.440175 0.000735327
       0.813       0.597   -0.440316 0.000943484
       0.813       0.598   -0.441812  0.00079938
       0.813       0.599   -0.440166 0.000840784
       0.813         0.6   -0.443791 0.000768143
       0.813       0.601   -0.441307 0.000732396
       0.813       0.602   -0.441931 0.000780934
       0.813       0.603   -0.441845 0.000759295
       0.813       0.604   -0.441792 0.000745279
       0.813       0.605   -0.443487 0.000804286
       0.813       0.606   -0.443186 0.000777626
       0.813       0.607   -0.444313 0.000726362
       0.813       0.608   -0.444249 0.000857393
       0.813       0.609   -0.444857 0.000838851
       0.813        0.61   -0.443034 0.000909591
       0.813       0.611    -0.44402 0.000671587
       0.813       0.612   -0.442732 0.000819714
       0.813       0.613   -0.443751 0.000950596
       0.813       0.614   -0.444222 0.000842703
       0.813       0.615   -0.442508 0.000995707
       0.813       0.616   -0.444956 0.000777029
       0.813       0.617   -0.443577 0.000762466
       0.813       0.618   -0.445855 0.000860632
       0.813       0.619   -0.442662 0.000918812
       0.813        0.62   -0.444676 0.000841684
       0.813       0.621   -0.443353 0.000908421
       0.813       0.622   -0.444007 0.000735057
       0.813       0.623   -0.442074  0.00101242
       0.813       0.624   -0.443599  0.00102822
       0.813       0.625   -0.442891 0.000986746
       0.813       0.626   -0.443573 0.000928965
       0.813       0.627   -0.441606 0.000980676
       0.813       0.628   -0.443211 0.000811259
       0.813       0.629   -0.440733 0.000851028
       0.813        0.63   -0.442693 0.000942681
       0.814        0.59   -0.437219 0.000821609
       0.814       0.591   -0.438775 0.000838273
       0.814       0.592   -0.438791 0.000762338
       0.814       0.593   -0.439388 0.000820359
       0.814       0.594   -0.439097 0.000932768
       0.814       0.595   -0.440627 0.000822173
       0.814       0.596   -0.440382 0.000775896
       0.814       0.597   -0.441532 0.000789262
       0.814       0.598   -0.439546 0.000804155
       0.814       0.599   -0.440885  0.00063282
       0.814         0.6   -0.439976 0.000809167
       0.814       0.601   -0.441993 0.000795702
       0.814       0.602   -0.440972 0.000674193
       0.814       0.603   -0.442784 0.000878764
       0.814       0.604   -0.441906 0.000862705
       0.814       0.605   -0.441583 0.000846878
       0.814       0.606   -0.443259 0.000838056
       0.814       0.607   -0.442112 0.000702275
       0.814       0.608   -0.442638 0.000738006
       0.814       0.609   -0.440724 0.000873458
       0.814        0.61   -0.442822 0.000801963
       0.814       0.611   -0.443158 0.000755537
       0.814       0.612   -0.442345 0.000854316
       0.814       0.613    -0.44374 0.000699271
       0.814       0.614   -0.445951 0.000813219
       0.814       0.615   -0.443459 0.000782481
       0.814       0.616   -0.443206 0.000929293
       0.814       0.617   -0.442783 0.000897489
       0.814       0.618   -0.442522 0.000978759
       0.814       0.619   -0.444333 0.000879004
       0.814        0.62   -0.443352 0.000910304
       0.814       0.621   -0.444061 0.000941217
       0.814       0.622   -0.442921  0.00104515
       0.814       0.623   -0.444524 0.000758396
       0.814       0.624   -0.443174 0.000909316
       0.814       0.625   -0.439128  0.00101024
       0.814       0.626   -0.441267  0.00101494
       0.814       0.627   -0.443887 0.000957819
       0.814       0.628   -0.442312 0.000972687
       0.814       0.629    -0.44328 0.000928347
       0.814        0.63   -0.441419  0.00106574
       0.815        0.59    -0.43871 0.000762458
       0.815       0.591   -0.437944 0.000776641
       0.815       0.592   -0.437838 0.000764151
       0.815       0.593   -0.438185 0.000846378
       0.815       0.594   -0.439476 0.000752593
       0.815       0.595   -0.439591 0.000738886
       0.815       0.596   -0.440488 0.000727639
       0.815       0.597    -0.44145 0.000739111
       0.815       0.598   -0.440994 0.000768263
       0.815       0.599   -0.439774 0.000763989
       0.815         0.6   -0.440317 0.000710398
       0.815       0.601   -0.443092  0.00072347
       0.815       0.602   -0.441925  0.00080767
       0.815       0.603   -0.441098 0.000796329
       0.815       0.604   -0.443258 0.000841479
       0.815       0.605   -0.440942 0.000841136
       0.815       0.606   -0.442557 0.000917173
       0.815       0.607   -0.443344 0.000827267
       0.815       0.608    -0.44309 0.000903002
       0.815       0.609    -0.44179 0.000736146
       0.815        0.61   -0.443411 0.000881588
       0.815       0.611   -0.443407 0.000872302
       0.815       0.612    -0.44302 0.000781419
       0.815       0.613   -0.443082 0.000827119
       0.815       0.614    -0.44368 0.000805189
       0.815       0.615   -0.442897 0.000812855
       0.815       0.616   -0.443297 0.000853218
       0.815       0.617    -0.44476 0.000772727
       0.815       0.618   -0.443546 0.000961722
       0.815       0.619   -0.444548 0.000916605
       0.815        0.62   -0.443893 0.000820752
       0.815       0.621   -0.442914 0.000856741
       0.815       0.622   -0.441758 0.000916423
       0.815       0.623   -0.441884  0.00077299
       0.815       0.624   -0.443039  0.00076299
       0.815       0.625   -0.443193 0.000920477
       0.815       0.626   -0.442255  0.00100295
       0.815       0.627   -0.441768 0.000819609
       0.815       0.628    -0.44089  0.00102072
       0.815       0.629   -0.441487 0.000876114
       0.815        0.63   -0.442499 0.000916283
       0.816        0.59   -0.437563 0.000824089
       0.816       0.591    -0.43915 0.000882965
       0.816       0.592   -0.438473 0.000804561
       0.816       0.593   -0.440022 0.000730435
       0.816       0.594    -0.44107 0.000878357
       0.816       0.595   -0.439506 0.000722065
       0.816       0.596    -0.44024 0.000713893
       0.816       0.597   -0.440839 0.000699819
       0.816       0.598   -0.440962 0.000810772
       0.816       0.599   -0.440459 0.000688739
       0.816         0.6   -0.441392 0.000883637
       0.816       0.601   -0.441984 0.000764925
       0.816       0.602   -0.440215 0.000849456
       0.816       0.603   -0.441823 0.000704928
       0.816       0.604   -0.441984 0.000821235
       0.816       0.605    -0.44328 0.000808126
       0.816       0.606    -0.44166 0.000909682
       0.816       0.607   -0.443237 0.000722421
       0.816       0.608   -0.442966 0.000819137
       0.816       0.609   -0.443039 0.000765134
       0.816        0.61   -0.441622 0.000853171
       0.816       0.611   -0.443318  0.00084891
       0.816       0.612   -0.443805 0.000794518
       0.816       0.613   -0.443873 0.000824506
       0.816       0.614   -0.443065 0.000866503
       0.816       0.615   -0.443446 0.000729976
       0.816       0.616   -0.443736 0.000737288
       0.816       0.617   -0.442827 0.000816631
       0.816       0.618    -0.44446 0.000801627
       0.816       0.619   -0.442438 0.000874114
       0.816        0.62   -0.444083 0.000821659
       0.816       0.621   -0.441892 0.000878082
       0.816       0.622   -0.442747 0.000883277
       0.816       0.623   -0.442829   0.0008658
       0.816       0.624   -0.442767 0.000973882
       0.816       0.625   -0.442126  0.00093949
       0.816       0.626   -0.443159  0.00100799
       0.816       0.627   -0.443907 0.000808225
       0.816       0.628    -0.44343 0.000972576
       0.816       0.629   -0.439831  0.00107161
       0.816        0.63   -0.438696  0.00102656
       0.817        0.59   -0.437519 0.000840741
       0.817       0.591   -0.439289 0.000844697
       0.817       0.592   -0.438378 0.000767943
       0.817       0.593   -0.439134 0.000861812
       0.817       0.594   -0.439815 0.000880402
       0.817       0.595   -0.440499 0.000820653
       0.817       0.596    -0.43968 0.000745367
       0.817       0.597   -0.439686 0.000826938
       0.817       0.598   -0.441439 0.000846533
       0.817       0.599   -0.442348 0.000711048
       0.817         0.6   -0.440324 0.000735269
       0.817       0.601   -0.442308  0.00080258
       0.817       0.602   -0.441019  0.00083642
       0.817       0.603   -0.443083 0.000763251
       0.817       0.604   -0.441434  0.00077015
       0.817       0.605   -0.443144 0.000811848
       0.817       0.606   -0.442982 0.000729397
       0.817       0.607   -0.441317 0.000907699
       0.817       0.608   -0.443092 0.000810455
       0.817       0.609   -0.443502 0.000691418
       0.817        0.61   -0.442651 0.000784669
       0.817       0.611    -0.44295 0.000929068
       0.817       0.612   -0.443899  0.00077645
       0.817       0.613   -0.443989 0.000842903
       0.817       0.614   -0.441506 0.000915224
       0.817       0.615   -0.442987 0.000840549
       0.817       0.616   -0.442521  0.00105701
       0.817       0.617    -0.44247 0.000772902
       0.817       0.618   -0.444699 0.000869674
       0.817       0.619   -0.442618 0.000802662
       0.817        0.62   -0.442649 0.000818477
       0.817       0.621   -0.442083 0.000982488
       0.817       0.622   -0.441752 0.000920089
       0.817       0.623   -0.442552 0.000837597
       0.817       0.624   -0.442124 0.000966996
       0.817       0.625    -0.44464 0.000815327
       0.817       0.626   -0.442583 0.000778875
       0.817       0.627   -0.443385 0.000939419
       0.817       0.628   -0.441529 0.000821196
       0.817       0.629   -0.442901 0.000833843
       0.817        0.63   -0.442006  0.00107029
       0.818        0.59   -0.436619 0.000757035
       0.818       0.591   -0.437609 0.000777448
       0.818       0.592   -0.437215 0.000901578
       0.818       0.593   -0.437904  0.00077884
       0.818       0.594   -0.438059 0.000788021
       0.818       0.595   -0.440174 0.000811227
       0.818       0.596   -0.440166 0.000730787
       0.818       0.597   -0.440675  0.00072765
       0.818       0.598   -0.440583 0.000803015
       0.818       0.599   -0.440418 0.000839709
       0.818         0.6   -0.441356 0.000756571
       0.818       0.601   -0.441742 0.000822894
       0.818       0.602   -0.442042 0.000778834
       0.818       0.603   -0.442009 0.000850359
       0.818       0.604   -0.442291 0.000758086
       0.818       0.605   -0.441975 0.000745694
       0.818       0.606   -0.442483 0.000781062
       0.818       0.607   -0.442142 0.000841949
       0.818       0.608   -0.443904 0.000777276
       0.818       0.609   -0.444213 0.000703427
       0.818        0.61   -0.444468 0.000851486
       0.818       0.611   -0.441782 0.000848798
       0.818       0.612   -0.442496 0.000831438
       0.818       0.613   -0.442363 0.000769844
       0.818       0.614   -0.443207 0.000844427
       0.818       0.615   -0.442327 0.000862759
       0.818       0.616    -0.44359 0.000812399
       0.818       0.617   -0.441753 0.000877151
       0.818       0.618   -0.441996 0.000896499
       0.818       0.619   -0.443191 0.000929999
       0.818        0.62   -0.442282 0.000916578
       0.818       0.621   -0.443872 0.000796801
       0.818       0.622   -0.443746 0.000964305
       0.818       0.623   -0.444161 0.000804136
       0.818       0.624   -0.441947 0.000917419
       0.818       0.625   -0.442638 0.000843979
       0.818       0.626   -0.440513 0.000933327
       0.818       0.627   -0.441963 0.000967678
       0.818       0.628   -0.441893 0.000918804
       0.818       0.629   -0.441931  0.00111451
       0.818        0.63   -0.440436  0.00105826
       0.819        0.59    -0.43817 0.000799399
       0.819       0.591   -0.437696 0.000723836
       0.819       0.592    -0.43864 0.000761418
       0.819       0.593   -0.439058 0.000818569
       0.819       0.594   -0.439185 0.000832074
       0.819       0.595   -0.440133 0.000771369
       0.819       0.596   -0.440151 0.000823263
       0.819       0.597   -0.440059 0.000805978
       0.819       0.598   -0.441509 0.000793756
       0.819       0.599   -0.441576 0.000786755
       0.819         0.6   -0.440939 0.000759803
       0.819       0.601   -0.443705 0.000789579
       0.819       0.602   -0.442459 0.000839006
       0.819       0.603   -0.442433 0.000694822
       0.819       0.604   -0.441889 0.000796165
       0.819       0.605   -0.441623 0.000864998
       0.819       0.606   -0.443164  0.00079997
       0.819       0.607   -0.443789 0.000793984
       0.819       0.608    -0.44207 0.000897341
       0.819       0.609   -0.443702 0.000766571
       0.819        0.61   -0.443506 0.000816855
       0.819       0.611   -0.443916  0.00081986
       0.819       0.612   -0.442355 0.000788084
       0.819       0.613   -0.442177 0.000947258
       0.819       0.614   -0.441479 0.000858611
       0.819       0.615    -0.44169 0.000882356
       0.819       0.616    -0.44158 0.000814514
       0.819       0.617   -0.442151 0.000698267
       0.819       0.618   -0.441754   0.0009273
       0.819       0.619   -0.442964 0.000886793
       0.819        0.62    -0.44296 0.000935804
       0.819       0.621   -0.442355 0.000915377
       0.819       0.622   -0.443085  0.00103503
       0.819       0.623   -0.442839 0.000846105
       0.819       0.624   -0.442543  0.00100501
       0.819       0.625     -0.4424 0.000987878
       0.819       0.626    -0.44197 0.000850869
       0.819       0.627   -0.442549 0.000951597
       0.819       0.628   -0.442411 0.000909827
       0.819       0.629   -0.441816  0.00104919
       0.819        0.63   -0.440616 0.000925926
