0.0119508
0.00733736
0.00637626
0.00541957
0.00478046
0.00434223
0.0041844
0.00396906
0.00380378
0.0036135
0.00343589
0.00328569
0.00317164
0.00303851
0.00298281
0.00291086
0.00278476
0.00272248
0.00263231
0.00255289
0.00248505
0.00241893
0.00236094
0.0023196
0.00225302
0.00221146
0.00215845
0.00213151
0.00211939
0.00206968
0.00204154
0.00201895
0.00199024
0.00194589
0.00192603
0.00191145
0.00189593
0.00188951
0.00186946
0.00184955
0.00181053
0.00179158
0.00175774
0.0017296
0.00172272
0.0016904
0.00166573
0.00163911
0.00162106
0.00160411
0.00158177
0.00157239
0.00155248
0.00153752
0.00152346
0.00151017
0.00149238
0.00147003
0.00144948
0.00143478
0.00141545
0.00141564
0.0014001
0.00138377
0.00137234
0.00136103
0.00134845
0.00134368
0.00132696
0.00131993
0.00131084
0.00130089
0.00129388
0.00128418
0.00127341
0.00125943
0.00125185
0.00124487
0.00123656
0.00123002
0.00122419
0.00121841
0.00121019
0.00120628
0.00119982
0.00119109
0.00118286
0.001177
0.00117234
0.00117118
0.00116504
0.00115705
0.00115082
0.00114674
0.00113963
0.00113351
0.00112517
0.00112459
0.00112327
0.00111378
