0
0.000724892
0.00177843
0.0013735
0.00145212
0.00124248
0.00107878
0.000959137
0.000987778
0.000891547
0.00084046
0.000794451
0.000757073
0.000703244
0.00068661
0.000723402
0.00069071
0.000663012
0.00063589
0.000613956
0.000587498
0.000562369
0.000619695
0.000600449
0.000602415
0.000581574
0.000620412
0.000624053
0.000602556
0.000586143
0.00056727
0.000560372
0.000562859
0.000552554
0.000548279
0.000535826
0.000528955
0.000515069
0.000509582
0.000498171
0.000486988
0.000476166
0.000467057
0.000473147
0.00047938
0.000470353
0.000471475
0.00048697
0.000477963
0.000468797
0.000466417
0.00045756
0.00044896
0.000450896
0.000443585
0.000435842
0.000428251
0.000420927
0.000414449
0.000408233
0.000406547
0.000401606
0.000398387
0.000393259
0.000391393
0.000385494
0.000380716
0.000378882
0.000374495
0.000374455
0.000369341
0.000364454
0.000359758
0.000355191
0.000350455
0.000346011
0.000341881
0.000337929
0.000336607
0.000332569
0.000328658
0.000326819
0.000324424
0.000322732
0.00032307
0.000321565
0.000319434
0.000315807
0.00031226
0.000311506
0.000315946
0.000312525
0.000310457
0.000307276
0.000304719
0.000306743
0.00030614
0.000303016
0.000300984
0.000298014
