0.186231
0.106655
0.324718
1.04907
0.00540007
0.410878
0.223913
0.726576
0.969225
1.19129
0.0862181
0.382686
0.95084
0.257361
1.15014
1.38086
1.20944
0.793663
1.32663
0.848504
0.618769
0.150631
0.664189
1.31919
0.305908
0.438729
1.21483
0.326226
0.00253289
0.39778
0.14078
0.345075
0.566431
1.05663
1.17504
0.0603154
0.804682
1.02629
2.27951
0.68081
2.03944
0.634396
0.630871
0.0966289
0.262156
2.64562
0.111846
3.45214
2.55317
0.169439
0.2218
0.0374299
2.42708
1.72866
0.962744
0.0914694
0.524688
0.124821
0.0647975
0.00663689
1.3336
1.06464
0.206397
0.169834
0.0824277
0.402194
5.01153
2.97759
1.04879
0.402634
0.300676
2.11138
2.08977
0.0223625
1.38896
0.097238
0.226331
0.644183
0.132644
0.539264
0.0267872
2.06235
0.214637
0.529634
0.533465
0.130596
1.78182
0.422828
1.30558
0.787836
0.951193
0.298221
1.95082
0.951819
0.300364
1.35498
1.29858
0.153182
0.355172
0.633926
0.432092
0.157342
1.94223
0.726089
0.507417
0.745906
0.0868304
0.392984
0.878569
1.23581
0.155088
1.99691
0.170809
0.142734
0.896879
1.44313
2.29673
1.81521
2.00759
0.71914
2.82302
0.0944982
0.114469
0.260832
4.95394
1.18994
1.83694
0.0607345
0.378758
0.0298375
0.768747
0.509186
1.67479
1.04943
9.06569
0.425787
0.443693
0.0481021
1.68639
2.22808
0.136005
0.536181
2.158
0.461395
1.96793
1.26036
0.331635
1.77738
0.412304
0.454695
2.87126
1.12607
0.976166
4.09914
0.00720728
1.71055
3.4565
0.58483
0.461157
1.15369
1.08169
0.124643
2.09756
0.845909
3.2061
0.566004
2.47135
1.15756
3.02488
1.14766
0.449006
4.3359
0.506604
0.131125
0.163717
0.904297
0.0542809
1.27013
0.332296
0.0136184
0.972569
0.0728594
2.96161
1.52727
0.451053
3.77823
1.09924
0.0667291
1.51861
0.360123
0.998088
0.627055
0.0903727
0.173742
1.60411
0.214805
1.87154
0.485207
0.192597
0.319079
0.0697714
1.06918
3.19506
0.754802
1.87732
1.42563
0.115003
1.03394
0.81812
0.26711
1.58715e-05
1.48216
1.06172
0.260978
0.444979
1.24306
1.24677
0.792571
2.37497
1.31834
0.0119514
1.69753
0.179596
0.279252
0.123263
0.225768
1.51639
0.0721469
1.25544
0.0723509
0.485909
0.103092
0.0391723
0.47586
0.350739
0.614181
1.73698
0.139573
0.0702529
0.550037
0.243957
1.36375
0.953818
0.552
0.98625
0.847326
2.86137
0.922008
3.57776
0.814631
3.27964
0.0577199
1.16301
0.161588
1.1136
0.917752
0.279121
0.607045
0.996859
1.2583
1.38351
0.194316
0.141031
5.40609
1.22077
0.620311
0.0337262
1.09307
0.757131
0.270403
1.49953
0.742552
0.813366
0.252528
0.920035
0.399389
0.689289
0.502186
0.228653
0.632572
1.56437
0.480789
1.69974
0.969806
0.878106
2.90052
0.585238
1.001
1.47087
0.471593
0.5989
0.474285
0.734902
0.0593916
0.207722
0.0190309
1.62178
1.22246
0.229005
0.859182
2.63753
0.568532
0.250049
1.00957
0.0510222
3.02161
0.48059
0.667311
1.08058
0.325806
0.906018
0.0835722
0.888404
0.678994
2.55734
0.507754
3.95009
0.755102
1.5334
1.35986
1.24651
3.34239
0.254769
2.90169
0.141542
0.439632
3.60814
0.874711
1.10193
0.0321809
0.693409
0.501261
0.874202
0.539539
2.69868
0.639777
2.58286
0.0405245
0.11473
0.738868
1.65986
0.465056
0.657902
0.124968
1.60175
0.705529
0.349878
2.63392
1.90826
0.586861
0.603765
0.622451
1.51479
0.312028
0.0530029
1.45233
0.0597685
1.25475
0.32173
0.482877
0.31029
0.495742
0.565157
3.5577
0.616787
0.054087
1.62953
0.263682
0.811905
1.09706
0.881222
0.0777135
0.00417183
0.326729
1.99976
0.924087
2.62815
1.16371
0.00183502
1.05237
0.715736
0.370664
0.111428
0.344127
0.554041
0.101788
0.000276749
0.443204
1.13097
0.862059
0.257786
0.0888892
0.779917
0.975335
0.483279
0.423288
1.0974
0.0387646
0.532321
0.844603
0.553461
0.0217888
0.383973
0.875753
2.54897
0.729589
1.99365
0.926348
0.58347
2.55689
0.0236369
0.486572
1.19976
0.0401748
1.36904
0.817442
3.25745
3.04173
0.928191
0.0190406
0.69798
0.0712887
0.784102
1.56799
0.0815906
0.329843
0.780796
2.45265
0.138334
0.511871
1.91748
0.113514
1.04069
3.43798
1.19875
0.639086
0.375312
0.860356
3.16864
0.233317
0.62956
0.154932
0.700974
3.15598
0.118031
0.470346
0.208998
0.384039
1.39565
0.179983
4.46438
0.407776
0.110478
3.31562
0.0126514
0.327226
0.100424
0.537936
1.24981
0.309173
0.262285
1.78706
0.0770661
0.597197
0.0729575
0.52187
0.381565
1.31843
1.04011
0.796108
3.95889
1.48839
0.375418
0.251057
0.480863
3.75849
0.479343
1.45798
0.748659
0.301337
0.637944
0.277601
0.974975
0.887581
1.32233
1.36271
0.286605
0.0103172
1.39488
0.389715
0.0192855
1.06062
0.478758
1.97172
1.30207
1.34832
2.96755
0.443608
0.543955
2.34721
3.0717
0.438536
2.09806
0.608242
1.69688
0.382994
0.516515
1.42945
0.68627
0.883683
0.93489
1.01989
0.567606
0.564699
1.26442
0.065172
1.00095
1.34213
1.21387
2.50982
1.49806
0.281836
0.64736
0.126228
0.76875
1.92086
0.741591
1.31248
0.195992
1.39865
0.661215
0.610582
1.99936
0.8076
0.242559
5.71568
0.707141
1.18192
0.734641
0.523808
1.11917
1.12392
0.721127
0.276994
4.67498
0.667418
0.281359
0.28562
0.0504573
0.431983
2.59508
3.43093
0.536347
0.0476407
0.62162
0.304694
1.11045
1.98318
0.0941791
0.472979
0.115689
2.6885
2.76937
0.83519
1.84882
1.33659
0.612363
1.62459
0.885837
4.05448
1.10427
0.0199909
1.09429
0.260072
0.0612533
0.452712
0.00883318
1.06335
0.909007
2.84388
2.83878
0.462669
0.0992799
0.657379
1.21254
1.79082
0.0625711
1.1087
0.198377
0.357424
0.424429
3.15088
2.62845
1.96248
0.00460726
0.344938
0.947313
0.711451
4.69698
0.335991
1.35795
2.64849
2.67527
0.0738723
0.740229
0.0226038
0.336534
1.70686
0.516624
1.99537
2.06187
0.286957
0.475641
0.467939
1.5977
0.291516
0.0518225
0.794658
0.337584
3.72302
0.277892
0.610378
0.476708
1.26015
0.928541
0.047535
1.16471
0.16488
1.52895
0.055631
2.40484
0.647731
1.43267
0.864251
0.0869399
2.62969
1.6056
3.27885
3.5028
3.31976
1.39965
0.141161
1.62243
0.665595
1.01395
0.232715
0.0741295
0.54194
0.172008
0.733465
0.227061
0.877396
0.12736
1.87048
1.78363
0.031178
0.542492
0.203997
2.13039
0.102981
1.10771
0.342366
0.829622
2.5631
4.01474
2.72766
0.735069
0.721785
0.219353
4.07115
0.150066
1.41408
3.96567
0.193854
0.359833
3.58373
5.15644
0.822267
1.20491
0.120941
0.276862
3.57806
2.44744
0.0344645
0.513241
0.501028
1.58365
0.102478
0.0473644
0.676272
0.956647
2.15873
0.363001
0.930392
1.95399
1.87319
0.818359
0.078938
0.842838
0.136771
1.09162
0.32
0.903722
1.76661
0.111168
0.279776
1.08093
1.31325
0.23948
0.965392
1.47872
2.29125
0.883995
0.689475
0.576509
0.0136997
0.224032
0.618343
0.233406
0.159809
0.255031
1.45665
0.580563
1.8458
1.04649
0.206497
0.377198
0.876503
0.792537
1.32271
0.20043
0.518415
2.72465
1.86594
0.582126
0.882217
0.0643436
0.157358
0.44805
0.0861104
1.29454
1.66523
0.677554
3.11383
0.539874
0.678416
0.644984
0.0247566
0.341444
1.19898
1.47969
0.202022
4.24428
0.174083
2.69781
0.0453944
6.22004
2.59102
2.17159
0.352261
1.65987
0.40014
0.00954875
0.561229
0.714405
0.55981
0.981487
0.401466
0.914283
0.699247
0.763154
0.146944
0.719097
1.00081
0.294092
0.0639524
0.0912179
0.788452
0.0448018
1.17635
0.199889
1.35739
0.452764
0.266974
0.604603
1.03744
0.421678
2.08923
0.870066
2.48473
0.770096
3.14551
1.35686
0.648121
2.01254
6.43994
0.101413
1.25109
0.657937
0.525674
0.268825
0.233989
0.0436946
0.204817
1.11776
0.831265
3.60098
0.411732
0.899407
1.59649
0.00864636
1.288
0.175447
1.36733
3.2868
0.15791
0.252755
0.243736
0.474375
7.22958
0.441504
0.782582
0.850872
0.921888
1.72459
2.78866
0.839329
0.0268997
0.639542
2.53936
0.341797
0.4784
0.353584
0.0988485
0.228956
4.76129
1.18556
0.0747487
1.09111
1.43871
0.519617
0.294872
0.672325
0.741524
0.296675
1.34052
0.085117
2.13738
0.356766
1.51075
0.103974
1.25955
0.0052985
0.149735
1.31987
2.03549
3.54573
0.0510721
0.171792
0.112383
1.69485
1.23924
1.76907
0.237018
0.0210773
1.66632
0.151591
3.84891
0.539712
1.17293
0.353931
0.639185
0.965795
0.072032
0.16518
0.580514
0.173602
1.80964
1.23949
0.439461
0.952723
1.46331
3.79413
1.32182
0.119891
0.287285
0.0387662
1.59955
1.3822
0.918012
0.722716
0.239758
0.634645
0.554489
3.16948
0.675015
1.28433
2.5515
1.43234
0.38147
1.17761
0.22135
2.27163
1.7196
0.561623
1.47298
0.482859
1.13716
0.0902686
0.319302
1.43901
1.52921
0.111208
0.628186
0.0679537
0.388145
0.811195
0.630544
0.509158
2.39416
0.439578
0.19677
0.419574
0.821541
0.162933
1.12452
0.201093
1.1175
0.0514151
0.226732
0.48377
2.39831
1.32997
2.08567
2.2733
0.252893
2.55012
0.634284
0.422876
1.91695
0.894058
0.324126
0.0333681
0.824398
0.469813
0.0368897
0.364337
2.09116
0.0777032
1.97393
3.90471
0.809122
0.619802
3.6027
0.789314
0.918699
0.9362
0.285564
0.282313
0.411821
0.340165
0.16927
4.0008
0.318674
0.197285
1.87882
1.45987
1.46222
0.205418
0.0160912
2.50012
0.20348
0.382177
1.49969
1.07649
1.09947
2.43598
0.308706
3.52018
2.07993
0.0509691
4.20606
0.386704
0.791052
1.94361
0.0398272
4.08072
0.199085
1.30057
0.458797
1.28361
0.652832
1.38764
1.32115
0.0725726
0.392605
1.68128
0.720416
2.1803
0.925239
1.38001
0.126666
0.737749
0.440084
1.20758
3.0209
0.102587
0.86848
2.2014
0.0216173
0.276219
0.265857
0.626501
0.654284
0.24576
0.0521908
2.48104
0.0266458
0.935982
1.8053
0.0806142
0.325934
0.960675
1.70298
0.260469
0.319116
0.246935
0.0613691
0.0319422
0.0688051
1.12643
0.102682
0.398867
0.560848
1.72
0.0114636
0.947637
0.935136
0.915402
1.32386
0.741945
0.535899
2.43598
0.0628833
0.0789525
0.295874
0.449313
1.43348
2.22996
0.451079
4.54505
0.277637
2.31221
0.185364
3.59949
0.140212
0.743264
1.03609
0.227253
0.139246
3.19285
0.096429
4.61346
1.47941
2.42375
0.869955
0.375112
2.30155
2.97749
0.509627
0.225251
0.656454
0.0167771
1.1339
0.264091
1.67934
1.43201
0.303661
1.32198
0.424133
0.0224253
2.3598
0.245913
1.68011
0.811358
0.575223
0.669768
0.947566
0.0370551
0.932851
1.53686
0.391424
0.342731
0.29675
1.471
0.00998897
0.150707
0.217347
1.60411
1.12053
0.188259
2.12155
0.247398
0.897847
0.0583561
1.39411
2.08272
1.86691
0.0854901
1.8428
1.41251
0.1766
0.610692
0.0476207
0.213162
0.585403
0.505884
0.330381
0.15474
0.291855
0.567517
0.463635
0.134741
2.81661
1.6696
0.087032
2.97819
0.763895
0.0333782
1.86174
1.34253
0.404638
1.53305
0.498124
0.288206
0.316079
2.27216
0.874711
0.0516917
0.445322
0.0283593
1.12835
0.236288
0.29105
0.0130411
0.335255
0.339559
0.510066
0.112662
1.00461
1.77187
0.281139
0.487624
0.489088
1.81269
0.0652765
0.978984
1.65606
0.958762
1.08802
0.0182057
3.79957
0.666315
0.379329
1.43276
1.56949
1.16294
1.18571
0.000648624
0.144073
1.33279
1.40743
3.27692
0.374177
2.29209
0.93954
1.3487
0.296364
0.534202
0.459454
0.628879
0.56201
4.83311
0.525467
0.471966
0.395705
1.06478
1.32988
0.0618638
0.403974
0.586299
0.411277
0.339796
1.63944
0.527002
0.277838
2.53017
0.00957736
1.32811
0.0829855
0.298732
0.109886
0.056584
0.47283
1.4295
0.3189
0.0801049
1.24411
0.378091
0.25607
0.588953
1.02768
0.868998
0.237102
0.319555
1.03402
0.848583
0.340841
1.42742
0.0295697
0.347943
0.279522
0.450102
2.52043
0.645871
0.163373
2.23165
0.36232
0.271512
0.594
2.76799
0.314475
1.48705
0.443663
1.49395
1.07089
0.158019
1.43353
1.01017
0.417004
0.28409
0.0395557
0.0437285
0.615074
0.767812
0.0669466
0.191218
0.522438
1.4913
0.232485
1.26061
0.0154218
1.0547
2.89363
0.704914
1.47151
1.05042
0.289177
0.24964
0.354826
0.119155
0.240745
0.238078
1.87285
0.252626
0.0742907
3.00749
1.08921
0.248341
2.87627
0.0468618
1.09054
2.47366
0.766637
1.93457
0.676738
0.725972
2.30621
1.24538
0.227312
0.576151
0.646809
0.0559313
1.00075
0.948517
1.89252
0.516838
0.902599
1.00184
0.761285
0.429351
0.386789
0.850155
0.208401
0.499104
1.43973
1.51523
0.868813
1.16095
0.0385431
0.205372
1.71853
0.058167
0.901146
0.538108
0.553906
0.109276
0.653234
0.438909
0.0629722
0.101643
0.121611
1.39758
1.52145
0.65309
0.602564
0.708112
1.12625
0.574143
0.825829
1.00508
0.413565
0.802079
0.0985703
0.562836
2.64209
0.329321
0.702382
0.95633
2.95106
0.0483673
0.414019
0.316087
1.15995
0.169021
0.549211
0.267186
0.973844
0.789254
0.0167301
0.77443
0.316451
0.519927
0.415495
1.65102
0.158501
1.26564
0.425903
2.42325
1.71714
0.799049
0.227894
0.235737
0.963796
3.133
3.09983
0.476048
0.532891
0.222092
1.4616
3.3556
0.269667
0.0906925
1.5215
1.85334
0.187665
1.53327
1.2973
1.34107
0.0423387
1.77269
0.656925
1.05237
2.53332
0.318159
1.45342
1.70275
0.206581
4.87473
0.0493675
1.32218
1.71338
0.251382
0.0811113
0.776722
0.872112
3.24644
0.665307
0.0368136
0.950567
0.0648779
1.10278
1.45768
0.685755
0.0205425
0.467452
1.27628
2.0391
0.373555
0.792885
0.67327
1.93424
0.255628
0.127864
0.3057
1.14932
0.873533
0.817297
0.543926
0.857389
0.141873
0.951265
0.000112357
2.27737
1.18019
0.238573
0.0241591
0.371618
0.759406
1.57871
2.73786
2.41044
2.97926
0.624774
2.06223
0.617117
0.743226
0.600585
1.13972
0.818154
1.45654
1.85463
0.474435
0.24032
1.34033
0.319427
0.321513
0.640745
0.190247
1.4935
0.0448142
1.28548
0.380079
1.53701
0.407391
0.910711
0.595612
0.383746
0.222192
0.402285
0.48862
0.578856
0.61189
0.415419
0.199172
1.69184
1.73662
3.05549
0.186847
0.959562
0.170377
5.44615
0.39729
0.245337
0.844651
0.545749
0.940424
1.41481
1.17727
1.33256
0.789277
0.00883584
0.435877
1.08866
0.592524
0.282771
0.141152
0.702445
3.43859
1.52085
3.93257
0.164972
0.0589606
0.0149039
1.24889
1.13928
2.4466
0.804542
0.22682
0.00688096
4.78751
0.0699018
0.154863
0.367514
0.841444
2.48185
0.341081
0.859325
0.219812
0.488048
1.9363
0.0802252
0.874418
0.0455002
1.39535
0.164393
0.174774
1.52509
0.557294
0.0479194
1.27171
0.542667
0.243762
1.41295
1.83323
0.458863
0.45431
0.459957
0.267748
3.82339
0.804873
1.18662
0.201911
0.399364
0.33263
3.30553
0.627957
0.109979
0.51398
1.13388
0.274363
1.05299
0.123414
0.25188
0.320799
0.795003
3.397
3.79168
0.625378
0.406035
0.623771
0.492428
0.552623
0.0181584
0.842594
0.0625675
0.979304
0.649543
0.511742
0.303721
1.46123
1.16807
2.01661
1.10388
2.69328
0.488078
0.168484
0.405139
0.175546
0.526011
1.81656
0.199404
0.699053
0.776745
2.96252
0.387546
0.600524
1.49383
1.18333
0.661394
0.0170695
3.0069
3.0363
0.524759
0.846384
1.03277
1.25374
0.400601
0.93211
3.70444
1.87043
0.254969
1.53341
2.55018
1.0471
0.528618
0.490161
0.234027
1.42853
1.79044
0.652786
1.36182
1.70738
0.0210312
1.65412
0.715573
0.727749
0.862733
0.750035
0.3593
0.391283
0.356005
0.0264885
1.03721
0.0241313
1.42032
0.210838
1.27758
1.95579
0.818281
2.15763
0.379921
0.558775
0.823708
1.73423
0.548452
0.786861
0.219615
1.39568
1.13926
0.221447
1.06847
0.238433
0.509601
2.49909
0.105437
0.596017
0.946061
1.15393
0.255747
0.285655
1.51727
1.30849
0.330695
1.58738
0.156176
2.17814
0.0170814
2.18841
2.2023
0.866599
1.65148
2.79796
0.910805
0.198933
0.322043
1.73126
1.80962
0.780358
1.47236
0.731144
2.54407
0.782732
0.0944525
0.162979
0.530155
2.67553
0.261721
3.90557
1.37794
0.625978
1.78395
0.595171
1.27868
0.138034
1.1068
2.23832
0.768123
0.184561
2.54288
0.146326
0.999245
4.38413
0.708155
5.06599
0.0295756
5.19151
0.191564
1.39748
0.989164
1.3535
1.28752
1.76779
0.0164153
2.38646
0.540663
2.12194
0.226085
0.852808
0.773943
0.51088
0.106044
2.57807
2.85958
1.69491
0.346837
0.014423
0.596496
3.17344
1.70915
3.20769
1.16849
1.71512
1.13311
0.227866
1.25317
0.300159
0.0465657
0.124268
1.62422
1.42732
0.729925
1.20834
0.907478
3.67958
0.140651
1.25886
0.523928
0.407229
0.680315
5.42233
0.408499
1.24319
1.17569
0.737446
0.0620394
1.10074
0.16107
0.170156
2.6599
0.146756
0.428691
0.798109
0.552935
0.045654
0.197457
0.176997
0.412526
0.0637548
0.0764633
0.895426
0.242892
1.71692
0.590524
0.422784
1.13572
0.0226101
0.0378611
0.168426
0.4933
0.10874
0.681226
0.123964
0.578851
1.99128
0.101024
2.34324
3.18261
1.28804
0.324251
1.12542
0.754342
0.166948
0.200676
1.97648
0.946658
0.220839
1.07252
1.30939
0.387499
1.90982
2.89353
1.04199
0.878501
2.27771
0.0591123
0.590005
0.757217
0.863147
0.0284648
1.80048
2.42641
0.6931
0.447529
1.52881
3.47587
0.0817174
0.36688
0.147947
0.407208
2.35649
2.06731
0.202667
1.48153
0.0175461
0.38514
0.858859
1.18006
0.320135
1.30912
0.161113
1.53714
0.103472
3.11224
0.0306575
1.03095
0.942673
1.24945
1.13826
0.235732
1.1456
0.272107
1.01357
4.69607
0.493458
2.7093
1.3648
0.891482
0.825362
1.36298
0.49393
1.58002
0.128868
0.272275
5.85459
0.690577
0.435807
1.89137
3.20363
1.31487
0.597335
0.918921
1.59088
0.142881
0.0651862
0.865073
0.331873
3.39711
0.525461
0.0235873
0.283895
0.233801
1.80078
0.443225
1.43252
2.86207
1.4654
1.35311
0.596432
0.256342
0.901835
0.532881
0.0566109
0.192449
0.080663
1.18891
0.546453
0.330831
0.469424
4.08787
0.472617
0.181041
2.58772
0.409301
0.311864
0.125879
0.617029
1.72528
3.35671
0.0895586
0.2948
2.32264
0.0692193
0.1108
0.173877
1.37907
3.36733
1.6158
0.11699
0.337304
1.08515
0.262837
0.0053915
0.240798
0.393796
0.23084
0.0933275
0.767521
0.105973
0.062188
0.661895
7.07741
0.711591
1.02653
0.0152998
2.31432
1.51137
2.02948
6.1275
0.263791
1.75761
0.580901
1.6998
0.161552
0.774301
2.57858
1.18471
3.04302
0.00288094
0.388645
0.614071
0.903196
2.3233
0.0205624
0.0337968
0.50531
0.232827
0.695049
2.27561
4.17117
0.590532
3.8747
0.709896
0.0783265
0.30367
2.78476
0.705871
4.01587
2.19631
2.08407
1.61014
0.804516
2.53566
0.182905
0.179526
0.805903
2.11188
0.234821
1.70124
0.936589
0.291931
0.852184
0.342011
0.0491603
1.20067
0.179326
0.82905
0.180711
4.14902
2.19731
0.689927
0.2117
0.134752
0.582191
0.832931
0.0269969
0.459106
3.62212
0.306321
0.847519
0.775462
2.85895
1.26153
0.028233
1.07146
1.2748
3.69902
0.730481
0.022199
1.63133
1.65432
1.41274
0.798263
0.119733
0.130981
0.659249
1.11599
2.84931
1.40051
0.564447
0.128648
0.0849963
3.8642
0.276297
1.00123
0.463058
0.831793
2.78226
1.16806
2.29264
0.107599
0.407065
0.550549
0.0997111
0.71595
0.434752
1.69482
0.407536
0.290372
0.240738
0.101821
0.42713
0.773621
0.799371
0.226147
1.37811
2.25533
0.835461
0.560731
0.443116
0.0387955
1.25389
0.963198
1.12305
0.444637
0.220777
2.46162
1.16031
0.417881
1.19448
0.233779
0.330979
2.40747
1.35946
1.09057
0.596764
2.71649
0.320926
0.67777
0.382639
0.780436
0.287087
0.637032
0.647218
0.348476
0.446429
0.240317
2.16899
0.0954683
0.588399
0.331972
0.956419
0.730933
0.214866
1.66766
0.668282
0.583481
0.171754
0.0877969
4.50794
0.546937
0.551817
1.28534
0.459108
0.0364864
4.47796
1.71751
0.0480768
1.13026
1.84895
4.75999
0.20315
1.09887
2.05008
0.456078
1.35766
1.33241
0.326788
1.18055
0.627278
0.99391
1.0935
1.56235
0.0582845
1.32726
2.32461
0.941667
0.268498
1.12407
0.410496
0.210492
0.6047
0.54307
1.61612
0.260821
0.574219
2.64049
1.08793
0.237769
1.03354
0.240122
0.362996
1.11562
0.964283
3.26113
1.14794
0.0433711
0.273036
4.49453
0.0257986
0.62396
0.656691
0.717624
0.461424
0.122281
0.813977
1.71257
0.0820517
0.209752
0.781023
0.0140806
0.195273
0.0664491
2.81528
0.0737587
0.35762
0.00197142
0.270151
0.0389092
0.245279
0.820965
0.630157
0.728174
1.05587
1.31389
0.335196
0.0194751
2.19795
0.809355
2.74689
1.99039
0.283546
2.0374
0.0874052
0.252097
1.45317
0.226559
0.489055
0.036789
1.07572
0.129704
0.333711
1.60231
0.653903
0.272762
0.368358
2.29509
0.370042
0.464225
0.71463
3.57971
0.213099
3.14259
2.61001
1.10108
1.69638
2.71744
0.614555
2.87692
0.0663622
0.0826047
1.31224
0.239957
0.245232
1.46271
0.321477
2.23798
2.03108
1.5268
0.755324
1.19782
2.52704
3.14639
0.318179
1.006
0.812158
2.65159
2.94906
0.709101
0.167452
0.217838
0.929235
2.42881
0.247429
0.158857
0.342337
0.408425
0.714412
0.345396
0.710839
0.117906
0.584421
1.65329
0.231392
0.550674
2.78067
1.31217
0.205454
0.248658
0.721619
0.20876
0.625831
0.640805
0.319114
0.282483
0.320096
0.331995
0.521913
0.0991337
0.72925
0.72199
0.0251189
0.0273527
0.182035
0.335982
1.62126
0.143576
0.38795
0.165919
1.26891
1.1548
0.225364
0.578722
1.31898
0.543402
0.107544
0.031282
1.00126
0.558053
2.79387
0.153506
1.04897
5.78489
0.521149
0.0704463
0.227056
0.0105196
0.447577
0.816294
2.56125
0.820252
2.27949
0.117367
1.58184
3.61587
2.54873
1.19811
2.00467
0.11143
2.09902
3.38002
1.8269
0.556374
1.92429
0.178574
0.606998
0.11462
0.678457
0.652452
1.03319
0.242666
0.103908
0.323046
2.27719
0.674223
0.00592466
0.353751
0.442292
1.07059
0.924931
0.267217
0.117441
0.244577
0.427945
0.30269
1.3457
0.295265
0.792912
0.130653
0.0800804
1.14055
0.623043
3.46704
0.6328
1.51115
0.374116
0.12937
1.63002
0.223943
1.14908
0.0062878
1.30273
2.4764
1.22822
0.113926
0.491806
2.76493
0.732603
0.771532
1.53108
0.414123
0.0999068
3.18411
0.415128
0.343377
2.15415
0.75228
0.172822
0.620802
0.972648
0.420223
2.97389
0.641341
1.40957
1.28057
1.8498
0.527353
1.47889
0.787719
0.0327112
0.395252
1.66008
1.08758
1.36805
1.56956
2.35402
2.88038
2.06424
1.1776
0.558522
0.811882
0.37847
1.42763
0.376751
0.186691
0.949368
1.12569
1.94839
0.77072
2.18815
0.684659
1.09523
1.08623
1.22529
4.05481
0.0813552
0.0553165
2.48505
1.57839
0.569785
0.4492
0.443302
0.185482
0.168801
0.628474
1.39438
1.26416
0.149901
0.968153
0.108914
0.127453
0.744707
1.31887
0.110449
0.55568
1.71859
0.0329846
1.98936
0.423444
1.3976
0.0680557
1.26033
0.242449
0.309235
1.98602
2.69701
1.59008
1.86653
1.84757
0.107379
0.828521
5.12025
0.00125506
0.508234
1.53204
0.189205
1.15853
0.672032
0.787255
3.13572
3.41439
0.670696
0.408554
0.620936
1.07343
0.367296
0.41819
0.345747
0.457874
0.315317
1.77092
0.212306
1.48987
1.20455
1.50253
0.341934
0.554319
4.34895
0.126475
3.31468
1.14981
1.03837
1.61802
3.43583
1.24256
0.131055
0.663701
0.249047
0.301345
0.316358
1.09351
0.482577
0.0344273
0.0271944
1.46009
1.41652
0.124651
2.43211
0.162604
2.22079
0.92033
0.92634
1.44894
0.159794
0.833751
0.467066
1.10508
0.1968
0.0100954
0.218839
0.968883
0.215508
0.576551
1.0905
0.330807
1.94053
0.48153
0.40378
0.365537
0.0121727
0.428966
0.314899
1.44506
2.19098
0.0729218
0.704623
0.779625
0.302057
0.603811
1.2735
1.27695
3.58025
1.26704
0.885756
0.716452
0.473821
0.85437
1.95257
0.572359
0.407326
0.209046
1.71441
0.924366
0.644265
1.09843
1.69381
1.04986
0.154228
2.09525
1.08121
0.0289053
1.47258
0.0168747
0.225414
1.50062
2.78663
0.310095
3.92942
1.13865
0.0900707
0.382158
0.641169
0.202172
0.128883
0.245409
0.33961
1.85018
0.0560377
1.58995
2.07934
0.115515
0.88484
0.580383
1.54428
0.67237
0.234027
2.83125
1.01005
0.815194
0.136439
2.05186
0.107004
1.51623
0.104155
0.051615
0.52428
0.03276
0.141241
0.288129
0.73992
0.137367
0.00046261
1.61018
0.13986
0.510289
0.764832
0.0882947
0.748309
1.22509
0.970035
0.419432
1.04518
0.390996
1.38589
0.514105
0.232843
0.996305
0.703356
0.0453601
0.701514
1.32219
0.910224
0.224393
0.0559436
0.232583
0.817625
2.37585
0.412539
0.907466
2.55594
0.418249
0.281997
0.912578
0.320723
2.8743
0.345654
2.23621
1.32151
1.44793
0.380613
0.0538499
1.87325
0.407011
1.2478
0.143668
0.30173
0.473991
1.08466
0.57269
0.492828
0.0513371
0.321379
0.0066777
0.406283
1.25491
2.2964
0.238383
3.23288
1.5996
0.559415
1.66903
2.64909
0.837222
0.913069
0.262797
5.19595
1.02156
1.48651
0.238068
0.940997
0.161844
0.384047
1.32858
0.104536
0.551188
0.960335
0.742806
2.38906
0.110593
0.292338
1.71957
3.43775
0.336423
0.78969
0.31537
0.603527
1.0203
0.0958372
0.306582
0.457103
2.33122
0.480405
0.0284472
1.7785
0.560029
2.79711
0.084209
1.8085
2.41572
0.396187
1.36194
1.68589
0.831386
0.396704
0.658267
1.76371
3.02678
0.748387
0.95517
1.04184
1.51429
0.587039
3.77143
0.818875
0.196937
0.870478
0.500996
0.881556
0.595004
1.51287
0.330219
1.62205
1.2648
1.8421
0.762423
1.87847
0.570469
0.470028
0.545427
0.352813
0.840558
0.714173
3.70144
0.64967
1.47994
1.48495
2.75394
0.2968
1.33353
1.28987
0.831199
0.681891
0.417195
1.07433
0.619242
1.51563
4.23784
2.11077
0.081833
2.2136
0.275464
3.00547
0.0840474
1.13582
0.768466
0.635744
1.12813
1.63109
0.484952
2.14883
2.01028
0.499911
0.305194
1.22767
0.21643
0.307377
3.78941
0.294432
1.45181
0.333357
0.687737
0.0105698
0.177997
0.723582
0.00704706
1.08934
0.935874
0.914661
0.51549
0.493572
1.07497
2.34622
0.986737
0.097109
0.509935
2.63012
0.0651725
0.546687
0.205022
1.55816
0.53214
1.20274
0.3885
1.67629
2.39147
0.345683
1.02559
1.46966
1.84377
0.0940565
1.87538
0.916424
2.38431
6.74686
0.136502
2.2374
0.0796412
1.27374
0.293185
0.423307
0.0640235
0.482318
1.89442
0.257835
0.132181
0.489269
0.667565
1.88131
0.17444
0.23493
1.15107
0.492264
1.57527
4.02557
1.37018
0.763632
0.683135
2.97
0.106805
0.283202
0.709069
2.21568
0.721278
0.0155173
0.335216
0.378375
0.091274
0.09303
4.14161
0.71185
1.58981
1.13956
2.37436
3.2335
0.578212
0.0474613
0.0552957
0.544124
0.309911
1.07174
1.29349
4.16275
0.509016
0.716893
0.686009
1.38471
1.32958
2.32461
0.33087
0.139293
2.91105
1.10911
0.991513
0.182676
2.15048
4.88356
2.38977
1.17147
0.309364
0.0828502
0.950603
1.77534
0.812468
0.761262
0.604043
0.251011
2.59288
0.677126
3.14444
0.541265
0.0694215
1.45449
1.22761
0.220526
0.0704182
1.62044
0.711746
0.0963464
2.70527
0.184728
0.468047
1.11876
0.958413
0.150663
0.523465
2.89189
0.281887
0.503492
3.7093
3.0718
1.97329
1.17059
2.03674
0.0786886
0.646433
4.96349
2.69425
0.0759593
0.104097
1.78383
0.706852
0.0102258
2.61359
1.38537
0.280403
1.1117
0.038518
1.00683
2.39542
1.06195
0.292796
0.673438
1.14363
0.820201
0.815732
0.955914
1.02583
0.535905
0.747043
0.596471
0.2064
2.59845
0.121723
0.00547562
0.708278
0.642006
0.135958
0.18018
0.379319
1.16438
0.849118
0.696992
2.75072
0.710378
0.625425
0.0394867
2.99155
0.0622547
0.822511
1.19302
1.19437
0.502993
2.66898
0.491853
0.303421
1.73339
0.891502
4.61439
1.50643
0.925482
1.71952
2.37667
3.31653
0.230667
0.0873969
2.06973
0.248784
0.117894
0.0438394
4.15393
0.253877
0.956875
0.290248
3.50478
3.48635
1.25917
0.39451
0.38596
0.379675
1.28082
0.336358
0.171542
0.496076
0.962431
0.482074
1.11846
0.0453177
0.939718
1.31844
0.689567
3.75741
0.0665548
6.05611
0.566724
0.361935
1.99134
0.10855
0.673532
4.09347
1.2889
0.463849
5.3026
1.2717
0.775625
1.41895
0.577937
0.306255
0.296516
0.213467
1.0427
0.302194
3.68733
2.89254
0.549139
0.465723
0.320942
2.31228
1.72923
2.7863
0.476718
0.632947
0.617881
0.193866
0.903885
0.463865
0.210629
0.303239
0.0224689
2.87542
0.0725844
1.07224
0.309573
1.8725
0.0905029
3.83128
1.13677
1.5511
0.484301
0.442757
0.55839
0.459008
0.303793
1.62588
1.42889
0.266501
0.640053
5.02605
0.785141
0.172283
1.757
0.39072
0.30911
0.615865
0.455856
0.192475
3.82333
0.590777
1.03952
0.0714003
0.426296
1.10418
0.935648
1.90242
0.281914
0.0856543
0.214041
1.88562
1.87306
0.555179
2.5938
0.135963
0.864765
2.72036
0.13447
2.05481
1.21456
2.2237
1.56944
0.584713
1.15218
0.765755
0.68361
2.56186
0.858602
1.19987
0.335358
1.25504
1.36537
1.31614
0.880632
2.15155
0.557624
0.199637
1.27262
0.0348716
1.83957
0.204561
3.02314
0.341024
0.158469
0.50736
0.0394133
1.38477
0.00987399
0.637716
0.180932
0.283386
0.840466
3.50479
2.10407
0.456602
0.169843
0.312767
0.24202
0.0616022
0.584058
0.122632
0.978771
0.853892
3.24298
0.985591
0.401967
0.190703
0.0611318
0.634966
0.858913
2.53787
1.54685
1.16253
0.392944
1.18377
0.39936
0.315961
0.916
0.19429
0.504567
0.440897
0.256753
1.00529
0.126584
0.359046
0.418739
0.287049
0.0239585
0.547416
0.202636
0.351203
0.971472
0.975201
0.241886
1.10594
0.0396954
0.467494
0.200827
1.31668
0.555039
0.800212
2.47247
0.103874
0.0348137
1.61452
0.200715
0.100813
1.54663
0.914097
0.309879
0.119776
1.33126
0.983491
1.3408
2.06554
0.460177
0.179712
0.895245
0.803933
0.976816
1.11083
0.096456
0.606499
0.587004
0.943675
1.33134
0.176652
0.844908
0.0871711
0.0603086
0.39509
0.194725
0.104985
0.159037
2.55179
0.201938
4.80682
1.82624
0.29502
0.226887
0.01423
0.216576
0.702195
1.71181
0.531549
0.0962669
0.324835
0.271736
0.14912
0.105512
0.936946
0.716789
2.47883
0.320741
0.0236723
2.41103
2.15059
0.643999
0.86276
0.20371
1.79211
0.444723
3.92996
0.520192
1.54012
0.773916
1.08618
1.1712
2.06753
0.83237
0.998842
1.87422
0.302382
0.899003
0.763509
0.254754
2.98149
1.29201
0.111895
0.923411
0.174282
0.307236
0.322012
1.14558
1.24079
0.379679
2.85886
2.74105
0.0450214
0.551199
2.65615
0.557575
1.77319
0.0278781
2.18642
0.744284
0.351243
0.676768
2.47086
1.89545
0.549083
0.0456422
0.269202
0.729117
0.197556
0.117449
0.131912
1.79923
0.160299
2.57505
0.186951
1.37498
1.46861
1.86714
0.430023
0.0595918
0.714145
0.131037
1.49609
1.35984
0.388955
1.24267
1.89072
1.10454
1.04329
1.78831
3.2085
0.0428915
0.0606231
2.2943
0.309319
0.792039
0.719593
1.62947
0.460391
0.150533
0.994403
0.0658227
2.92718
2.0913
1.36119
0.397568
0.853065
0.23594
0.816612
5.45717
1.31977
0.298764
1.35949
0.603562
0.304823
0.523647
1.89631
0.463797
1.29762
0.0270905
0.761091
1.9508
0.00472604
0.262206
1.0728
0.89786
0.238114
1.538
1.47943
0.907866
0.273885
0.000591968
0.45796
0.682048
2.90734
0.670387
0.0110828
0.167457
0.869424
0.034383
1.62713
2.07211
0.447329
1.01195
1.20715
2.39022
0.293097
0.783533
0.477545
0.588526
1.97486
0.387617
1.52575
0.224036
0.780834
1.21351
2.93675
2.06577
0.422087
4.28293
1.40972
1.38927
0.630445
1.02737
1.93686
0.0722726
0.445528
1.64135
0.0540215
0.134009
0.974235
0.524303
0.368114
1.86153
2.17922
0.898037
0.286694
0.487873
0.0319902
0.155704
0.598518
0.549975
0.949179
0.0487206
0.211661
2.17013
0.282524
2.10571
1.93567
0.139465
1.54701
0.0675239
0.586843
0.648509
0.632559
0.507639
0.0331771
1.67801
0.299545
0.854593
1.06462
0.120763
0.568738
1.25469
0.556386
0.304228
0.134876
0.17375
0.444453
4.99067
0.00857544
0.847516
5.71735
0.0205553
0.840966
0.468356
0.83447
4.31629
0.026542
0.434337
2.23557
0.783378
2.2353
0.32621
0.05926
0.148928
1.28111
0.870305
0.015933
1.12186
0.883085
0.330864
1.26399
0.679344
0.38945
3.52225
0.347948
1.86411
0.294155
1.97968
0.610252
0.54606
1.68692
1.16667
0.519356
0.338998
1.24634
0.179151
0.383435
3.19447
1.33471
0.177797
0.423679
2.06033
0.221004
1.85103
0.216661
0.650714
2.54948
0.381646
1.41554
2.6977
1.23386
1.70399
0.285355
0.226756
0.850843
1.0973
0.278342
0.994789
1.465
1.89303
0.912305
1.51023
1.44227
0.157078
0.0144078
0.0608235
0.927142
0.0211042
0.126954
0.205263
0.738133
3.10496
0.185583
0.407814
1.00701
0.404632
0.339598
1.67909
0.00927112
0.0294918
1.02426
0.577947
0.641303
1.07102
2.72071
0.741125
3.92703
0.00769839
0.550123
0.732024
0.223666
0.360271
0.614466
2.24755
1.20684
1.66532
0.0635802
1.33429
0.838272
0.439701
0.987032
1.31328
1.5726
0.0461605
0.870394
0.829573
8.34365
1.86909
0.478802
0.203784
0.0945262
0.838966
0.0275341
1.17658
1.48995
0.825111
0.326369
0.823668
0.733416
0.803457
0.942417
0.519788
0.894498
0.1192
0.158567
0.0675924
0.272913
0.437398
0.0770569
0.526276
2.14593
0.653287
0.341221
0.369032
1.80188
0.480067
0.415897
1.07151
1.15369
2.90148
0.254397
0.632206
0.266604
5.05909
1.35141
1.38387
0.987218
1.664
0.370599
0.590143
0.159157
0.281395
0.240851
2.21505
1.28994
1.79393
1.79588
0.331735
0.463974
3.66178
1.22352
0.36793
4.81369
1.26762
0.231931
0.610263
0.0564802
0.519321
1.30368
0.374433
1.07643
0.468753
1.20098
0.6056
0.168734
0.0039449
0.708456
3.88186
1.37993
3.03107
1.97205
0.271092
1.32076
1.92867
0.652549
0.883243
0.122908
2.42331
0.23847
2.36078
0.637724
0.324434
0.019216
0.910372
1.22267
0.802394
0.0821039
2.63014
1.90723
1.65891
0.254964
0.0423039
1.26087
0.787714
0.792467
2.0772
1.50757
0.01073
0.40127
1.02719
1.03661
0.080434
0.542632
0.789485
0.138661
1.6278
2.15238
8.70576
1.41568
0.198895
1.44098
1.64057
1.12151
0.360054
0.238743
0.702988
0.55174
1.4894
0.232341
0.338292
0.134841
0.219253
2.09025
0.654299
3.63089
1.60818
0.571813
0.517642
1.15885
2.0088
1.70427
0.372459
0.240614
0.97367
0.785314
1.96353
0.460805
0.514601
1.31184
0.00749817
0.984659
1.01913
1.9275
3.37879
1.01843
1.19895
1.57556
1.51661
0.449021
1.14858
0.867736
1.27922
0.550179
1.00251
0.447952
1.5016
0.993507
0.589307
0.403292
0.951018
0.594864
0.268478
0.603291
0.13901
1.84734
1.16143
1.97106
0.882851
6.45112
0.648523
2.7535
2.46185
2.93653
0.685671
1.05414
0.777566
1.19288
0.0464231
0.217095
0.691757
1.51918
0.332943
0.0199979
0.0655885
1.21601
0.108546
1.38989
0.0739775
4.19702
0.826983
0.229807
2.20211
1.81218
0.972534
1.65076
2.34188
0.0249008
2.13854
0.959593
1.63329
0.779962
0.510722
0.013586
0.105659
0.235805
0.675398
1.91772
0.480497
0.478523
0.394763
1.84783
0.216821
0.266855
0.742084
0.518604
0.0192933
1.39343
1.98039
3.39162
0.0558811
1.25028
0.887617
0.0458348
0.371647
2.52472
0.0353333
1.22896
0.0291077
0.65428
1.19967
1.69103
1.2952
0.10487
0.72079
0.287831
0.283818
3.06265
0.667312
0.281382
0.0210072
0.409799
0.792687
1.07132
0.40245
1.67175
0.802321
3.20098
0.951466
0.241688
1.16437
2.63005
0.968245
0.50603
1.10915
0.222076
0.669166
0.0437586
0.371201
0.403915
0.293012
1.52659
0.51031
2.46986
2.02974
0.0837804
3.17188
0.0864644
0.173574
0.351753
0.413421
0.0795441
0.121952
0.967184
0.707845
0.0153515
0.116103
0.513833
4.69116
0.956763
1.86382
0.320409
0.0296544
0.515255
0.915563
0.377807
1.58787
0.0376067
0.455152
1.16435
0.0815846
0.318993
0.333635
0.684993
0.573696
0.107244
2.82345
0.0647769
2.23822
1.09761
0.180411
0.270432
0.0333706
0.290863
0.431752
0.467928
1.24814
0.153792
0.944625
3.02614
0.281606
0.589871
0.790635
3.03123
0.0551238
0.789344
0.869758
0.675077
1.18627
2.61315
3.97885
0.248087
0.478309
0.746656
0.238161
1.70021
0.49178
0.13776
0.573105
1.57247
0.129922
1.01544
0.110895
1.20511
0.107692
0.433157
1.67363
2.19095
0.589712
3.28154
0.323686
1.35904
1.74833
0.17489
0.625163
0.0478513
0.901313
0.148858
1.695
0.00224207
0.72351
0.771674
0.208437
0.718102
2.67688
0.571509
1.58458
1.31047
0.553521
1.31333
2.83843
0.373628
0.114995
0.0795599
2.37502
0.432971
0.374488
0.618081
1.65615
0.0463566
3.64973
0.484592
1.27382
1.11745
1.19894
1.15594
0.788444
1.22612
4.9514
0.731144
0.242486
0.77767
0.316713
0.617871
0.413127
0.614669
0.035774
0.869256
0.818795
1.08797
0.346568
0.932157
0.16388
0.249933
0.511585
1.07647
1.37418
0.176016
0.977473
1.78699
0.177739
0.156727
2.49663
0.0386362
2.13517
0.776419
1.07282
1.6097
0.562352
0.995423
1.87214
0.237127
0.548797
0.26733
0.0712215
0.162194
2.6195
0.455838
0.156659
0.942771
1.36305
1.06843
1.74233
3.41486
0.908407
0.0772259
0.585142
0.0104262
1.58503
1.32227
0.553219
0.444415
3.17933
0.122004
1.41251
0.609255
0.717851
0.419028
1.28869
1.91687
0.181019
2.35783
1.03283
0.285867
4.0169
1.30813
0.102164
0.201021
0.219612
0.257317
0.0760521
0.0193546
0.0873884
0.0393675
3.63869
1.09213
0.0897058
2.36273
1.59229
0.284844
0.794821
0.48802
0.0416599
2.04201
1.40101
0.10702
0.674318
1.20044
5.77823
0.869904
0.827248
0.782877
0.130955
0.645173
0.37252
0.212205
0.88922
0.743874
0.51432
1.84586
1.22034
2.13665
1.89661
2.05218
0.545262
0.937001
0.459238
2.12649
1.90297
2.2215
1.38794
1.28754
1.38254
5.18904
0.721263
0.290284
0.288909
0.590847
0.592825
0.552547
0.722013
0.848336
2.6096
1.48426
0.135969
0.279001
1.0351
1.82949
0.553217
0.837828
0.557369
0.0223746
1.87791
0.0614074
0.260889
0.636727
0.171208
0.393126
0.500165
0.499264
0.529669
0.153032
0.408517
3.27266
2.19872
0.888172
1.07471
0.479798
0.560582
0.042968
0.271429
0.521935
0.755056
1.44905
0.132173
0.856835
1.60976
1.63917
1.0578
1.03277
0.867594
0.11279
0.401625
0.58938
0.428943
0.356624
1.87459
3.63699
0.790598
0.710694
1.58246
0.522803
0.155422
0.988747
1.32721
1.54948
0.356669
1.24178
0.493823
2.15805
0.147413
0.0780857
1.9724
0.684683
0.989249
0.07604
0.710236
0.108289
0.117501
1.71487
1.54798
1.656
0.825629
1.62951
0.0777935
0.2338
1.24407
1.43703
0.0184782
2.95669
1.66544
0.78682
1.62216
3.2619
0.836959
0.274939
0.0988972
1.06644
1.7696
0.757556
0.390888
1.2602
0.159619
0.159185
3.13499
0.026592
1.12994
0.229789
4.94014
1.18466
0.150759
0.00464252
0.0829721
0.0975927
2.20631
0.106752
0.341471
1.03569
0.978844
2.46134
0.22034
2.11436
0.111243
0.104163
1.54129
2.327
0.404102
3.96813
1.30583
0.190261
0.109562
1.26225
1.05859
0.814587
1.11596
1.52411
0.231245
1.10472
0.402881
0.0111458
0.880047
0.0102817
0.0543782
1.48217
0.188519
0.36004
1.48756
1.87984
2.38526
0.710238
0.402507
0.112144
0.076653
0.966801
0.371964
1.82876
0.551039
0.556909
2.67715
0.339399
1.31467
1.6939
0.469529
0.068265
0.351243
0.0319177
0.413424
0.378758
2.15825
1.30055
2.05936
1.78001
3.0019
0.270131
0.336287
0.689521
0.284458
0.659256
2.14224
0.201261
0.864895
0.646623
3.40249
0.0226825
0.385921
1.53096
1.09588
1.09715
0.515346
0.223384
0.115015
0.676015
3.67195
1.85078
3.0982
2.23421
0.382241
1.37453
0.981315
0.179703
0.808161
2.15748
0.476866
1.94335
4.96306
0.446826
2.81008
0.533111
1.97456
1.63053
0.21449
1.13586
1.88391
3.6252
1.86291
0.0247085
4.95741
0.0926545
0.267271
0.59603
1.01754
0.0397211
4.66055
0.520699
0.72616
0.514209
0.270509
0.193083
0.978919
0.167801
1.43132
0.664132
2.48205
0.487043
0.276289
0.681864
0.62724
0.721991
0.495034
0.152266
1.09347
0.152927
2.6651
1.35695
0.123041
0.381797
1.25268
0.459787
0.858847
1.0224
0.234455
0.318313
0.0193319
0.184301
2.53621
0.0531642
0.511528
1.80961
0.356685
0.613343
2.71117
0.256344
0.087474
0.233346
1.62416
1.12853
0.00397713
1.35369
0.91662
0.500338
0.108913
1.96988
0.035838
0.434391
0.894117
0.313477
0.458641
0.201462
3.58863
0.372807
1.12981
0.180553
0.049681
0.210829
1.11717
0.0485168
0.00979683
0.716189
1.94824
0.199789
0.106179
0.72189
0.0159478
3.12792
1.96338
0.613579
0.387354
0.654365
0.798239
0.84275
1.42427
1.35647
1.08834
0.10712
0.907806
0.28157
0.0538097
0.820325
1.13593
0.485697
1.83283
0.0996296
0.456236
0.205923
0.606198
0.661219
1.42192
1.45003
0.499245
2.49767
2.32964
1.95799
0.290118
1.43842
0.235627
1.142
0.830071
0.447014
0.157333
0.388244
0.961983
0.372418
0.125069
2.3972
0.0150841
0.194934
1.03532
0.288187
1.46453
0.681821
0.672744
4.37089
0.689477
1.70257
0.18948
0.155941
0.201219
0.569653
1.52224
0.00887226
0.225671
0.857476
0.405282
0.840162
0.486721
0.59511
0.23836
0.246585
0.975774
0.250463
3.17487
0.688212
1.06832
0.061845
0.446937
0.641692
2.43841
0.280795
0.631516
1.5075
0.0546575
3.28193
1.07334
1.29557
0.204106
0.206313
1.27136
0.629563
1.16048
0.908915
0.562034
0.910519
0.280943
0.244275
0.132034
0.461362
0.108197
0.85644
0.148946
1.77776
0.958801
0.108027
0.0380138
0.674015
0.0137451
0.0796964
0.526657
2.8998
0.872485
0.00303612
0.836375
0.329144
0.587996
0.803264
0.332904
1.41044
0.290875
0.162726
0.0149668
0.867114
0.931315
0.883974
2.74769
0.899474
0.508634
0.486197
0.248403
3.3175
0.711886
0.913694
1.97093
0.00402432
2.8344
1.45963
5.24524
1.76899
0.622038
0.223607
0.186497
0.750823
0.898242
0.0193226
1.47261
6.71871
0.176351
0.685998
0.360169
1.25828
0.208839
0.5438
0.48868
1.99388
0.0835929
0.462357
3.26042
3.70074
1.24474
3.17527
1.31472
0.184921
0.41199
2.10103
0.956699
0.0503028
2.73192
0.0207911
1.08342
0.504614
0.0679593
0.316826
0.361738
3.25571
2.8387
1.17381
0.297058
0.538361
1.0286
2.10168
1.99073
0.124098
0.901047
2.01265
0.0703786
0.820609
2.36391
0.0675027
0.00643745
2.20991
0.247417
1.60692
0.738061
0.891878
1.05985
2.12492
2.19454
0.744033
0.620675
0.544457
0.130394
0.192005
0.457276
0.821286
0.0210895
0.554638
0.426285
1.83314
0.624119
0.50954
0.185839
0.0946164
0.630547
0.0486773
0.132783
1.65106
0.563695
0.957589
0.748756
0.287651
0.41347
0.633468
0.625758
0.783709
0.221664
0.666213
0.162052
0.166844
0.838452
0.652444
3.26186
0.477576
2.27431
0.593731
2.67731
0.226568
2.32255
0.737018
1.40683
2.81703
2.36554
0.0366859
0.871207
0.820567
2.19918
0.22648
0.49819
0.190663
2.02186
0.659009
1.97423
1.50338
0.599112
0.24386
1.35091
0.720479
0.694193
1.77806
0.0255788
0.0449286
0.470409
0.717203
3.01527
1.0574
0.319464
0.577352
0.236736
1.04171
1.33566
0.382825
0.0559913
3.70265
2.14588
0.187872
0.0728389
1.27914
2.00161
0.260618
1.77028
0.803121
0.386864
1.89355
3.27577
0.105911
0.0381423
3.43992
0.0313575
1.48937
0.0864718
0.841835
0.600339
0.199574
0.845133
1.06872
5.84619
0.216707
1.53632
0.506843
1.3926
0.11076
0.49697
0.639942
0.00457194
2.70315
0.0973921
1.0081
0.0662331
0.296437
0.822208
0.503688
0.715762
0.134193
0.620949
0.403195
0.732157
0.106693
0.689226
0.546656
1.10729
0.378574
1.21496
0.07126
0.972256
1.26016
2.59773
0.0879305
0.15625
0.535464
1.82651
0.143922
1.3263
0.0113006
1.18929
0.543753
0.467383
2.65137
0.149725
0.18349
0.219636
0.875781
1.65064
0.863122
2.80018
0.660538
0.736332
0.104745
0.210688
0.565345
3.25576
0.266239
1.24146
0.454971
1.62995
1.46568
0.49476
0.388139
3.71946
0.983791
1.63956
1.62727
0.681918
5.06847
1.91819
0.680704
0.438067
0.991763
0.337484
3.43306
2.7896
0.0399474
0.453348
0.945839
0.125122
0.845389
1.55771
0.385428
1.41321
0.600916
1.48029
0.447839
1.80204
1.18367
0.00816443
1.87269
0.680222
0.0224231
0.680936
2.86288
0.782892
0.125216
0.118871
3.00503
0.48511
0.330545
0.747568
1.88176
2.17701
2.79408
1.54654
0.398393
0.0271074
0.454382
1.98674
1.38336
0.620852
1.24745
0.959687
0.0144399
0.879472
0.412224
0.235804
0.137577
2.09435
3.21298
0.00285379
3.01884
2.60106
0.140878
0.448751
0.376721
0.759715
0.825838
1.29083
2.78482
1.56574
0.138431
0.595603
0.0201893
0.865987
3.04922
0.933673
0.902388
1.43467
0.124423
0.962211
0.186863
1.81959
1.82788
0.743075
0.0997283
0.431259
1.72979
0.570147
1.65136
1.56654
2.04404
0.258579
1.98022
0.0827071
0.878227
0.712552
0.257618
0.00232215
0.121807
0.11663
0.131749
2.01358
1.65791
0.643109
0.106162
0.642375
0.716485
0.160522
0.364465
0.557118
1.7587
0.687724
0.415456
0.898084
0.796163
1.55704
0.877267
1.36925
0.68836
0.044843
1.1335
0.427612
0.395094
0.731423
0.908189
2.71022
0.657787
0.738391
0.825955
0.711826
2.18174
0.315309
0.354629
0.00279701
0.679896
1.82567
1.72817
0.462244
0.26761
1.12926
0.286928
0.264329
5.01147
1.23443
1.58864
0.765172
1.58318
0.605418
0.258315
2.14223
1.81224
1.69424
0.104025
0.0249085
0.274568
2.77293
4.64517
0.0443295
0.17591
0.962546
0.0751444
1.28505
0.850378
2.83376
0.27114
0.431916
0.607126
1.26049
0.0694574
1.93493
0.140126
1.28976
0.484077
0.238545
0.185343
0.337894
0.210057
1.66169
1.57585
2.09184
0.932374
0.00850468
0.690116
0.0624109
2.29783
0.189636
0.0596935
0.521652
1.65172
0.721265
0.015731
1.62999
2.64362
0.385604
2.2178
0.281732
0.976524
0.666725
1.27676
0.119461
0.480455
0.444057
0.326316
1.22512
0.494695
0.0255954
1.43474
1.07967
0.877472
0.810173
0.294806
0.274411
0.139773
2.06276
0.850079
1.61784
0.317365
1.22797
1.90698
0.055086
4.91681
0.464261
0.710252
0.949209
0.0230822
0.154677
1.92424
1.66639
0.445638
0.258279
0.179439
0.0976818
0.692248
0.253853
0.865698
1.35888
1.98967
1.04753
0.726001
0.374542
0.0108395
0.388764
2.76201
0.0266404
2.48473
1.35578
1.47958
1.62535
0.188524
0.383561
3.88206
0.312863
0.0428491
0.407095
0.483893
0.559578
0.0254205
1.03299
1.90163
0.427221
0.305545
0.905511
0.0452311
0.429104
2.06445
1.68077
0.865469
1.20508
0.139361
3.72783
1.19681
0.73655
0.330757
0.326063
0.711497
0.59522
0.795282
0.0647247
0.8475
0.552484
0.259516
0.236102
0.38542
0.635054
0.739318
4.03299
0.0725179
0.504521
0.228412
0.891909
0.807994
1.15781
0.153105
2.65365
4.85078
0.102276
0.236133
0.988597
0.447797
0.570629
1.21897
0.363514
3.54175
0.209567
0.0640471
0.196944
1.38789
1.86526
1.27038
1.47639
0.340004
0.37848
0.177345
0.44247
0.0756825
0.874938
1.25164
0.389456
0.3313
2.51722
0.00160547
0.0523611
1.04411
0.323097
0.291332
0.157752
0.582561
0.382543
0.0220536
0.603111
0.707524
0.291768
0.46652
1.32304
3.55657
1.41331
0.222943
0.119451
0.0592378
0.0351912
1.4159
0.297546
0.119003
2.88437
1.23769
0.343581
0.143257
0.259435
0.488081
1.41427
1.69107
1.35398
0.454301
1.0658
0.465241
0.162005
0.155952
0.160062
0.700518
0.394886
0.192016
0.756304
0.142393
0.869171
2.44527
0.596916
0.855163
0.227886
0.374676
0.022134
0.325056
0.998141
0.035485
3.44624
0.0817949
3.37933
0.0577908
0.514471
0.0350955
0.974346
1.23914
0.588841
0.774781
0.958242
1.83243
0.131334
2.20957
0.41418
2.14041
0.483006
0.341154
1.1451
0.605994
1.39328
4.48562
1.85104
0.593587
2.47988
1.96819
0.145612
1.00007
5.29343
1.96548
0.390258
0.300275
1.10293
4.30678
0.547978
1.49642
1.4952
0.61683
0.207962
0.35942
0.0699692
0.866346
0.819387
0.541042
0.0705247
0.649721
1.43437
1.06853
0.796937
1.1197
0.566938
0.144483
2.06052
1.01001
0.811098
0.555015
3.27069
1.46914
3.09096
0.114875
0.40446
0.399251
0.113831
1.04277
0.420028
0.305987
1.50391
0.33249
0.778424
0.401591
2.07606
0.505392
4.34641
1.2172
1.171
0.154963
0.0815512
0.752003
0.824777
1.47555
0.596306
0.714514
1.19207
0.806887
1.40765
1.16495
0.987858
0.279643
1.44495
0.620599
0.127233
1.46757
0.491106
0.0806631
0.677382
4.02618
1.40065
1.49086
1.59553
1.53378
1.38155
0.606567
0.215765
0.174357
1.64688
2.2741
1.0719
0.653084
0.0684416
0.483194
2.46026
0.0200782
4.94254
0.338755
0.857581
1.20963
0.997491
0.136462
2.06961
0.680387
1.32208
0.451251
0.671243
0.415057
0.198134
0.649842
1.05714
0.803256
1.01583
0.86157
0.289394
1.37367
1.48494
1.40806
3.25783
0.136934
0.403096
0.143007
1.05998
0.559431
2.24129
3.78336
0.346248
0.578724
0.430039
0.258794
0.530976
1.66956
0.491377
1.16701
1.34321
1.8703
0.349985
2.39813
1.39314
0.123961
1.50729
0.382055
0.80856
3.68232
0.824913
0.970919
0.623067
2.02296
0.267878
0.0661987
1.39005
1.52527
2.5165
0.421278
0.00875264
0.532935
0.31607
0.370973
0.211424
0.598863
0.28352
1.83864
0.465576
3.26157
2.12962
0.375726
0.265735
0.837468
0.847407
4.49161
2.86145
0.110643
0.629829
0.802289
0.0347949
2.31854
0.540396
0.499809
1.17811
0.809225
0.592219
0.665369
0.0624022
0.298531
0.273689
0.868097
0.475188
2.46094
2.63154
1.31991
0.37461
0.47686
0.543901
2.42857
0.469243
1.14901
0.308574
1.1249
0.0811344
1.10106
3.18012
0.0813218
0.0465377
0.523705
1.124
0.474043
1.8402
0.930913
0.847908
0.711857
0.423825
2.45265
0.4891
0.408079
0.209487
0.201725
0.554523
0.465943
0.71554
2.02684
0.061698
0.0610069
0.248158
0.448069
0.230048
2.84462
0.427072
0.860469
0.438785
1.5019
0.0636733
1.14664
0.928797
0.0737194
1.13639
2.10026
1.14938
0.99027
1.02658
0.605263
1.08116
0.285972
0.0375951
0.280568
0.211405
1.02247
1.73267
1.04968
0.985707
0.331397
0.931505
1.69741
0.0462633
0.679878
0.580151
0.991532
0.34443
0.031881
1.75466
2.79815
0.00293656
0.95524
0.939874
0.0909581
1.55234
1.64028
2.06218
0.0230805
0.112585
0.67183
4.07597
0.300947
0.0361057
0.0375738
0.640796
0.0441948
0.185811
0.249741
0.409496
0.393688
3.15807
1.05402
0.292491
1.72873
0.577829
0.478926
0.0380152
0.202196
0.930607
0.234363
2.18473
0.495886
0.702751
2.47008
0.820946
0.421142
0.208254
0.338757
2.60383
0.190345
0.158635
0.755273
0.246283
0.734683
1.91895
2.04773
0.197624
0.721234
0.433826
0.405789
1.58901
1.15529
1.87358
0.793611
3.31419
0.145773
0.27057
1.5017
1.02537
1.8582
0.447727
0.229783
0.528571
0.735662
0.0280283
2.81906
0.170754
0.871838
0.0612294
0.920681
0.435829
2.34065
0.967163
0.0650086
0.49965
0.766946
1.71345
1.17818
0.0619997
0.885176
0.791652
2.18823
1.16074
0.488428
1.53077
2.32821
0.327367
0.973468
0.538527
1.84075
2.8267
1.16775
0.279541
1.11829
1.16714
0.75668
0.0623472
0.455523
0.285479
2.41134
0.362763
0.757029
2.48302
1.25296
1.41456
1.69443
0.0976227
0.529291
0.863445
1.2131
1.59221
0.59423
2.69336
0.267133
0.414443
1.48373
0.62695
1.8723
0.646335
2.96602
1.37231
0.0438213
1.00792
2.03788
1.40416
1.91004
0.45476
2.23205
2.19536
0.259077
1.199
0.451878
0.581076
1.95731
1.35657
3.50323
1.50637
2.68165
0.287885
2.85304
1.37752
0.990475
0.0820579
0.839164
0.182018
0.736755
0.0756815
0.717609
0.415701
0.272603
1.88638
0.74173
2.08494
0.217496
1.88215
1.68601
1.18039
1.13284
1.23953
0.0114804
0.0969392
2.83518
0.0107196
0.653603
0.637353
0.46843
0.747043
0.101157
0.275471
0.327198
2.45059
0.483925
0.939969
2.61981
1.12435
0.286871
0.0222928
0.972968
0.0498035
0.450219
0.791374
0.500766
0.86814
0.224
1.17277
0.367161
0.00147532
1.67788
1.58665
0.415055
0.264397
2.26391
0.0699614
0.485105
0.174714
0.718221
1.04862
0.84052
1.71942
0.0351319
0.173453
0.0994908
3.87696
0.102975
0.581796
2.82146
0.410343
1.12382
0.787793
1.00274
1.7898
0.082807
0.300455
0.00178117
0.227033
1.32446
2.96084
0.291694
0.166009
4.02559
0.730865
0.327393
0.981814
1.82626
0.846438
0.0621164
1.02037
0.319679
0.156612
0.0309251
0.531936
3.07404
2.30973
2.76038
2.11568
0.094698
0.696226
5.04435
0.771075
0.62624
1.33254
2.85583
1.11843
0.59581
0.553302
0.278413
1.01898
5.63023
0.202437
0.308722
1.55808
0.957736
3.552
1.01473
0.0552132
0.108321
0.340831
0.390686
1.24629
0.946567
0.932072
0.761623
1.52466
0.249196
1.9134
3.29514
0.269182
0.553911
1.08265
0.576756
0.0536522
1.36806
1.40728
2.02384
0.658626
0.608614
2.3042
0.106658
1.77362
3.04206
2.17726
0.286232
0.0899478
2.53494
5.71547
0.158281
1.47303
0.952622
0.558055
1.13591
2.13048
0.736819
0.976798
1.70793
1.05862
0.986506
1.98868
0.751009
0.639523
0.743927
1.15017
1.02844
0.458475
1.26278
1.05038
2.00643
0.769736
0.881795
4.48972
2.03303
3.08795
0.493898
3.19813
2.40825
0.977343
0.135677
0.511823
0.625659
0.0776415
1.1032
0.401223
0.163646
0.829049
2.15534
0.0922617
0.081373
0.975385
2.09396
0.612259
0.107403
0.490694
0.431728
0.164764
2.57793
2.68749
1.35331
0.939459
0.37045
2.14751
0.299409
0.470774
1.90244
0.255569
0.528069
0.575929
1.24618
0.840815
4.63414
0.400456
3.27774
0.916074
1.01127
0.121933
1.2825
3.93741
1.87024
0.601362
0.133483
2.15829
0.397008
1.75019
0.706418
1.17456
0.633711
0.0501273
0.564243
0.272027
2.62935
1.32914
1.84003
0.611419
0.502242
0.614267
0.299774
0.330532
1.12614
0.684794
1.04702
0.374335
1.11511
1.60519
2.87319
2.8895
1.15766
0.40762
1.86554
0.295443
1.73697
2.15424
0.308973
0.0301079
5.075
0.877168
0.646558
0.686796
8.23217
3.91821
3.40763
1.36851
0.261279
0.42435
0.340318
2.45383
0.122438
0.0869683
0.367445
0.170562
0.534212
1.25832
1.80792
0.848928
0.00305256
0.453213
0.391076
1.00258
0.704357
1.09906
0.0180594
1.2934
0.160167
0.39521
2.00598
2.8313
1.63017
0.368552
0.764269
1.52234
0.585027
0.0501746
1.4247
1.00828
0.0529955
1.58046
0.170091
0.182507
0.852815
1.10189
0.691288
1.84506
0.19994
1.01365
2.61016
3.07975
0.139314
2.94423
1.36776
0.539604
0.0403228
0.963479
0.577089
0.615873
0.406593
0.595001
0.935219
1.46448
0.127565
1.86941
0.215631
1.62044
0.504008
0.475866
0.196162
0.515056
0.444952
1.69023
1.16281
1.02188
2.55368
1.3284
0.115192
0.558878
0.484299
0.856258
0.422741
3.68047
0.78964
1.64187
0.152761
2.39376
0.258974
0.301902
1.28532
5.01932
4.71359
0.690334
0.597871
5.02809
0.710152
0.502927
0.64693
0.638716
0.159515
0.333265
0.501171
0.336214
0.358927
0.50456
0.676717
0.262701
0.524455
1.82161
1.9846
1.82099
0.812239
1.25992
0.416791
0.789912
0.697331
1.06949
1.36767
0.80543
1.41876
4.10462
1.20074
0.31418
0.446016
0.0576322
0.324277
0.855473
1.50066
0.450136
1.38954
1.21239
0.170649
0.0915457
4.33928
0.751982
0.414034
0.181417
1.381
4.07729
0.930971
2.16609
1.66512
0.154621
0.505817
0.661232
2.00454
2.51784
1.62496
2.80306
0.781143
2.72899
1.70718
0.322837
0.304207
1.57835
0.665214
1.13798
0.280377
0.207338
0.303798
4.53705
2.2512
1.21138
0.537451
0.898676
0.684282
0.659036
2.10956
0.376372
3.8085
0.634736
1.51353
1.99217
0.507276
0.627562
0.830796
0.197345
0.306846
0.0956812
4.22028
0.270651
0.186964
0.545832
2.02302
0.750155
0.374801
5.9541
0.0240483
0.608092
1.73148
0.77519
0.474049
1.4103
1.48639
0.272137
1.17862
0.217747
2.47324
0.779411
0.542717
0.027709
0.479006
2.2164
0.480347
3.24102
1.29525
0.633435
0.257361
2.26048
1.58465
1.11002
2.09994
1.83756
0.309244
0.150229
0.51727
1.93854
1.39949
1.6863
1.12535
0.587829
0.763348
1.52224
0.547265
0.813229
0.0436336
1.95477
1.07473
1.05092
0.153071
2.43728
0.223431
0.609631
1.39544
2.0976
1.13187
0.0904565
0.0164014
0.56179
0.469222
1.22586
3.26015
0.229687
0.786689
0.621137
0.288918
0.351353
1.37384
3.1026
0.829989
0.632386
0.301863
0.0251075
0.481964
6.98923
1.01928
1.04596
0.30904
0.0770417
2.31084
0.660049
0.438771
0.257228
0.45549
0.221168
3.32845
0.00835953
0.719958
1.56031
0.303522
2.30475
2.16558
0.133168
1.11219
3.57151
0.952188
0.103967
0.843478
1.73264
1.75156
3.45752
2.8588
0.631386
0.544547
0.147169
4.20954
1.55423
0.787282
0.470537
0.444413
0.702493
1.67093
0.0546797
0.43923
3.93036
0.989184
0.36852
0.016266
0.0413555
0.230746
0.863317
0.083243
3.09099
0.433211
1.82071
0.235612
0.253996
4.215
0.0402687
0.461452
0.456379
3.83772
0.488481
0.731374
1.69842
3.03115
0.551658
0.499341
2.59107
0.696399
1.08372
0.430281
3.99936
0.458057
0.30464
1.8337
1.69017
0.586847
1.78184
1.07763
1.86846
0.853543
0.998954
1.41427
0.021295
1.08732
1.26205
0.0409855
2.3459
2.54236
0.029254
0.983148
0.938639
1.38024
3.35536
1.01007
0.567816
1.51809
0.318429
0.94174
0.117119
0.81592
0.334016
0.618108
0.955647
1.53316
2.46224
0.987299
1.01055
1.19617
1.9789
0.892967
0.0628516
0.101151
2.50385
0.672344
0.357606
0.426636
0.0997852
0.539842
1.675
0.743531
0.84846
1.24958
2.63888
1.21791
1.10885
1.22082
1.51005
0.821952
1.38996
1.64225
1.66727
0.782148
2.43868
0.717566
1.72272
0.0628781
1.27683
1.74187
0.817759
2.2244
0.126667
0.239737
0.597322
0.229848
1.22301
1.71966
1.47426
1.10956
0.391832
1.75152
0.277295
0.900842
0.495862
0.549761
0.500176
0.293752
1.03015
0.991012
1.21265
2.3709
0.588662
0.258973
0.198117
0.54272
2.64547
1.02442
0.368289
0.516585
3.12987
2.87456
1.20644
1.87007
0.0560028
3.63024
3.62258
1.25417
0.640827
0.31817
1.50156
0.676304
0.923304
0.276608
0.0724433
2.00165
0.030089
0.549681
0.0967874
0.649418
0.213305
0.349267
0.672405
0.309421
0.216549
1.61366
0.0651166
2.23993
0.0143631
0.427634
0.0258754
0.756527
1.43527
3.16675
1.62954
2.32395
0.648445
0.30606
0.851924
0.472367
0.249132
0.187683
0.232543
2.11429
0.0799026
0.225652
0.373791
1.00614
0.931693
0.181853
1.60818
3.11695
1.63552
0.150938
0.135429
0.538844
1.30037
0.561495
0.101989
0.337366
0.720233
1.9519
0.0781556
2.00256
0.103917
0.370442
1.18199
1.02227
1.21712
2.26589
1.09655
0.852771
0.19392
1.11126
0.295342
0.659846
0.241894
1.24153
0.14865
1.44969
1.25248
0.278659
3.93337
0.962904
0.207214
1.54113
1.49521
0.915018
0.211188
5.12683
2.1724
1.06692
0.847412
1.6326
0.867919
0.927482
0.425647
1.95363
0.850221
0.104419
0.265897
0.161471
0.423975
0.156589
2.3426
3.53997
1.46718
1.08947
0.610194
3.1012
0.428524
0.0797124
0.64093
0.196487
0.134824
0.898605
0.386377
1.35549
0.613867
0.337292
0.867829
0.0389769
0.314637
0.203312
0.0450569
0.265572
0.727749
1.13417
0.808376
1.49804
0.169652
0.707008
2.87378
0.478461
0.357844
0.417107
1.64421
1.30475
0.203001
0.479498
0.145167
1.84268
0.370859
0.121453
1.29464
1.12161
0.562982
0.0663635
0.796082
0.202486
3.06323
0.860552
0.0758373
0.170116
1.12359
1.69909
0.198918
2.59869
0.708967
0.880094
0.410214
0.49487
1.00734
0.729946
1.66774
0.240059
0.581511
2.47621
0.0320101
1.10149
0.0422232
1.83316
1.11094
0.445352
0.436434
0.366518
0.487408
0.355448
1.60485
0.151079
1.15493
1.57581
2.30194
0.264052
0.290229
0.0769195
0.803201
0.182488
0.0839731
0.0449056
0.853196
0.121436
0.543157
3.37564
0.655651
3.20481
0.171903
0.347529
0.265272
0.429616
1.46634
0.47926
0.103711
2.25387
0.042131
1.41545
1.00809
0.696734
2.67373
0.970254
0.217597
1.29676
0.151481
1.14314
0.127815
0.409626
0.264202
0.550991
2.31719
1.09814
2.60153
0.100228
1.89654
2.9735
1.79833
0.578858
0.0897536
0.0866932
0.537159
0.949321
1.38703
0.225813
3.12963
0.400342
0.0169295
0.235286
0.740677
0.784925
0.602614
2.17643
0.0501718
1.5431
0.391138
0.525697
0.0851867
0.459592
0.155497
0.905682
1.15901
0.243996
2.13066
4.37331
4.05295
0.245128
0.299666
0.166001
1.44148
0.100293
0.268997
0.396473
0.542523
0.523537
0.563948
0.931212
0.465818
0.0403468
1.02391
0.195349
1.22998
0.368878
0.0292561
0.344255
0.557857
0.785438
1.03714
0.419183
0.93004
1.85907
3.03003
0.313685
1.45259
0.00960353
0.701209
1.24235
0.477407
1.52688
0.161306
0.778723
0.0272373
0.207181
0.549512
0.881631
0.246307
0.976565
0.797723
2.1495
0.148342
0.666149
1.9809
0.912027
1.55752
0.447659
1.39421
2.07593
1.19071
1.25808
1.32832
0.162786
2.84379
1.17904
2.55582
1.3074
2.58622
1.45795
0.541616
0.303484
1.07453
0.393544
2.20579
2.65941
0.254885
0.702211
4.70763
4.15626
0.544366
3.07187
0.505287
0.36143
0.93903
1.15154
0.070877
0.120379
0.137775
0.21342
2.10839
0.213678
0.719939
0.116483
3.45439
1.76269
1.13192
0.341407
5.70727
1.07704
1.01007
0.543548
1.49477
0.0973696
0.103587
1.54058
0.564358
0.320974
0.745496
2.17649
0.128123
0.179807
0.0452176
0.590531
0.188024
3.40724
1.11443
0.621413
0.198294
0.507677
0.0923328
1.41083
1.19379
1.04803
1.63674
2.13986
0.797006
1.07786
0.00486615
0.0725568
0.0502041
2.125
0.0117787
0.120024
0.205207
0.145514
1.67656
0.081028
1.72547
1.1544
0.10539
1.13669
1.03446
0.0803555
2.44214
1.13884
0.8789
1.76059
0.570728
0.591219
0.314585
0.118998
0.152427
0.844009
0.16441
0.405163
0.164256
0.417759
2.05003
0.144388
4.84543
2.01857
0.636337
1.68407
0.385664
0.176743
1.3991
0.697599
0.972653
3.69276
1.16855
0.395865
0.234512
0.148533
1.22699
0.330828
0.812381
0.722535
0.190113
1.87146
0.384504
0.24943
1.48306
0.937357
0.295318
1.01368
2.64187
0.26319
0.381863
0.222539
0.24191
2.11991
2.1148
0.383132
3.3581
0.858303
0.508346
1.16687
0.230894
0.596743
1.188
0.382058
1.14008
0.231959
2.73635
1.50314
0.286938
1.4027
1.03225
0.52296
0.390485
0.315985
0.794652
1.20913
0.326093
0.507837
0.795689
0.208232
0.0025523
1.78345
2.79074
0.31227
1.5217
0.908899
0.504285
0.422075
0.803422
1.20998
3.46471
3.31487
0.111321
0.908558
3.53739
0.774044
1.99182
1.81497
0.832567
1.09136
0.417092
0.226867
2.82989
0.359223
0.00807188
0.0634244
0.03583
1.18666
2.38819
0.472175
0.245541
0.278514
1.02799
0.111207
0.432387
0.917379
0.0657064
0.00475906
0.109028
1.19829
1.53651
0.709018
1.88128
0.579017
0.15335
0.521247
0.426007
0.721256
0.096507
1.53491
0.966052
1.06657
0.413911
2.2345
1.54413
0.0910967
0.265455
0.573889
1.10568
1.06032
0.334894
1.61963
1.3576
5.39079
2.12607
2.04102
0.845185
0.0799545
0.795392
1.57444
1.42138
0.877668
0.194267
0.0874363
0.0596937
0.654194
0.738141
2.47815
1.03621
1.29578
0.394782
0.109195
0.758854
0.881265
2.18609
3.72689
0.0993341
0.984639
0.216639
0.819933
6.98635
0.99595
0.0826609
0.0394562
0.451095
0.0135532
0.585396
0.780752
0.545969
0.576186
1.43537
0.872661
1.22016
0.425442
1.82684
2.48834
1.81424
1.53766
0.567828
1.33165
0.431597
1.41476
2.5157
1.05014
3.71577
0.49896
1.39936
0.401017
2.12147
0.44155
0.160438
0.43651
0.382769
0.552548
0.164586
0.0527704
1.75629
0.306909
0.147878
0.306495
1.65755
1.43352
1.0323
2.2292
0.331156
0.260466
0.403009
0.164301
0.784963
0.713348
0.922542
0.352659
0.129843
0.0967279
1.98185
0.328717
1.83189
0.218535
0.680761
2.3882
0.367885
0.614929
4.37298
0.603398
0.154567
2.56652
0.316901
1.08481
0.538899
3.1535
1.22184
0.546849
0.166236
0.486415
0.304201
0.125869
0.304678
0.231411
1.27712
0.651302
0.624913
0.0848604
2.74185
0.449783
0.080283
0.290695
4.68604
2.64547
1.91554
0.379865
3.36613
0.890969
0.306315
0.910636
0.766196
0.334016
0.101446
1.02573
0.558778
0.826084
0.276433
0.233251
0.143665
0.770608
3.00848
0.320704
1.98719
0.719846
0.373121
2.13963
1.91492
1.08045
0.728
1.22895
0.280288
1.56801
1.91562
0.275481
0.165477
0.856159
1.92584
0.272222
1.09386
0.790026
0.601449
0.261839
0.787878
0.329247
0.201388
0.605619
1.29065
0.0880459
1.67269
0.738977
0.559729
0.807087
0.701414
1.80626
0.292724
0.199196
0.628594
0.617848
1.78142
1.16189
1.91444
0.876636
0.0622024
0.839862
0.570032
0.376813
0.408281
0.09014
1.2626
0.747931
2.38482
0.116557
0.0124888
0.673377
0.533702
0.264668
0.625647
0.744896
1.97358
1.30805
2.14062
0.106549
1.88191
0.679815
1.5587
0.1932
0.747761
0.0764289
1.04012
1.55182
1.2608
0.832502
0.441882
1.58471
0.760005
0.0840866
1.44192
0.0726801
1.41165
2.94389
2.47461
1.13372
1.84489
0.166552
1.09161
1.00811
0.923165
1.4531
0.154519
0.562918
0.220211
0.607919
0.83483
3.33625
0.906428
0.700679
0.644813
1.6311
0.12081
0.00171087
0.196606
0.620399
0.549838
1.34801
0.0524853
2.41324
0.531867
1.08682
0.12226
1.96448
2.44023
2.06726
1.36484
2.59138
0.353894
3.654
0.465014
0.0735435
1.49344
3.16034
0.0237798
0.64967
0.529047
1.26926
1.30291
2.27922
3.98583
0.338597
0.0925286
1.53492
0.200469
1.03902
0.432854
0.0155835
1.81812
0.165717
0.488615
0.324076
0.135018
0.497694
0.288687
0.725613
0.899355
0.361454
0.202522
3.99825
0.645647
1.169
0.762613
2.83534
1.02088
0.0827903
0.499341
0.24991
1.31056
0.327184
1.0475
0.243437
0.0315501
2.41273
0.401691
0.39578
0.444789
0.873694
4.82765
0.181027
0.156401
2.58186
0.586133
0.00463927
2.65215
0.157883
0.421929
0.518824
1.88671
1.5001
0.531597
1.3331
0.625441
0.147848
1.18757
0.343302
0.704089
0.653931
0.341805
0.186739
1.44464
1.4135
3.25607
0.432481
0.841916
6.45158
0.782329
1.76603
1.62163
0.373048
0.0668279
0.148846
0.449544
1.13837
0.0253856
1.05307
0.163319
2.47066
1.14069
1.59083
2.6038
0.217322
3.69805
2.20137
0.927771
0.338956
1.53918
1.58824
0.800477
0.904176
0.18629
1.19158
2.39969
3.04529
1.97378
0.295913
1.4076
0.372699
0.377723
0.448141
0.907956
0.351411
0.347951
0.061265
0.0927215
0.691169
1.04966
0.9108
0.733582
0.471949
0.137034
0.811069
0.178376
3.32387
0.892788
0.766631
1.12498
0.17012
2.09582
0.071441
1.61417
0.0978397
3.83498
0.140564
0.427528
2.5471
0.89569
1.00253
0.0878937
1.21268
0.285631
0.907876
0.676714
0.0107689
1.66615
0.540748
0.621447
0.703304
0.587636
0.131752
0.874096
1.26813
0.487465
0.168284
1.85161
0.0182025
0.944998
1.1777
2.6619
0.266973
0.631781
0.756318
1.69263
0.165777
0.945104
0.0664891
0.99479
1.65241
0.2261
3.85278
1.86876
0.622009
2.01392
0.207309
3.70643
4.75857
1.73806
0.910568
0.404328
0.0852142
2.68674
0.189475
0.225252
1.32732
0.0016487
0.00463229
0.00834717
1.31304
0.143872
1.48148
3.20988
0.539715
0.343678
1.91265
0.0960746
2.06293
1.52415
1.79189
1.84901
0.572608
0.864727
0.602251
0.0476337
0.0451813
1.10547
0.879037
1.146
2.309
0.372753
0.660361
1.00718
1.29439
1.2799
1.71057
0.152483
0.178539
0.181236
0.112205
0.274847
1.22435
1.40509
0.00599097
0.500046
0.593251
1.01833
3.52156
0.185846
1.6964
0.333601
0.235996
0.449549
1.06737
1.37844
0.82671
1.57107
0.181579
0.415094
0.367377
0.147353
0.905269
1.33466
0.140782
4.33684
0.760673
0.101488
0.554564
1.35402
0.346853
0.324302
0.0242642
0.503304
0.598152
3.66756
1.60595
0.576872
1.99081
0.252163
1.10858
0.615233
1.16131
1.04699
0.332749
0.218736
0.608435
0.609167
1.12288
0.139644
0.368884
0.106728
1.0533
1.81421
0.230506
1.57216
0.72411
0.67215
0.373926
0.684359
0.687118
1.1265
1.72679
0.331916
0.196814
0.362867
2.6749
0.292099
0.0497306
0.289071
0.606019
0.791799
1.34145
1.47514
0.145633
0.237611
0.761638
2.41515
1.72474
0.0205967
0.414718
0.438366
0.877143
0.244656
1.87892
1.09959
0.247088
0.174463
0.415206
1.34075
0.415013
2.31076
0.262037
1.57964
3.81484
1.56539
0.615872
0.564019
0.0171611
1.24435
0.498425
0.160294
0.256212
1.65295
1.17406
0.818569
1.2202
0.826237
0.113159
0.149345
0.450749
0.604029
0.581328
1.47481
5.13388
1.0305
1.09088
1.05578
0.850822
0.355688
2.59508
0.0512248
1.34793
0.125185
1.43106
0.0555968
2.23303
3.20955
0.173929
0.681611
1.60572
0.658084
0.533197
1.05297
2.04918
0.389043
0.0657684
2.08061
2.32588
0.522539
0.334532
1.14604
1.17157
1.98153
0.179715
2.54789
0.0705136
1.76013
0.607582
0.0472612
1.41788
0.297794
0.177822
2.25587
0.698737
3.12494
0.10582
0.771565
0.271807
0.166915
0.256805
0.049007
1.5973
1.2257
1.51947
0.45869
1.38864
0.630398
0.328961
0.0372076
0.52397
1.716
0.1515
0.215034
0.809705
0.127244
1.54576
0.319599
2.1631
1.07932
1.05752
1.41074
2.57333
0.701626
0.77481
0.78998
0.139155
0.370178
1.48789
0.802698
0.123171
0.478952
1.82634
0.0245468
0.0495333
0.204214
0.42408
1.23745
0.478313
0.173141
0.0906884
0.000162962
0.53426
2.29355
0.519739
0.592116
1.36669
1.65785
0.334435
0.455246
0.650691
0.833653
1.21792
0.107176
6.19697
1.55136
0.264412
2.69435
2.51441
0.141566
0.164075
1.69885
0.235071
0.68569
0.357348
0.270808
0.0786393
1.10997
0.187593
0.589094
0.555801
1.83336
0.813012
0.599543
0.103693
1.68643
0.725133
0.214835
1.33755
0.59054
1.43744
0.54185
0.975572
1.39418
0.611984
2.43188
1.65519
0.017954
0.325094
1.23536
2.0969
0.378515
0.637181
1.35186
0.210776
0.206007
0.292298
1.87305
1.3665
1.68676
0.729995
0.0917501
0.235139
0.001569
1.10059
0.915756
0.26261
0.304969
2.00601
0.924001
0.117483
3.35126
1.22571
0.514714
0.00621032
0.923618
4.63056
3.17078
0.246507
0.182233
1.6262
0.768457
0.311245
0.618403
0.83185
1.51089
0.48191
1.26866
0.241757
1.52389
0.000109697
1.42651
1.4707
0.130226
1.25463
0.250463
0.592613
1.18067
2.41351
0.373176
0.28607
0.346724
1.25149
0.673149
0.0518704
0.844196
1.51339
0.247712
2.13445
1.27
0.303417
0.222573
0.41244
0.836931
1.55982
0.813478
0.316465
2.11299
1.16509
0.64052
0.563376
0.141977
0.658106
0.476082
0.36483
0.0672331
0.117834
1.31106
1.17309
0.263979
0.575614
1.04617
0.693185
2.82182
0.899222
0.46338
0.0713768
0.592652
0.686803
0.116926
2.72807
0.670711
0.34942
0.0251716
0.206117
0.16193
0.499852
0.783728
0.800028
0.0132827
1.45431
0.27275
0.0542705
0.671481
0.0327464
0.181965
0.377679
0.44893
1.50464
0.690364
0.282681
2.35614
0.383328
0.258779
0.398025
0.659907
1.13058
0.686883
0.0900986
0.335
0.561228
0.0318269
0.414393
1.67528
0.163689
0.631861
2.09236
1.34021
1.28078
1.54952
0.343694
1.59022
0.640824
0.344232
1.00405
0.296487
0.0792336
1.49858
0.824084
0.126623
1.82825
1.88067
2.06816
0.260416
0.513114
0.373728
0.427611
2.34365
0.248246
2.13604
0.00870043
3.61449
0.316353
3.5717
0.333083
0.310155
0.360957
0.317003
1.13441
0.0162248
0.215217
0.596689
1.66288
0.208553
0.814291
0.272647
2.86235
2.53355
2.23256
0.234493
0.0975168
1.1207
0.231695
0.878609
1.11076
2.32712
0.15953
2.4558
0.361323
0.92566
0.000491746
0.742433
1.1261
0.538589
0.249155
0.344214
0.00772017
0.835576
0.0358132
0.120184
0.210369
0.259099
1.23696
1.37686
0.0584279
0.335648
0.953124
1.02979
0.110044
0.325888
1.44431
1.03313
2.21981
6.90539
0.138313
1.08325
0.0748032
2.02763
0.0331582
1.0254
0.673027
0.442184
0.331767
0.773163
0.0317788
0.458635
0.595111
0.00224007
0.367233
0.0163766
0.973224
1.06017
5.38277
1.29561
0.00113361
0.134848
0.692079
0.214404
0.3587
0.53517
0.0532806
0.989022
0.00939988
2.60479
0.640074
2.84892
0.288184
0.438934
0.539277
0.0954055
0.0869528
2.67259
0.462597
1.95314
0.752047
0.828544
0.123386
1.29401
2.96292
0.228354
0.648591
0.346289
0.724765
0.924989
0.503092
1.28557
0.926306
0.380653
1.26928
4.60665
1.62787
3.90224
0.368145
2.56861
2.3124
1.18737
0.563259
0.361809
0.192816
3.64085
0.0911919
0.041171
0.786661
1.17016
0.487543
1.87594
2.09064
0.579166
2.11862
0.344572
1.46238
1.08915
1.2164
0.829563
0.774169
1.69009
0.22704
0.302962
0.634224
0.357232
1.17285
1.48618
0.83128
0.252676
0.0832293
2.1501
0.623291
0.182456
2.5951
1.38111
0.784394
0.0876555
0.244807
2.19925
1.1448
0.399715
3.28439
1.75194
0.459722
0.179394
1.68092
4.32371
0.986923
0.78417
2.31705
2.89332
0.094165
0.509997
0.954402
0.488553
0.232158
0.185258
1.44198
1.58136
0.315472
0.225026
1.13306
0.0708194
0.170956
0.825716
0.12582
0.811972
0.942689
0.306092
3.57146
0.545572
1.24923
0.225483
1.25027
0.453702
2.86668
0.12356
0.517501
0.762666
2.44123
0.331293
5.35484
0.341028
0.431677
1.97345
0.16141
0.773952
3.18457
2.14653
0.409821
1.11916
0.0998976
0.99896
0.292854
2.4371
0.57859
0.202314
0.801509
0.225498
0.409767
0.473726
0.505685
1.04023
2.10817
0.563776
1.81104
3.89059
0.199416
0.814351
0.517769
0.901263
0.0651987
0.96167
1.04325
0.380513
0.704754
0.305701
1.0645
0.163367
2.376
2.64142
0.255528
1.23731
0.222291
0.166667
1.95758
1.27767
0.242606
0.150275
0.639805
1.51751
4.09421
0.468774
1.81961
0.148751
1.01252
0.156435
1.22356
0.95059
1.66111
0.517196
2.6514
0.463443
0.39994
1.44863
0.564625
0.0791815
3.46107
0.533109
0.50117
0.610603
0.540935
2.07092
1.31746
0.314738
0.676579
0.452178
1.72734
0.985138
0.183489
1.27964
0.112015
0.303073
0.249822
0.944428
2.67099
0.0671673
7.20518
0.111354
1.08105
1.1778
3.51514
0.322911
0.462567
1.11007
2.59278
1.33673
0.593254
1.36778
0.952968
0.0718379
0.209499
0.725017
1.6699
1.72733
0.513631
0.308472
1.03393
0.981563
0.59972
0.702957
3.45553
0.552392
2.01855
0.866298
1.33961
1.19589
0.176894
2.93672
5.33468
1.3341
4.47898
1.46492
0.264317
1.69151
0.135528
0.552743
0.804927
1.70356
0.491629
1.44925
0.0224174
0.192434
1.03406
0.58009
1.47932
1.44962
0.653434
1.25636
0.459818
1.04628
0.0499272
1.93251
0.472473
0.956867
0.743486
0.832688
0.450723
2.00475
7.8922
0.1245
0.313135
0.801204
0.109126
1.41358
0.473667
0.331048
0.177443
1.12416
0.383725
0.200001
0.0479386
0.37384
1.28694
0.121207
0.576756
1.84333
0.484901
1.79525
0.0658239
0.503495
2.92913
1.88507
0.294532
1.01807
0.243142
1.95664
0.364554
1.22921
1.17773
1.96994
0.899738
2.24561
1.66521
3.72199
2.5161
1.36266
2.70546
0.538418
0.478973
0.0181326
0.0269995
1.07985
0.314087
0.108944
0.619328
4.59867
1.14718
0.660586
1.64375
0.592432
2.97518
0.852491
0.0223757
0.634212
1.22584
0.0819333
0.270414
2.09146
2.95373
1.40498
0.25668
0.446248
0.0479288
0.62979
1.72342
0.854466
0.544774
0.507317
0.632408
0.88069
1.7002
0.712702
1.94432
1.09151
0.441054
0.780892
0.602978
2.63106
0.437723
0.15656
0.861601
0.4461
0.187284
1.76681
1.04675
0.680564
0.0157439
0.547834
1.97787
0.187193
1.1937
0.161968
0.0147877
2.41059
0.299473
0.675401
1.22922
1.11106
0.55104
3.05251
1.03751
0.215284
1.07561
0.0339811
0.556255
0.278987
2.36452
0.216854
1.08576
0.514678
1.60547
1.19644
0.800779
0.941896
0.276368
3.23199
0.906996
0.372355
0.0752914
1.07972
1.66176
0.335211
0.284371
0.359466
1.63652
0.495381
0.408173
0.496566
0.236469
0.459156
0.780363
1.53719
0.0291747
0.463223
0.0794566
0.135537
0.266055
0.361394
0.108968
0.935208
0.0875457
0.878894
0.357903
0.497811
0.633079
0.450027
0.0863116
3.81094
2.44142
0.187829
1.09465
0.242011
0.945175
1.26382
0.998821
1.19173
1.22407
7.75384
0.846295
0.482578
1.10936
3.4721
0.407839
0.852348
1.05897
2.70243
2.13781
0.315028
0.659061
3.40035
0.61032
0.606264
0.0279739
1.26642
1.29294
0.437764
0.179246
1.05424
1.05944
0.199997
1.38197
0.521795
0.547384
0.86512
5.38162
0.66132
0.0527358
1.80457
0.431718
1.44388
0.00343301
0.218548
0.541297
1.56775
1.08756
0.0475879
0.431175
0.960528
0.00593075
1.01262
0.349714
0.0880817
3.8432
0.0279934
0.539629
0.718791
0.266377
0.350728
0.503639
0.0244052
0.31823
0.393557
0.570074
0.556049
0.0719995
2.56622
0.185741
0.394268
1.06882
0.0206396
0.855365
0.850441
0.764034
0.730376
0.364461
0.487893
0.262357
0.375704
1.77566
0.889816
1.57026
0.359399
0.357718
2.24717
1.65792
0.0584396
0.0971864
0.833778
0.0660811
0.563758
0.384608
0.0815384
1.01629
2.0382
1.70301
0.670046
0.020412
1.08324
3.75569
0.844168
0.313206
3.38367
0.913455
1.32125
0.975734
0.151148
0.453134
0.161468
0.399308
1.52875
0.745449
0.253555
0.123061
2.47068
0.948621
1.76773
0.343491
2.04043
0.131977
1.63376
0.485898
0.938996
0.887573
2.32719
0.776249
0.378927
1.96475
0.273538
0.314311
3.82165
2.75726
1.00763
0.0514637
0.291266
1.26552
0.0523211
0.80109
1.71447
0.917115
0.40894
1.47663
1.10916
0.205074
0.175311
0.387509
1.79284
0.205115
0.639839
0.6543
2.18507
0.136913
3.10915
0.248633
1.06303
0.09306
0.5306
0.313755
0.986086
0.66706
0.0341652
0.970999
0.378251
0.186515
0.205168
0.123971
0.950596
0.695348
0.56863
0.294084
1.91448
2.50776
0.635961
0.0255241
0.0859184
0.270802
0.998476
3.84484
1.24357
0.809514
1.08715
0.121264
0.601693
0.914719
0.0301835
0.583064
2.52675
0.366573
0.876472
1.2847
1.35064
1.20889
0.0218438
0.259326
1.71732
0.231135
2.77213
0.103338
0.0599382
0.688478
0.0179057
1.30797
0.4368
0.201969
0.172048
0.772924
1.19947
2.28758
0.0638411
0.620309
0.819125
3.27634
1.37191
0.0145584
5.46856
0.278316
1.84143
1.79989
0.0497773
0.398822
0.896243
0.228029
0.174176
3.02126
0.0135841
0.612142
1.42378
1.11425
0.115551
1.03099
1.78544
0.599871
1.70707
0.00512976
0.292442
0.523422
0.341822
0.304598
0.0314336
0.0511472
2.92014
0.429032
0.293276
1.96355
3.86661
2.82138
0.781006
0.382782
0.78076
0.262478
2.95653
0.643951
1.81884
2.44745
1.001
1.40464
0.122918
0.0755877
2.14034
1.9919
0.737784
2.03258
0.23891
0.021514
2.35006
1.16847
8.21094
0.0849994
1.04985
0.462614
0.317487
2.00507
5.47792
1.01136
0.732911
1.60743
0.0787573
2.18266
0.785939
4.53196
0.200202
1.25415
3.73998
0.829993
2.13485
0.156323
2.52341
0.878999
0.151913
1.3361
1.42441
0.228494
0.429303
1.40995
0.148621
0.0141574
0.0990353
0.086873
3.66998
0.983633
2.56407
0.183795
1.30809
0.223475
0.824739
1.52355
0.445775
1.22595
2.39065
1.76165
0.0619014
1.15531
0.345961
2.28223
0.410868
1.68149
0.317258
0.18181
1.04137
0.012588
1.57049
1.82599
0.072549
0.868904
0.720909
0.671378
1.1331
0.126731
0.194472
2.02216
0.968723
4.18533
0.0984167
0.227347
1.87465
1.33581
0.398024
0.827543
3.1918
0.758003
0.43549
2.33916
0.30243
0.624287
0.688015
0.308398
1.15946
0.465063
0.316767
1.62728
0.276389
0.110774
0.96407
1.00824
1.95246
0.830319
1.3244
1.36244
0.406306
0.168308
1.06692
0.442193
0.325248
0.425526
0.288722
0.84501
1.64178
2.19745
0.333587
1.40208
0.0406115
0.341365
0.334637
0.0553486
0.327644
0.495726
0.150098
0.892841
3.02166
0.652572
0.663958
1.25563
3.13571
0.0869664
1.37716
1.25894
1.36899
0.723775
0.245802
2.49981
0.19802
1.73019
0.0183566
0.397431
1.31811
0.00139047
1.54324
0.522919
1.29179
0.618481
3.22653
0.990858
1.14941
0.652217
1.27179
0.104014
0.494178
2.46699
2.75225
0.547835
0.442765
0.312915
0.482846
0.452475
3.9821
0.272912
0.489856
1.56246
0.114398
0.842238
0.00550833
0.365518
1.80784
3.41175
0.740378
0.53063
0.646141
0.39878
5.21989
0.892092
0.561835
0.0734978
3.03028
0.327703
0.93843
2.18535
0.116952
0.303411
0.750401
0.307411
1.0741
1.01915
1.11063
0.215618
1.28451
1.15329
1.01247
0.111249
0.109744
1.56321
0.236351
0.707499
3.22763
0.253892
0.330838
0.422241
0.729394
0.0668689
1.1243
2.52181
0.0715008
0.97799
1.72061
0.390274
1.20672
1.41454
2.48654
1.48763
1.52654
0.149572
0.153982
1.84133
1.77205
0.0838389
1.03409
0.0976645
2.06994
0.58742
1.06849
2.20839
2.0663
0.354096
0.363246
0.705809
0.52616
0.0778069
0.693836
2.3088
0.321746
0.108695
1.91795
1.77097
0.688168
1.29343
1.73422
1.37344
0.8272
0.0325784
0.343457
0.57983
0.747396
0.12179
0.491949
0.987872
0.604001
0.273144
1.15422
2.15061
0.0323755
0.359699
0.810905
0.178356
2.34881
0.342779
1.16113
1.49838
0.561321
0.4473
3.30691
0.808931
0.437757
1.66416
0.330607
3.42874
1.94141
0.111505
2.53964
0.66663
0.151278
1.49681
1.08003
0.198272
0.403294
0.250024
1.04838
0.914284
1.4146
0.0312657
1.27483
2.21935
0.418217
0.821655
0.0867598
1.63002
0.270965
0.229222
1.26438
0.0807391
1.54566
1.02674
2.9694
0.67598
0.667404
0.959169
0.0871732
0.950132
0.00317311
0.583039
0.326948
1.40199
2.24463
3.29321
0.396115
0.956373
0.32301
0.587723
0.513351
0.158659
3.40828
0.99955
0.339807
1.66787
2.42862
0.948676
1.43652
0.229253
0.120715
0.398004
1.61265
0.127824
0.731143
0.578747
1.18872
3.25053
4.07587
0.421025
0.0486085
0.0749783
1.0973
0.802578
0.597936
0.0356318
0.0241627
0.341942
0.794539
0.534972
0.812522
0.643233
0.528
0.702412
0.10728
0.489621
1.7428
0.359822
1.30612
0.0926381
0.724417
1.3245
0.129932
0.696545
0.392226
1.88752
0.184421
0.0873029
0.501887
0.888492
1.09203
0.0249259
0.16492
0.615793
0.571161
0.298232
1.10763
0.058853
0.984332
0.544133
0.877503
0.489257
1.11805
2.32109
0.307107
0.208206
1.5644
1.54949
0.192895
0.239096
0.640527
1.17195
0.471022
0.608279
0.121409
0.160033
0.829485
0.937973
1.09996
0.708571
0.0160518
0.207765
0.384569
0.346656
1.61878
0.967372
0.159795
0.595165
1.32353
0.71857
0.131888
0.045434
0.229896
3.57832
1.43171
1.96012
0.282039
0.574663
0.123211
0.734202
0.366297
0.582494
0.257261
1.30385
0.334153
0.113707
2.29665
0.965749
0.781405
0.217034
1.99117
4.33094
3.5051
0.0885395
1.13953
0.416042
1.48805
0.193821
1.12741
0.408535
0.625445
0.776743
3.40245
1.45284
1.08023
0.106647
0.0708928
0.113678
0.763793
1.10904
0.647518
0.880661
0.269392
0.561979
0.0926566
0.432076
3.61025
0.409896
1.22335
2.00665
1.9411
1.53607
1.21264
1.73113
0.93361
3.02325
2.60332
0.590905
2.09266
1.25766
0.118411
2.35316
1.44061
3.3513
0.947315
1.61252
0.11153
0.591839
0.878555
0.840324
1.38275
2.86622
0.651616
0.67002
0.185639
0.338143
1.136
0.628125
2.73392
0.212881
0.546003
0.54747
0.616487
1.38902
0.0545615
3.64036
0.80018
0.153473
1.23152
0.0799884
0.379455
0.111672
0.426772
0.834544
0.27877
0.350893
1.47785
0.694904
0.681359
0.0550375
1.69747
0.359229
1.75759
0.541532
1.87398
0.685608
1.89363
0.792539
0.796861
0.455732
0.651078
2.09981
0.921369
1.25888
0.527654
0.44606
0.201661
0.989998
2.0401
0.782711
1.19828
0.811247
1.49861
2.86759
0.0615012
4.81696
0.612027
0.6552
2.751
1.20508
2.63251
0.435276
1.25458
2.62951
0.269944
1.82892
0.442701
3.50511
0.123959
0.827313
0.666839
0.0380199
2.02634
1.42852
0.304777
1.20389
0.848622
0.436474
2.1352
1.29995
0.0872085
2.57336
1.08161
0.360627
0.23946
0.147675
0.0920206
0.173319
1.22413
0.542274
0.187523
2.09434
0.635028
0.818855
1.36159
0.684659
0.740467
0.0168201
1.62531
1.4418
1.13722
0.745553
1.2664
0.192767
0.8038
1.01318
0.561846
1.58967
0.340894
0.529545
0.269892
0.559531
0.00308609
1.62747
0.0504714
1.03679
0.429517
0.979133
0.239533
0.86697
0.560639
0.263665
0.208461
0.147248
0.537468
0.595988
0.112284
1.59102
0.22177
0.381139
3.46266
1.18613
0.10122
0.133385
0.0132197
2.19285
0.646114
0.29947
0.647011
0.183352
0.00853149
0.682548
0.050348
0.728503
0.529983
1.71152
0.132087
0.221759
2.22713
0.243224
0.406161
1.31113
0.212073
0.347563
1.16747
0.0203623
0.0285126
0.743958
0.11879
0.128974
3.26316
0.178664
1.02428
0.0895044
3.47754
1.81152
1.15309
0.104604
0.651999
0.121727
0.257024
0.368786
2.06492
0.0825178
2.37686
1.44424
0.858445
0.928487
0.904466
1.70014
0.606547
0.866044
0.0432784
1.1276
0.281226
0.0152137
3.95201
0.13251
1.31647
0.818424
1.19319
0.627073
0.290976
0.785074
1.01305
0.469472
0.424861
1.86521
0.667849
1.02673
1.52293
0.636243
1.80239
3.05914
0.314474
0.306008
2.3187
0.254414
0.917065
0.193794
1.56318
0.122276
0.210748
0.433615
0.910072
2.2007
1.1613
0.493134
2.03153
0.797145
1.46817
0.738396
0.0929551
0.199
0.160228
0.741442
1.93916
1.59495
0.410983
0.912746
0.540508
0.0538469
0.811778
1.10625
0.577422
0.366104
0.417349
1.4493
4.91501
0.669095
0.935698
1.74971
0.418292
0.817103
0.146484
0.488131
0.352173
0.306569
0.214482
0.346989
1.70991
0.180471
0.382736
2.24975
0.979456
0.064735
0.89273
1.46847
0.442245
0.147529
2.78655
5.64414
0.524206
0.0592413
0.867014
1.15156
0.873333
0.904795
0.612465
1.59561
0.0248417
2.02087
1.44904
0.74622
0.510228
0.135591
0.319152
0.140049
0.283928
0.395196
0.424254
0.793399
0.504427
1.18648
0.0677524
0.445042
1.24558
2.28781
3.02814
0.0849549
0.611883
0.799143
0.0730557
0.236211
2.55597
1.40992
4.04486
2.71796
0.542828
2.78393
1.05497
1.76213
0.491608
0.776155
0.151493
1.79479
0.460453
0.79069
0.341267
0.151428
0.762347
1.01971
0.784132
1.32917
3.65015
0.972474
0.289047
2.10658
2.8904
0.592678
2.71899
2.63354
1.93454
0.607486
1.74026
0.147869
0.596281
0.685508
0.074414
0.440086
1.14067
0.770576
0.00926366
0.256329
0.406021
0.985023
0.5044
0.376562
0.185356
0.0961413
0.0603199
1.28397
1.54146
0.515059
0.688088
1.4942
1.27488
2.4889
0.178179
0.166072
0.44384
2.05242
1.65004
5.49501
1.50215
0.687454
2.54272
0.666534
2.23142
0.598608
0.28555
1.31999
0.55387
0.210394
0.0270766
1.52547
2.63764
0.25205
0.38352
0.615065
0.0170173
3.17349
1.77991
1.25637
0.158065
0.286357
0.376988
0.29903
1.93146
0.877006
0.10636
0.625465
1.86695
0.952626
4.10845
1.35148
0.159414
0.867645
0.478899
0.687569
1.98902
2.13734
0.00715513
0.330129
0.814896
0.127522
2.60979
0.130328
1.10027
0.462888
0.203919
0.136258
1.31928
0.230953
0.14226
0.501533
0.99736
0.268526
0.178294
0.76668
0.198022
0.0273874
1.582
2.31999
1.23129
1.2672
2.52534
3.05473
1.51753
3.53119
0.512286
0.345065
2.00632
0.116076
0.0227588
0.685869
0.126266
0.139643
2.70495
5.15217
1.30179
3.79492
3.27512
0.650473
0.846758
0.320586
0.467255
0.735723
2.26021
0.0294827
0.761557
0.840379
2.15136
0.271924
0.33958
3.32708
0.456783
0.901634
0.461437
0.388661
0.917571
0.638694
0.600705
1.96634
0.487183
0.18139
0.387773
0.29492
0.440044
0.0792094
0.716802
0.590291
2.09822
1.14322
0.429385
0.552667
0.854464
0.0645676
0.188723
0.722911
0.5005
0.340588
0.0719858
0.769197
0.972666
1.63222
0.331923
0.814052
0.239945
0.26188
3.19089
0.019305
2.10038
1.09935
0.854352
1.12797
2.08805
0.165107
0.779581
0.19556
0.822579
1.06734
0.834723
2.11712
0.0245847
1.07365
1.03617
0.886544
0.595868
0.884713
0.490416
1.44506
2.78131
0.277256
0.00300686
0.224189
2.01059
1.33513
2.81676
0.449992
0.954369
1.91125
0.110212
0.327582
0.68218
0.264998
2.2731
3.00142
1.02046
0.339536
0.321059
0.278392
1.1448
0.747348
0.912473
4.98758
0.548486
0.47656
0.620859
1.4372
3.36695
0.22914
1.98784
0.0705976
1.07182
0.613498
0.175266
0.0265098
0.754361
0.124837
0.161963
0.90627
0.0667275
0.022475
0.308509
5.45781
0.264376
0.394539
0.440978
0.713034
0.945097
1.06545
0.689456
1.10426
1.24591
1.3247
1.7752
0.92056
0.732414
0.368271
0.315358
2.1808
2.15163
0.522713
2.1148
0.23506
0.437804
1.69089
0.831139
0.0639745
2.01336
0.839858
0.289015
0.15758
0.655853
0.210248
0.76048
0.385811
0.0847821
0.0374778
1.00868
0.381365
0.0404743
1.02303
0.0942694
0.0433019
1.89903
0.63652
0.334445
0.420668
0.611838
0.795649
1.50109
0.745379
0.508489
0.205785
0.388201
1.08856
0.299276
1.08728
0.952961
0.867442
1.02771
0.778166
0.254022
0.0988228
1.07054
1.14565
0.801434
0.31695
0.854806
2.45824
0.365208
0.959654
0.0670037
0.0700871
0.563725
1.25749
0.564449
0.158727
1.74074
0.311449
0.249442
0.569769
0.158264
1.92012
0.118248
3.47172
0.810895
0.574162
0.19933
0.197863
1.96328
0.634937
0.867202
0.552323
0.409846
0.972838
1.94209
0.155664
1.52721
0.436157
0.157785
0.827352
0.209422
1.26959
0.21896
0.0317901
0.0972692
0.601791
1.01091
1.53643
0.177818
0.365193
0.560585
0.0662172
0.0526016
0.167699
0.742734
0.13307
0.0139001
0.0432434
0.0664473
2.6353
0.436225
0.500489
0.0818424
0.646806
0.286842
0.352157
0.817516
0.547661
0.105272
0.194893
0.713502
0.365639
2.52708
0.530453
1.17282
0.547329
0.945843
0.409652
3.5291
1.3307
1.72094
0.983332
1.53543
1.53264
0.827439
1.7299
0.0577946
0.0396302
0.68406
0.923577
2.7442
0.926765
0.906352
1.19078
0.229931
0.846521
0.896289
1.35652
0.432649
2.20586
1.26903
0.0989912
0.0695255
2.59922
1.30708
0.00923308
1.72337
0.157757
0.428703
2.76799
0.734416
1.24641
0.0586947
2.02371
0.178297
0.951856
2.08302
2.0759
0.881439
1.43176
0.191742
0.0955346
0.291315
3.83755
0.0629103
0.0769635
3.24766
1.47454
4.4606
1.17826
3.66269
0.258384
0.630842
1.81527
0.401264
0.625466
0.563151
0.0325847
0.0592086
0.0475247
0.570512
1.32406
3.7487
0.157902
1.38808
0.306452
0.440667
0.965314
2.02144
3.41031
0.723116
0.249608
0.386041
1.20504
1.05419
0.0391139
0.371345
0.0047777
1.7103
1.26132
0.801758
0.552982
0.71103
1.01559
0.495095
0.181866
0.474262
0.114216
0.97272
0.732972
0.139217
0.715535
1.62447
1.58259
0.57676
1.97242
0.288196
1.02424
0.616173
0.258058
0.690381
2.58205
0.439509
0.0148892
1.30364
0.429153
0.0966962
0.388194
1.18059
2.64933
0.772423
1.81473
1.79587
0.874533
1.25912
0.715406
1.15827
0.745585
0.392732
0.133673
0.102843
3.70008
0.0040528
1.52248
0.365006
1.25804
4.26698
0.0732155
0.202075
0.363661
2.44258
0.677386
0.0430259
1.48357
1.85422
1.4424
1.98902
0.381915
0.5149
0.592572
0.998001
0.218137
0.284228
0.48032
0.278676
0.469959
0.744208
0.769094
4.18652
1.22462
1.74242
2.22051
0.636235
2.91725
1.37216
3.14953
2.51096
1.71202
0.0291628
1.1857
0.249089
1.65631
0.203207
0.355432
0.167423
0.334007
0.84412
0.0410207
1.23734
0.0183908
0.248728
1.8275
0.678254
1.43005
1.64447
0.314712
2.46111
0.173063
1.10054
0.29802
3.23261
0.728793
0.889464
3.64134
0.00565134
0.264159
0.345315
1.17108
0.0305891
0.934103
0.554753
5.08575
1.66777
0.929307
0.11091
0.736069
1.50643
0.0219002
0.153961
2.01633
0.414301
2.2847
0.406723
1.04845
0.0461853
1.03633
0.578738
1.45345
0.0490265
0.527183
0.621316
0.0751484
0.325081
0.628234
2.68235
0.34111
1.08924
1.31998
0.115071
0.87061
1.69216
0.637874
0.479277
0.752712
2.04649
0.857571
1.94076
0.12177
2.1731
2.33835
2.00381
1.53222
0.200966
0.643035
0.550009
2.05977
0.700406
0.166556
1.01338
3.45668
1.21227
0.0717211
1.38851
1.13754
2.07528
0.586881
0.41217
0.404037
0.441726
2.55087
1.43145
0.312952
1.20913
1.10246
0.116215
0.572916
0.567347
0.601094
0.910241
0.180793
0.0556251
0.307487
2.86712
0.669689
0.0152612
0.696712
0.214739
1.06943
0.170817
1.86443
0.416523
0.130466
0.0573624
0.326648
3.53612
3.4981
0.877233
0.544144
0.0578489
0.646409
0.539277
3.17469
0.465107
0.236238
2.39965
0.777901
0.331794
0.025701
0.3056
0.117427
1.37611
2.08772
2.08452
0.565619
0.23876
0.042151
1.07228
0.321881
2.46357
1.67051
0.878208
0.311302
0.499586
1.39974
0.128429
0.682204
0.501261
0.451731
0.0926035
0.156193
1.25035
0.412878
0.312545
0.557501
4.0726
0.179753
0.0954405
0.00944027
0.27042
1.19719
0.566498
1.42469
2.44375
0.695552
0.235715
1.63483
0.495745
1.04843
0.477261
0.0645202
0.440497
0.713349
0.609394
0.589986
0.309178
0.967472
2.58348
4.30938
0.691815
0.895582
0.236566
1.97519
3.06882
0.251395
0.386605
1.2655
1.67741
0.452179
0.0491609
0.375035
3.45424
0.204093
1.90289
6.17308
0.629595
0.25758
0.309971
0.589694
1.92384
0.0127822
0.0189906
1.11301
0.12448
0.202947
2.54221
0.138005
0.0602825
0.666917
0.162783
1.2704
0.691883
2.57236
0.78105
0.021959
0.103644
0.984351
0.0667319
0.0292861
0.53792
0.48663
0.766512
0.00920218
2.20744
0.109754
1.44434
1.46007
1.48182
5.62688
0.744538
0.191453
2.70559
0.279908
1.67372
0.16184
0.44516
0.962378
0.866671
1.59202
1.47953
1.26523
0.269467
0.956295
0.016911
1.83262
0.520242
0.0136263
1.80309
1.73274
0.483621
0.0109261
1.32957
1.25908
0.166932
0.269577
0.45983
1.83976
0.235238
0.201042
0.0596957
0.326799
0.677429
0.193431
1.34125
0.44732
2.75029
0.956211
2.77273
0.272792
0.0429671
0.545595
1.94591
1.1747
2.79361
0.228349
2.36862
0.162793
0.168566
2.23922
2.57596
0.714735
0.0766808
0.0406719
0.0610636
0.0134114
0.394297
0.258504
0.0334913
1.37445
0.569214
0.272956
2.77922
1.54328
0.34692
0.118232
0.700958
0.419954
1.40904
0.256593
2.61612
0.904924
0.0776176
4.32057
0.0324231
0.0325734
0.438616
1.04423
0.257634
0.812314
1.66309
0.138049
2.66429
0.759088
0.860772
0.131978
2.05725
0.0623047
0.445646
0.0921536
1.93619
1.07109
0.316747
0.539201
0.881611
0.144609
0.106318
1.34382
0.609768
1.4531
1.55842
0.318221
0.798561
0.040769
0.40052
1.48337
0.47444
1.10418
0.522034
0.172055
0.449336
1.08057
0.0290637
0.426906
4.00283
1.0975
2.56254
0.58208
0.932868
0.541408
0.908575
1.74113
0.00920676
1.31896
0.65965
0.167539
0.803781
0.596111
0.509347
0.0428291
0.234639
0.00111607
0.481549
0.52975
0.696862
0.917287
1.08999
0.488594
1.22276
1.22207
1.53545
1.54924
0.337493
0.546708
0.529376
0.0983929
0.789634
0.674622
2.13702
0.72402
0.344801
1.47367
1.04565
1.01886
0.680292
0.961563
0.0581915
0.236939
0.265086
2.47901
0.0866676
1.99603
1.12736
4.22611
0.0921005
0.0289892
1.11926
0.0515017
0.0382943
0.813215
0.218638
0.127537
0.438446
0.943155
4.24733
0.050799
0.158012
0.902438
0.26708
0.371968
0.403111
0.0164583
0.106916
3.47972
1.2546
0.642509
0.775866
2.55918
0.631982
2.43381
4.13608
0.329648
0.502437
0.0566634
0.719034
0.832454
1.4552
1.33344
0.320255
0.189436
0.00772195
1.1649
0.378916
0.323428
0.0256775
0.332114
0.0198881
0.440187
4.49284
0.757764
0.98801
0.177325
1.78026
0.225307
1.61374
1.45201
4.86399
1.71796
1.53587
0.0230268
2.35807
0.323861
2.19119
0.339962
1.19208
0.128791
0.0815373
0.521572
0.492915
0.00164231
0.432604
0.248894
1.60816
0.187043
7.51321
0.305606
0.0755408
4.14959
0.270627
0.775724
0.855269
1.72288
0.134268
2.16488
0.52528
4.22305
0.0950462
0.28676
0.18195
1.51832
0.249864
0.198325
0.59304
0.0257798
0.182255
0.0740929
0.0789648
0.483882
2.55021
0.651229
0.809421
2.38569
1.23777
0.846224
3.48068
0.591398
0.125452
0.0495301
2.68674
1.37757
1.01481
0.549282
0.0746921
0.520728
1.71507
0.305082
0.814264
1.02546
1.89872
3.52687
4.59106
0.49514
2.51599
4.10135
0.237913
0.6464
0.275189
0.662212
1.57405
1.04729
1.57365
