-0.823498
-1.79531
0.475425
-9.15464
0.803084
-3.4899
-0.0871781
2.03153
0.877669
-2.55551
0.660429
-1.44001
-16.9555
0.256744
-16.0641
0.144341
-2.71516
2.93516
-7.42219
1.25921
1.42848
0.892145
-0.0738616
-0.240231
-1.70274
-0.343135
0.500796
-10.022
-0.258777
-0.258603
-2.08627
3.63782
0.94275
18.1078
-1.32296
0.968471
0.920194
1.16084
0.747758
-0.677526
-1.53646
-0.309825
-0.241629
1.01449
-3.03626
1.88426
43.6655
-1.56936
1.73149
-12.0909
13.4971
-0.371321
1.61348
-2.58213
0.120045
1.38111
-0.485212
0.488888
1.83553
-2.38822
1.608
0.182093
-7.28702
-0.402084
-0.19846
4.5228
-5.06001
-2.58837
0.825909
0.117947
0.191432
-17.0722
1.91489
1.43404
0.768069
13.3735
0.245631
0.647813
2.14101
0.438043
0.896912
-0.128266
1.28356
-0.122407
1.04002
-0.364711
-1.20233
1.7052
1.00939
0.603691
0.587013
0.233656
0.15821
1.47243
5.86008
3.73376
-4.0739
1.29906
0.883333
-26.7028
0.589697
-2.3963
7.75167
-0.688919
0.903125
0.972382
-6.05964
0.129613
1.58752
0.200269
0.832108
-1.7174
0.922666
0.541077
-3.95034
-0.523048
0.77135
-0.684341
0.596959
2.74153
-1.8631
0.52091
0.104931
0.541884
11.8636
5.87458
-0.021216
1.44607
0.0560154
-0.539906
4.03236
-5.46553
-0.691801
-0.369968
-1.28639
0.443928
1.49047
-4.34496
0.574977
1.25949
0.394577
1.96556
-2.74399
0.165643
-0.35955
0.516066
-1.42142
1.48553
-0.400314
-4.02135
-1.98311
6.35191
6.72383
-0.0825598
0.0131744
0.880326
-0.271088
0.382078
-0.991297
-0.933351
-27.6071
21.5543
-0.157139
-1.67625
-0.387785
0.582439
-9.17967
-0.16963
-2.29379
0.750067
-4.43306
27.2996
-0.729999
-0.403533
-0.668044
0.512463
-0.191225
7.65151
0.844491
0.736715
-0.42513
0.964305
-0.714253
0.084542
1.83245
0.632502
-1.44769
0.395872
0.870434
-6.42909
-0.255003
0.0675449
0.619191
-1.63934
-0.179775
-0.764227
11.5013
0.521442
1.77335
0.484497
0.192485
2.2263
2.38922
79.2014
6.70937
9.53325
2.72167
1.17112
-0.552702
-0.391606
-0.937496
0.299824
1.74294
-1.30427
0.760155
10.4831
0.884921
-3.19203
-1.36714
0.107162
-0.228959
0.521004
-2.21096
0.298714
0.141543
-0.501966
-0.0448771
0.916172
1.04572
-2.18735
-13.1301
-0.132433
0.670893
1.29118
2.17029
1.68321
0.302719
-0.0598854
2.18214
1.83885
-2.11401
-0.734219
0.432113
0.6995
-6.5616
-0.486185
-3.4661
0.261694
-3.76234
-0.408237
-0.680174
-0.429068
2.90439
-0.555602
0.166376
0.617317
0.191121
-1.27753
0.761351
0.402668
-0.055308
-1.3445
-0.461603
-152.898
1.45923
2.03356
0.845755
1.75982
1.68532
-0.293758
1.76368
-0.875417
0.100046
1.64287
-665.757
0.482771
-3.15162
-0.827317
-0.217062
5.39548
-1.1865
1.75504
-1.42576
-2.44228
-0.758207
0.783944
-0.169786
-0.355859
-2.78167
1.24853
0.575427
-1.07161
-1.87487
-0.806277
-2.14345
-1.93189
2.49987
-4.30174
-0.0816468
-0.97625
0.13658
2.20323
0.0300907
5.56291
-1.38627
-0.176102
0.664679
0.163664
-0.608085
0.0752662
3.4202
-2.57801
1.1342
-0.322693
1.69071
-0.835579
-30.6674
-1.19984
-0.270897
0.0787608
-0.78127
2.36951
0.378512
1.08558
-0.699523
0.453564
1.66162
-1.13966
0.955643
-2.08552
-3.18928
5.58292
-0.0470658
-2.18954
-2.26723
5.95418
-1.28333
1.79538
-21.1973
-0.170543
2.26198
0.930779
2.46276
-1.13293
0.270235
0.185042
0.136863
0.297128
0.142761
-1.84253
0.0718844
0.452274
0.746803
4.07878
0.533159
-208.697
-1.82453
1.11669
1.0928
-0.171925
-0.549594
2.90866
3.39256
-0.130408
-4.72621
1.91426
-1.35514
10.238
-0.537474
0.667612
0.113659
-1.57056
-0.785127
-7.76075
0.255339
-0.206442
0.11252
0.658022
5.10919
-2.65333
-0.88897
-1.45654
-4.12143
1.23927
0.815218
0.637817
0.599661
0.461418
50.0598
-0.361595
0.21315
0.834738
0.141259
14.6823
0.552418
-0.351688
0.0550287
0.84691
1.4344
0.441633
-0.042308
0.81677
-0.245792
-2.31535
-1.30209
3.36155
2.18401
-0.443481
9.43164
-0.129947
-11.6816
1.34418
0.0610172
-0.104526
2.349
0.303383
3.34
-1.10962
3.52093
32.0906
-2.7408
-1.23056
-13.9349
2.07286
-1.21502
-4.40106
-0.712455
-16.0327
-1.3903
-0.0781543
-11.2294
-3.96193
-0.471071
0.128941
5.66792
0.349544
-1.15313
0.711137
2.11568
-1.44498
0.750463
-0.646156
-5.21736
-0.206581
-0.142545
0.76588
-1.16143
-1.03626
-2.57159
-0.433991
0.403056
-0.342516
-0.558701
-0.275729
1.13518
0.795863
-0.453155
0.714617
-0.359836
-0.443911
0.0762491
0.152104
-0.30999
-0.17492
-0.0985785
0.499667
17.6565
1.31624
-0.390932
-0.98191
-0.310574
1.06608
1.56385
-1.84869
-1.13648
-0.126116
-0.41508
558.739
-0.130481
0.00801648
-0.531472
0.870473
1.20954
-0.373787
1.42503
-4.58975
0.632218
-0.283486
0.0270098
-0.175685
0.538777
-4.62256
0.818627
-1.70508
0.420841
0.390351
-0.311891
0.254494
-0.910302
3.63313
-0.311175
0.158995
1.48459
-0.911338
13.2194
0.0740652
-1.37363
0.183119
0.382339
-1.3158
-2.70198
-1.28348
38.7955
-6.51743
0.89585
-0.151424
5.67312
0.611189
-0.217988
17.4914
1.02473
0.341774
-8.65776
-0.602616
-89.9725
-12.0316
-4.95736
0.263797
-0.574161
1.10165
-1.70338
-3.25152
0.238643
-0.353164
-0.144896
-0.0830909
0.00703296
-5.50922
-2.94577
0.460887
0.571397
3.53423
-0.108511
-0.0894139
2.96547
0.552487
-2.37784
3.12724
2.87053
42.3901
0.245906
-0.228297
0.223076
-0.0127943
-0.229025
-1.34926
-0.154497
1.16494
-0.877932
-1.86644
-0.822659
-8.90516
7.7974
2.20442
-1.40088
-0.177297
0.0560002
0.713864
0.171356
0.951993
-0.0865258
-0.262429
1.38906
2.80848
3.42365
-1.06939
-10.0901
-14.6091
-1.11366
3.97003
0.623934
-0.701782
2.67453
0.0390465
0.4233
2.91341
-0.426453
0.385295
-1.76379
1.05885
0.482742
2.16659
2.59597
-0.379683
1.57321
1.22788
-1.2478
0.418958
0.584386
-1.3332
0.648265
-2.87276
-0.135988
0.325268
0.713595
-0.176884
-4.98007
8.62796
132.235
2.57747
0.634031
-1.26175
0.370735
-1.65096
-1.99697
194.21
-0.0939056
-1.75583
-26.415
-1.35445
1.04445
1.37663
-5.09131
-0.0548497
30.5642
-1.04113
-0.702345
18.6726
-25.9521
27.2882
1.21021
-11.5602
0.883547
0.562391
-1.60124
0.707992
-0.35399
0.77574
1.06699
-10.4358
0.945411
8.42585
1.69793
-0.032604
-1.32297
1.5612
-1.91284
-4.80173
0.607009
-0.754167
-0.407684
-0.514174
-2.19998
-4.73572
0.298421
-0.635752
-23.7834
-8.33805
-0.228611
-0.274271
-0.779313
-1.03207
1.36513
1.39183
0.659667
0.424911
3.05405
-1.29307
2.31144
-4.86485
0.952559
-0.655384
3.67149
-6.87842
-0.116985
2.12881
-0.36292
-0.633153
-0.107858
3.40875
-0.164761
1.62041
6.28584
-1.18289
1.42022
-7.71554
-2.15611
0.157589
-1.63104
27.6829
-0.0966372
-41.3095
-0.503094
-0.472474
-0.442203
-2.35028
-0.417404
-0.634146
-2.34665
1.95991
0.19758
-0.0362277
-0.16309
0.386837
0.852169
0.4785
-0.820853
3.46479
0.67888
0.604601
0.909075
0.745424
-3.9205
0.202338
-0.647675
1.60312
-0.557788
-1.14797
7.37259
0.473317
-2.68492
-14.2554
1.58311
-0.687942
-4.20992
-1.23265
-1.69838
-4.84757
0.728025
0.082554
-0.41389
1.9089
2.72775
0.303829
-2.47044
-0.222418
-3.38117
-0.349643
-16.7287
0.451319
5.69339
0.3636
19.997
0.181829
0.13587
3.33378
-0.319923
-1.11951
4.69829
1.60913
6.25431
-1.83701
-0.408358
-0.191774
-0.27279
-3.37216
0.241706
-1.14285
0.322495
-0.246719
-6.00767
-1.88918
0.589057
2.09589
1.99924
-0.040186
-25.1981
2.30254
1.16577
1.35867
0.136718
0.631069
-3.32856
-88.5556
0.660221
57.3402
1.08762
0.17044
-3.27609
0.552778
1.05854
0.971244
-0.947701
0.739485
5.16787
-1.10668
-12.58
0.694539
2.27694
-1.63559
-3.50647
-1.12672
0.270812
-0.736173
-0.211334
-3.02725
0.0875787
-1.58747
4.13856
-0.865881
-0.59148
2.10408
2.15196
1.40038
1.55773
1.57727
0.839328
3.19078
-0.338034
1.41096
-0.614573
-1.48862
1.14954
0.21037
3.49177
-1.34282
0.0423204
-2.8772
-0.0623159
2.7416
0.358869
0.440988
5.72805
-1.11277
0.807336
0.00298703
-0.24162
1.06077
0.0344937
0.108502
10.8356
-3.49414
-3.17156
-1.38804
-5.15817
0.848315
1.51443
0.278388
2.27006
-0.511715
0.463568
-7.48888
-2.20782
1.18543
-0.526638
0.774556
5.62476
-2.14188
-0.344605
1.13759
-5.92513
1.29153
-467.616
0.552774
-7.60615
0.519256
-0.358807
1.0404
1.8278
-1.08119
-1.19364
0.202732
-2.77069
0.130857
-0.850319
-1.11649
4.36113
1.2124
15.3354
1.5185
-1.53207
-3.04285
0.0986282
0.68511
-3.68245
-0.74836
0.287741
0.871221
0.827965
0.125807
0.885014
-2.1691
-0.640768
3.53114
3.80417
-0.250752
-6.85211
-1.52684
0.126035
-0.999086
-0.117548
-2.21685
0.386565
-1.95917
2.70197
5.08524
0.742648
2.08664
-0.210708
-3.1656
0.910971
0.405608
-0.638105
-1.01451
-2.38373
0.0126951
-6.1445
4.96763
-1.22006
12.6673
0.590699
-1.32516
5.05375
-0.53537
0.0935224
0.255451
1.08572
5.53527
-2.18465
1.06774
-2.04877
-0.608789
0.926082
-0.0243223
-0.0654681
-0.344549
0.481294
-0.677881
-1.609
6.77984
0.482865
4.29814
8.8061
-0.245135
2.40826
-0.36643
-0.206037
-1.68624
0.432282
0.77078
-0.244021
-2.3379
-0.173097
-0.92052
-11.931
2.12794
-0.458336
0.187125
2.81654
-0.25724
0.55606
0.57373
1.01612
-0.872989
-0.538305
0.191457
-1.76832
-1.67262
-0.71591
0.477778
5.32801
0.409355
0.342785
-0.485551
1.73757
-1.9135
-2.70133
-2.55629
0.708053
-3.41033
1.18895
2.73022
-1.0779
0.447927
-1.81158
-2.72931
-2.30505
-0.155579
-1.50883
0.905823
-0.77158
4.17141
4.02064
-0.417263
2.451
-0.783444
2.51574
-15.1183
-36.712
3.81845
-1.19284
0.581304
-0.00552599
20.7969
-24.7646
2.16502
-0.0536263
-0.538165
-26.3799
-0.552917
0.645811
-4.46507
-0.423595
-2.38846
0.666017
24.1856
-0.740702
-1.07329
-0.631041
-0.692086
1.11634
-7.63058
-0.823291
0.432859
3.26461
0.26791
-0.461939
1.4475
-0.456643
7.47523
0.609732
-2.53817
-4.1019
0.620536
-28.8062
-1.82674
0.177095
-1.65254
2.61845
13.0064
-3.31956
-6.59367
0.0461233
0.502052
-6.26602
-1.61387
0.830393
0.414822
-0.517381
-1.13285
-5.00019
15.2185
-0.223816
-16.3873
-7.36129
-3.79722
0.500438
6.3459
-0.400149
-2.65226
8.60276
-0.935109
-0.661264
-2.72637
0.35192
0.0275863
121.1
-1.65684
1.22138
6.77565
-0.243956
2.52704
-0.140054
5.7494
0.831791
-3.38219
-2.58394
1.76219
-0.272874
-0.565658
-0.293788
5.98559
0.366641
0.87919
0.208182
-0.314966
2.78583
1.44927
-0.0483173
-1.60936
0.959045
1.40717
2.92864
-2.01946
-3.92006
0.583985
1.23912
2.57168
-0.900305
0.702943
0.24205
1.68108
1.0932
0.0221647
23.6412
-0.479572
-0.720716
0.845906
0.49775
1.88329
0.753781
0.0797906
2.78194
1.29701
-21.6492
-2.46345
-0.397891
-2.13893
-0.308412
-0.0998229
-0.265083
-5.60024
9.2514
4.00012
-5.42004
0.392847
0.143567
0.184771
-0.402214
0.702323
-0.489767
6.71307
-1.7818
-0.255013
-26.2805
9.08708
1.70969
0.728831
-4.00461
2.67738
-5.32924
3.91519
-2.55335
1.48322
-0.961182
0.439942
0.302523
-0.688438
-0.21502
-1.13913
0.0485422
-2200.13
-0.732756
-0.221658
0.955396
41.6283
-0.402567
-0.392844
0.638819
1.04236
0.892924
-0.734374
5.31851
-8.20421
0.109561
-0.128864
1.43441
-0.307439
-0.469422
-0.659217
3.6337
-0.0265129
-0.0845889
-0.953575
0.443204
0.889995
-1.13092
-2.64092
-4.17852
-8.32461
0.508537
0.407136
0.180716
-4.49202
0.567208
-1.96437
1.7949
-0.188875
-0.430874
0.785791
-1.85951
-0.206589
0.839654
-7.67346
1.02269
-4.54755
0.659289
-9.04437
4.06393
3.03508
-0.18841
-18.9261
0.0222044
-1.48112
11.1025
0.181027
0.291228
0.192206
-2.84287
-4.377
0.224862
-0.839797
-0.783463
-0.0672768
0.162678
0.731327
-0.987635
-0.6205
-0.588384
6.6236
-1.19402
0.234892
0.828177
0.245842
-0.546439
-0.345475
17.3559
-1.07593
259.813
-1.55808
-0.120195
4.09284
0.80109
-0.456166
0.219757
-0.750718
-1.14109
-2.80948
0.245723
0.365999
5.17734
-0.478729
-0.372889
0.182496
-7.74024
0.446762
9.07474
0.300212
-1.8264
0.721143
3.76255
-6.06979
0.229757
-12.6856
3.65225
1.15823
0.384833
0.155865
5.20261
-0.87288
6.09123
6.01628
-0.612318
-4.81333
-2.58754
0.67853
-2.28248
1.08797
-0.671557
-0.692004
-0.723901
-0.58378
-7.45813
-0.87039
0.662495
0.350139
-0.0781279
9.47219
0.178744
-0.861351
-2.39405
0.512366
-0.610256
3.11446
1.63328
-1.04522
2.39505
0.410945
1.35111
1.08287
-3.03868
0.426716
-1.25834
0.90678
-0.968733
-0.253698
767.28
1.15027
3.41525
-0.519807
-0.438738
-0.903322
1.6159
0.402795
-0.0700073
2.5443
-1.44826
1.5041
-0.525646
-0.476991
0.724487
-0.200632
1.77539
0.497382
0.0288285
3.5977
1.36116
0.439279
-0.201635
-0.130572
0.122648
-0.446165
0.103603
48.1308
-0.163539
3.9741
0.527135
32.2099
1.2712
0.559783
0.160159
1.54181
0.234398
-0.195883
2.06507
0.111396
3.22522
-0.391983
-0.200806
1.57639
-2.5545
0.0102936
0.299963
-0.17258
9.28384
-0.996456
8.03632
-116.877
10.3671
0.245339
-0.0790681
2.68463
0.116108
1.01522
0.357032
0.626292
0.660235
0.802256
2.40043
-17.7512
-0.578523
1.26288
0.886344
0.756822
7.58751
-1.40872
-0.901808
6.21648
0.553727
-8.11746
0.186423
-0.128054
10.9628
-1.02136
-0.433505
0.422255
-0.348286
1.34796
2.02843
0.830421
1.34419
0.224191
2.30147
0.0868178
-0.827165
0.264535
-1.87061
-0.961095
0.662055
-1.99102
-5.21215
-1.40918
3.07759
-0.136009
-19.2258
-0.900192
-7.80797
11.7088
-2.70231
0.895424
2.8022
0.163877
-2.8946
-0.768932
-6.89074
2.25376
-2.49032
-0.667439
-0.736864
-0.0927727
-135.223
-1.03595
1.02582
0.212483
-0.897888
-2.11113
0.083734
-0.738633
0.057953
-0.223055
0.177587
2.4534
0.786638
-0.106909
-16.695
-3.30978
2.80119
-3.14487
-0.181686
-0.660096
-8.66237
0.199998
2.10623
0.392938
-0.386757
0.546285
-0.510607
-0.22551
-0.581398
-6.18509
-7.70393
0.023719
-0.449515
1.30442
3.12658
7.47116
3.4509
0.326157
0.633248
0.169452
-0.178881
0.884258
-2.4421
1.38668
0.710436
4.32044
-2.20352
2.1602
-0.391518
-4.85537
0.853377
-2.04987
-3.62042
-1.22431
-7.6822
-1.32479
0.8311
0.0697314
1.18227
-0.463828
3.49447
-9.82006
0.0744922
-0.32922
0.418503
-1.38866
1.04579
-0.480986
2.55724
-0.881135
0.574835
-0.94032
0.053878
-0.176683
-0.594642
-0.405818
-0.82622
0.181144
-0.450456
0.0791702
4.33411
0.472652
-2.11169
-0.369787
179.257
2.51042
-0.784421
1.18578
-1.09934
-1.07688
0.374959
0.530672
-0.410611
25.8047
-3.43895
1.80697
-3.12002
0.144158
-0.781107
2.85247
-7.86297
-2.08923
2.5364
3.56519
3.3233
1.71444
-0.126499
0.230695
0.218475
-1.73349
1.59828
-0.878678
-2.78228
-1.16082
-0.394359
-0.255568
-6.77382
-3.23302
2.80711
1.34022
0.513297
0.177006
-0.938953
-1.07406
-0.36172
0.79385
4.04321
-1.78102
-3.5337
2.39213
0.575803
-5.34261
-2.28138
-5.02037
-6.22582
-1.73803
0.941336
-1.02918
0.285758
-0.305491
2.08083
2.78764
-0.0147617
-0.0566277
2.27955
1.16204
-1.19622
1.06767
-3.74114
1.26365
0.882947
0.108004
-0.424916
-4.89647
-6.62039
-0.291459
-3.69137
-0.708649
5.65671
26.5158
0.248202
0.909027
-2.83873
-0.229653
0.918122
7.39438
0.546956
-1.54417
-11.184
2.9235
-0.360679
-1.39735
1.2277
-0.267059
4.97436
-0.732633
0.48375
0.480073
6.0644
4.52798
0.00702112
0.842058
-0.166887
1.63082
0.114722
0.0759388
0.0196637
-0.783442
-0.859897
-33.5875
-2.2818
-0.404025
-1.29911
0.557104
0.163727
-0.28207
-2.40966
-4.11767
-2.34621
0.204906
-2.33341
0.568932
-0.984124
2.22375
-0.493219
-0.450763
1.91864
-1.00191
2.09206
-0.434837
-0.660948
-0.467236
22.6994
0.124417
-0.65972
1.71538
0.118407
1.75325
0.79049
-4.99049
3.03685
0.279625
0.148307
-27.6434
0.0252224
-4.93212
124.757
-16.4733
0.406558
-3.08474
2.51021
-16.182
28.7972
-16.0837
-0.270783
7.97073
-0.0171721
-0.613982
-17.3161
-0.279444
0.300502
0.758965
0.221974
-0.180276
3.48252
0.791739
0.0423725
-0.794551
0.396981
3.45952
3.12984
-0.127807
0.912361
0.364667
-3.75042
-0.11865
-1.81104
-0.0899991
0.793905
1.69399
0.53466
1.14805
1.16455
0.738913
-5.09385
14.0925
-2.08423
16.7312
9.65263
0.298682
0.314489
-0.795612
-2.88276
-1.23282
1.79173
-0.155893
-0.266858
0.694633
-1.59513
0.231428
-1.20337
-3.0686
-1.03524
1.57911
0.0446047
-0.954458
-1.81765
-5.93795
0.77759
1.2006
1.86864
1.04209
5.54637
2.84763
-0.158041
0.00809409
-3.29719
3.83707
-7.00922
-0.337206
-0.167794
-1.11208
0.169043
0.395174
-0.28605
-0.236143
-0.301254
2.86976
-0.828258
1.02729
0.987322
-3.12337
0.565819
-0.580608
-0.452812
0.37454
0.0551217
-3.69461
2.47047
0.472368
-0.0578118
2.32237
0.165199
-0.985902
-0.0552916
-0.900559
-0.779495
0.447399
-0.11325
1.11301
2.79186
1.20747
-19.4746
0.582261
0.153357
-1.87214
-0.477078
-0.836074
1.13946
0.360265
-0.189615
27.5039
-1.10905
-0.437774
-0.456985
-0.981368
2.71131
0.975253
-0.477222
1.42524
2.8459
-1.40129
-6.24992
-0.758317
-7.09958
0.145165
-0.48522
3.01017
-1.30915
-1.14705
-10.3595
-0.330181
-0.227148
-3.62034
0.631572
0.332781
-12.4619
-1.97911
1.26659
0.963888
10.6266
0.719074
-0.0221171
0.895771
0.036633
0.714933
-0.227411
5.51868
3.42071
-0.242619
-0.695761
1.26702
0.430917
-18.0041
-5.06924
1275.45
-95.9678
-3.14674
0.374139
1.9378
4.06729
0.259759
-0.0152458
0.302956
0.227231
-3.25231
-0.89234
-0.0761317
1.18071
-1.17602
-1.49156
0.239705
5.03267
0.207087
-32.6227
-0.36987
0.315987
0.0337922
0.149456
0.212238
0.968034
-0.206117
-2.71835
-1.02967
6.33059
-0.404841
0.851234
-0.561543
8.61843
0.13233
0.191825
0.035981
-1.05023
7.52441
10.3336
5.55235
-0.805441
0.586849
0.0391017
13.1906
-5.55978
9.85234
1.68095
-0.430774
-0.048317
0.539824
-0.315191
0.851255
-0.529385
27.2891
2.70359
0.304323
0.803149
-0.87166
-31.0686
-0.941562
-0.139006
0.0562278
1.61114
0.545928
-1.16511
-3.98758
-1.14153
-37.7232
-124.834
-0.621279
-0.0222793
-1.99271
1.2008
1.41973
-0.329085
2.07614
-0.167692
-0.225025
1.67756
-2.1752
-0.274674
-0.126717
0.101353
-1.17835
-0.997164
0.673766
-0.198834
-0.344928
0.652396
-0.372889
-0.0484731
0.262903
-2.63828
0.0587824
-0.675314
0.364089
-0.155349
1.82827
-4.4307
-1.48498
2.05746
0.444175
-0.364182
-3.89621
4.15535
-1.61465
2.4043
-0.60891
-0.168536
29.4228
-11.3675
-0.0885342
0.728071
-0.159236
-0.483057
-0.137473
2.79816
-1.2272
1.07447
3.43688
-0.376365
4.34629
-3.95145
-1.39153
5.55899
-0.0573688
1.73244
-2.28797
-1.38189
-0.126565
1.31792
-0.485859
0.527024
1.14422
0.990385
1.38968
-0.12908
-0.437515
-5.78905
555.98
-3.93156
0.127253
1.11101
0.821597
-7.66112
2.94481
17.713
-0.426355
4.72841
-0.277107
-3.84472
0.842614
-3.28527
-1.30719
0.306369
0.237914
-4.18777
0.108877
1.11663
-0.78728
2.25258
-1.09641
-0.447626
-0.514032
-0.812563
0.245288
0.203353
-0.424583
-3.131
-0.87945
-13.4515
-8.70356
14.0913
-3.99165
15.1896
-0.708713
0.391113
-0.00331158
2.27356
-1.37228
0.194148
-0.18771
-4.35976
-0.496092
1.48613
0.277701
0.0889224
0.119934
-0.377565
-0.939654
-3.27249
8.23145
-0.906288
-1.33593
0.452087
-66.6859
-2.51799
0.565961
1.38761
-0.447264
0.52777
1.82084
0.473204
-1.114
0.719104
1.32484
1.05489
-1.06586
-1.48108
6.87868
-136.376
-0.571288
9.83109
1.57071
0.347875
-0.596125
-0.367359
3.67331
0.378486
0.125296
-0.00476282
0.684493
-1.1114
0.3481
0.0673027
0.0253563
-2.2746
7.98905
0.0729034
1.45909
-200.797
-0.0732299
0.456312
5.86319
-0.167158
0.59241
0.829062
21.7453
-0.637064
-3.49136
5.78113
2.02293
-0.823499
-0.541681
-0.946507
-1.27567
-0.683771
-0.521982
0.920111
-24.164
-9.24817
-0.833754
0.583998
-4.02187
-0.18258
-3.0761
0.421214
-0.653263
0.63732
0.12663
4.27065
0.0595562
3.75373
1.89337
4.71564
-0.307787
-0.180393
0.316009
-3.10768
0.0673447
0.499025
1.3561
1.4366
1.27443
-0.560145
-0.23236
24.3253
0.998535
-1.8729
-0.641218
0.747946
0.0261998
0.877783
-0.291442
0.140773
-0.138559
0.550285
-0.214433
0.179914
0.825977
0.213316
0.26398
-0.178212
0.169614
0.719026
-1.0696
0.22678
-10.4072
0.664559
0.67394
2.58743
-0.588323
-3.0683
3.89952
0.422349
0.0583741
1.13598
4.43514
-0.60381
-0.781266
0.942881
-0.936987
1.03676
-0.285632
2.7395
-1.21435
0.00271883
-0.36493
-4.61236
1.29394
0.186581
1.10033
-1.92843
-0.925063
0.0467265
0.714261
-2.06588
-1.48283
-0.0869486
0.17668
1.12955
-0.246339
-3.99508
-1.82222
0.359696
0.0565506
7.6534
-35.5907
0.313982
1.34648
0.533362
-0.920072
-12.9914
1.22272
0.41015
-1.58933
0.845209
-0.297517
0.665459
0.777525
0.826292
-5.23272
-0.523565
0.306124
-0.180093
-1.36934
0.654083
-0.936665
-1.36131
-0.205851
7.54426
2.84493
0.150073
-2.49989
-0.914343
-1.61694
-0.124877
-0.612129
1.95588
-0.824063
-0.2354
0.174431
-2.0374
-1.83477
-0.278861
-20.465
0.119995
-0.0646198
2.17137
-1.27006
0.45948
0.495527
3.67422
-4.66862
-1.00089
-13.0744
-1.05984
1.56853
-0.226934
17.8818
-1.45308
0.0344335
-0.0118125
1.76346
1.13382
0.16401
1.85411
-0.764902
3.23044
0.0999899
4.81365
5.21767
-6.25621
1.60934
0.227889
-0.0913689
2.44971
12.9854
2.55351
0.279541
-0.814438
0.700894
-1.4457
0.310814
0.0133453
-0.587889
-0.67759
0.225879
4.05567
3.03976
-0.254357
0.209707
4.91159
-0.769833
-0.802878
-5.16491
-0.411886
0.98296
4.21645
1.54745
0.856141
-0.233869
-0.30033
-0.911079
-0.575205
-0.412615
1.59158
0.978897
0.66359
-11.5125
-0.816499
-3.48059
-0.727611
0.802407
0.025098
-1.29282
-0.0865354
-1.3619
-0.147722
3.17152
-0.525378
-2.17301
0.787055
-1.34208
1.74284
2.3463
-0.198299
0.149872
-1.95257
11.0671
-0.149337
-1.77716
-0.509029
-0.26262
-0.614826
1.27238
-0.0305319
1.01952
-0.409792
-0.683409
0.293753
2.05169
0.0871467
-7.27763
184.698
-3.21786
-0.454531
1.27353
-4.70917
-1.02532
0.166427
2.92628
-0.170538
-0.736837
-1.01558
1.36774
-0.920031
0.627428
0.0253768
-0.484814
0.728937
-1.23874
-32.2743
1.0514
9.05199
-2.01246
0.068344
0.772565
-1.26136
0.971658
-1.02619
3.69216
-0.168439
3.75944
0.545383
0.449341
-2.9522
0.787145
-0.416945
0.502425
-1.47215
-16.9271
-31.9224
-0.605374
-5.96577
-6.00565
-3.49844
-2.36122
-1.55145
-0.0662493
-1.0219
1.27488
0.0593136
4.7812
4.22158
-0.714905
-2.86174
1.32661
1.22939
-0.408241
-0.15024
-0.704513
-1.43613
-0.077899
0.920604
-0.372887
-9.75966
-0.321383
0.725037
1.0215
-0.347593
-3.33351
-14.1043
0.721978
0.0138183
-1.11331
0.625109
0.197026
-1.25209
5.64161
0.981919
-0.795535
1.81385
0.305206
2.76253
-2.8977
-1.34747
-0.211035
-3.46051
-4.94262
-0.352268
-2.24059
-0.122026
0.420318
0.335117
1.40292
1.53786
-1.85146
5.72571
0.503185
-4.1598
-0.913687
-1.46559
2.85199
-1.10571
1.23584
0.446953
-0.0207085
3.39262
0.000702842
0.123347
1.05992
-31.2283
0.606344
0.385688
-3.20549
-0.0171981
5.51892
-0.83337
0.601416
5.83106
1.36889
0.135007
-2.12211
0.127741
-4.22188
-1.76612
-0.463543
0.946544
3.33735
1.27412
-0.129874
0.165395
18.9835
11.6082
2.2835
-1.50721
0.895925
0.659971
0.716768
1.14098
-0.738642
-2.44245
-0.659709
0.161015
0.167554
-118.406
1.25775
0.405886
4.92435
-0.224881
-1.02669
0.18935
-1.98988
0.491923
0.724887
1.11724
-5.74238
-0.849809
0.123534
0.261226
0.893447
-1.61727
-1.73706
16.2098
0.835109
0.0929505
11.4653
-0.213122
-0.434154
25.8231
-0.554651
1.51539
1.58324
0.038825
-0.664968
-0.489107
-0.5977
-0.14718
-0.452352
68.8726
-1.3382
1.49859
0.494176
-0.320989
-40.7814
5.64153
1.40633
0.716027
4.70774
-0.774972
1.7394
0.0227394
2.61656
-0.474708
-5.02759
4.18655
-1.4673
-0.850066
-0.422498
-0.185273
1.93108
5.84821
1.05655
0.806997
0.696887
0.509724
-4.38899
0.479191
-2.41108
0.432484
-2.09716
152.23
-0.337256
0.293733
-0.123537
-0.885771
0.670255
-0.0991336
0.436979
-0.324924
1.34208
-1.51121
-0.511764
1.98246
-25.2085
-39.7413
-0.685632
-3.11152
-0.0403503
1.90149
-0.0684587
-1.03263
1.79711
0.24178
-0.375318
-1.72723
-0.0296704
-1.1303
-3.66969
4.13515
-17.7712
-0.206386
3.91373
-1.17734
-1.70972
-1.00321
0.112965
-5.38165
-3.89838
-1.58947
-0.805782
29.952
0.77349
-0.180406
-2.77849
-0.587614
-5.27562
2.47456
-1.13353
3.96442
0.113344
-2.02594
9.06359
0.871327
-1.57407
0.818132
-0.087276
-3.36664
-0.553238
-0.0565302
4.04285
-0.153815
-26.4735
-1.31034
-5.38191
-8.08351
-0.973346
-0.72679
-0.536829
-1.48049
0.0806656
-0.572875
0.998691
10.8142
-0.0641308
-0.95343
-0.628165
-6.14163
-0.992742
-0.653026
-0.522301
0.0479575
-0.207124
0.316613
-1.57782
34.1097
0.732695
-2.48907
-10.9981
11.0287
3.84998
-0.248347
-0.941647
0.243787
1.97751
-0.205909
0.238018
6.17898
18.4581
-7.17984
1.0443
-0.0814861
-3.60062
24.6645
0.110146
0.267635
0.882418
-22.6665
-0.468729
-0.235662
0.281931
-40.0232
0.189058
-0.0217576
0.378489
-3.02698
0.273792
-0.557374
-0.0698221
1.1015
3.18346
0.185428
-498.987
0.543119
17.4736
-4.83565
-0.260489
-10.3133
0.709482
5.92323
-6.0381
-4.25156
-1.71282
-22.1882
-42.6012
-2.68753
0.408432
-1.03049
0.258786
-1.29027
0.543053
-0.450327
-0.0913621
-1.16446
-0.00018356
0.2647
-0.903558
4.67214
5.37318
-1.06256
-0.397685
0.886087
1.65326
22.2016
0.344389
-3.61993
0.524561
0.781375
0.391986
2.05211
1.63691
-3.62883
1.30402
0.269033
5.8972
-0.774656
-0.822591
1.11316
0.378828
-0.421706
-0.0846288
5.54247
-0.0662515
-0.111242
0.978825
-1.3435
1.00471
-0.165258
-0.945371
-0.625929
1.20547
-0.692869
-3.007
-9.12406
3.36509
2.89967
0.574533
-0.193283
-0.220717
-1.48863
-0.666803
-0.737931
0.313957
1.23121
0.194189
3.57624
-3.83323
-2.31214
2.45014
0.309709
-0.19996
1.00449
1.73738
2.26937
1.31817
11.8021
-2.26796
0.47491
-40.9363
17.3809
-10.261
-3.62017
3.08577
-2.07043
0.362983
1.59705
-1.63466
-1.38865
-2.74698
-0.606384
11.5298
0.0512579
-0.153277
-0.0889412
0.465331
0.0794146
-1.68305
0.69552
0.550606
0.188223
-1.58876
-32.9361
-9.49559
-0.445582
-0.569763
1.63828
0.161889
0.210852
-1.08598
-0.11367
0.338999
0.473043
1.17069
-0.996682
-1.64598
-1.41433
1.03471
-0.0344418
4.15678
-0.528224
-1.69551
-1.35817
1.32954
-5.73456
0.585585
-0.641527
-0.791011
-2.1116
-0.17624
0.139695
0.702147
-1.50298
-0.656237
0.0729048
2.26485
1.84974
-0.232598
-2.45108
-3.0247
-0.501066
-0.581091
-1.39022
-1.20858
-1.09397
-0.127799
-1.19868
0.351784
0.0822102
0.484389
1.80392
0.301322
4.93446
0.566891
1.27075
-3.53534
1.39353
-0.681648
-3.69623
1.13684
-1.6046
-0.210668
-0.000495429
-3.13717
10.5375
4.0568
0.355623
-1.05964
0.657802
-1.30072
-0.0990395
1.31188
0.0900297
0.191453
0.5185
-1.43808
4.70392
-1.83967
10.2893
-0.556432
1.98326
1.30216
0.116589
-0.482948
-0.611945
0.533142
5.30176
-0.956907
3.0843
6.95451
-1.1671
-1.37352
-0.188922
0.0145854
-0.347478
2.42035
-0.557
6.53491
5.95406
35.5846
0.187106
4.50497
1.92352
0.11637
9.44351
1.2561
9.53365
-0.52757
-0.0678508
0.220638
-4.15622
-0.866457
0.32099
-0.495943
-0.909485
0.730488
0.0880353
-1.48218
-0.0306938
2.18864
-0.829185
-8.77063
-9.32611
-1.53978
0.0200528
-0.441438
-0.35468
0.914508
0.699743
15.4459
-0.0425863
-0.108922
-3.36637
0.375158
0.324682
-0.314412
1.37208
1.09797
-2.44026
-0.706773
0.841799
0.424083
1.86488
-1.1413
2.77655
0.188731
-0.264132
-0.692996
1.95172
2.04696
-5.08178
-0.670738
0.464806
7.50923
4.15427
-1.34202
1.42925
0.050122
0.0516314
0.713002
-2.72158
-0.424675
1.03047
3.05151
-1.03656
1.19464
-0.687942
2.1331
0.107844
0.343075
-2.24109
-31.1695
-0.839498
0.396142
30.2568
-3.49606
-0.167631
-1.35437
-2.08979
-1.24266
-3.24422
2.47178
-0.811077
-1.48393
-1.91446
0.433995
-0.644052
2.33399
-0.630516
0.737921
-2.61537
4.96345
1.01309
0.64592
0.296967
2.17359
0.610937
0.760149
0.0303103
-0.829544
-3.42241
-0.404514
4.31644
1.73137
-1.15539
0.0161456
-1.39039
-0.0864467
-2.22133
11.9978
1.75633
0.542959
-2.32707
0.433635
0.258932
0.606104
3.34105
13.322
-1.60049
0.326112
-4.38014
-0.300077
0.411474
-1.51479
10.1124
-1.26334
-11.0729
-0.408566
-0.095589
-1.76098
4.93795
-21.532
2.55034
-0.465245
-0.0223586
0.659761
0.299203
0.211088
-10.3324
-2.26567
1.75306
4.73456
6.70981
-26.2235
0.273928
0.358786
10.6413
-0.472409
-0.211215
-0.817077
0.62164
-1.09338
-0.338508
0.350143
-2.40244
0.846741
-2.16922
0.433321
0.124971
-1.13731
1.13431
-1.34371
-0.0956776
-0.380416
0.16159
-1.29551
-1.92688
0.76362
1.44498
-1.00055
-3.54204
-0.633682
-0.397569
2.17763
0.239429
0.326473
-0.788676
-0.156451
-5.41808
-0.0512903
0.322444
-2.28082
-0.645794
-0.441461
2.53757
2.59688
14.5416
0.0793108
-4.48655
3.22404
-0.800002
-15.9227
1.148
0.870301
-0.687013
-4.4177
-0.179836
-0.934522
-2.40824
-0.378062
214.06
0.822133
1.11744
0.807737
-1.11154
-5.87533
0.413382
-0.383678
0.98545
0.141499
0.281389
-0.400473
0.65076
-45.4027
2.291
0.281548
-0.467325
1.40345
0.948035
-0.0398112
-0.696688
-3.01989
-0.578076
0.697405
1.42801
0.530221
0.597598
-1.23824
0.172262
3.94013
-65.815
-1.02309
0.967017
-0.809305
1.06178
-2.38842
-0.842846
-4.41658
-0.0589268
-0.362109
0.350521
-0.553494
-19.3303
-7.98582
-1.30408
0.754159
0.355329
2.39712
-0.142642
0.342255
0.687542
0.26039
-3.94519
0.396256
-1.21265
0.933544
-2.19912
-2.74487
0.0877458
-1.71148
3.60696
-3.69388
1.64565
-1.91447
0.377275
2.04461
0.9912
0.018364
7.63338
-0.817567
-1.34781
0.0755775
-1.15145
-0.590124
2.38844
0.746138
0.0744867
-2.86195
-3.10892
0.160577
-8.62673
3.1495
0.639159
-0.657258
0.578055
0.886121
-0.382969
-0.155491
0.322887
-3.77974
0.127609
-2.41455
0.359696
6.42482
-8.33575
-0.646957
266.558
-0.538321
0.251785
1.51161
-0.0428807
0.069507
-3.73544
-5.17951
0.0671665
5.69014
-0.414927
-5.65308
0.142675
-1.94549
2.88982
-0.0827703
-0.513687
13.7089
-123.219
-2.47246
-0.0327372
-0.796914
-1.99809
-1.71127
-0.313989
1.7306
0.991466
1.31606
-0.615649
-0.855936
0.218219
-0.546227
-1.04084
-0.157057
-16.1536
41.9117
3.77984
-0.55167
1.51754
-4.62029
-1.70023
-0.0676273
1.04527
-0.703088
1.01437
0.932039
7.12874
2.39013
1.39258
-0.0996903
-1.66573
1.57095
4.08746
-0.398523
19.0387
1.71551
-3.56392
-6.29751
-0.539093
0.370432
-2.78301
-2.7281
3.13813
6.71751
3.94442
-1.62929
1.4212
-0.303462
0.204345
-0.770797
-6.33933
-0.947322
-0.345027
-0.435751
0.42969
-1.65693
-0.00322276
-7.68142
8.65934
-13.1504
1.49234
1.09773
0.78209
-0.265503
-4.53311
-0.538456
-0.125059
-2.74081
-0.526609
0.353721
4.1632
-2.81001
0.588214
-0.0100763
-0.193192
0.372629
1.16137
-0.471906
0.457419
-5206.6
-1.56101
-1.25033
0.558227
-0.211678
-6.50743
-1.04537
-0.173087
-1.31782
-2.18209
-1.2079
3.23077
0.126097
-0.241165
0.0251926
-0.406638
-310.183
-1.05269
-4.28425
-2.85204
0.442272
-0.531629
-0.443436
0.727242
0.291373
0.9415
-1.14878
5.59024
5.00733
-1.10519
2.65009
0.0466265
-0.996186
2.56004
-0.883259
2.79331
-5.56642
0.183685
1.05584
1.73683
-0.520651
1.3455
0.908966
1.0392
0.364982
-1.60404
1.10038
0.131663
-0.412411
-0.459823
0.125721
3.55944
-0.913326
-0.268668
0.230191
1.07767
2.0755
1.94419
-0.718058
-4.10194
0.383237
0.467145
11.0034
-1.56919
294.69
-1.50275
-0.584183
0.580197
0.0656215
-0.42368
-4.2667
-2.33845
-0.202803
3.25463
-1.0535
-6.60901
1.69248
-2.58421
-2.15579
-0.621777
-0.104871
-6.99365
0.558693
-0.845273
0.698831
-0.858729
1.21365
1.21075
-0.841432
0.103119
0.184863
-2.53129
0.043403
11.4967
-0.581633
0.391022
-1.32376
-0.275548
1.39243
1.18455
0.190701
-3.72703
-1.17487
0.654967
-0.958325
1.34687
0.267888
-0.0712217
-0.0628637
-71.7254
-0.803868
-5.63502
2.67553
-0.0953019
-0.176334
-0.701623
0.662516
-0.542998
-1.12848
1.09309
1.02658
-1.01797
-1.44049
-5.54629
-0.304701
1.66566
-3.78512
0.576069
-0.457316
-0.0906326
2.46916
-3.97441
-2.97011
0.812127
0.106461
136.064
-0.036844
2.13263
-1.06239
-4.65742
0.0128263
0.632249
-0.518588
-37.3401
-7.62392
-0.377437
0.0123328
-0.224843
-0.344144
-2.84767
-1.52038
11.2708
0.559565
-0.168502
-0.748173
-0.923205
-497.303
-0.245826
-0.574863
-4.25961
-0.478004
-0.28229
0.00247894
-0.0752875
-1.63159
0.0254815
-0.593581
0.355412
-1.1238
-0.169708
-12.1725
1.02789
-8.01075
-1.52511
0.453271
-12.7447
27.1876
-0.602387
-0.788398
0.024325
0.42584
6.36975
0.367448
-0.775116
-4.18121
-1.18079
-0.389253
5.72956
-0.250822
-1.5582
-4.22062
-512.062
-0.588352
0.554232
-0.0607463
0.200217
1.79116
0.40908
1.23529
-4.58468
0.46915
-1.75013
0.93296
0.315244
-3.66792
14.5306
-0.843848
0.716395
-0.605018
-0.725163
0.343211
1.1702
1.78206
-1.80983
-3.00545
-6.47599
-1.84165
0.138923
0.824503
-0.313367
54.694
-8.05217
0.775417
-0.0850308
3.74848
2.41849
0.736228
-1.40452
-0.377441
-0.226286
-1.29155
-35.633
0.0051794
-1.75566
3.74658
-2.01615
3.8878
440.339
0.258827
0.492671
2.16473
1.04713
-0.774882
2.90159
0.334585
-1.72079
-0.833804
0.420404
-0.506714
-1.6937
1.84364
-1.64495
0.757653
1.23476
1.7842
-1.21512
-1.55879
1.1361
-2.0286
-1.29527
0.474216
-1.00513
-0.526264
-0.936012
-10.9338
-0.514839
1.5272
-1.05656
-0.296406
-1.87658
-3.96482
1.63261
0.0290218
-0.975627
-0.879217
705.306
0.901105
-0.374475
-0.958862
1.60072
2.58202
1.87746
-2.86977
-0.932634
-0.11671
0.870108
-0.802876
0.577806
0.514747
-5.78056
0.635885
0.89008
9.76432
17.9829
0.85356
-0.0848597
2.85805
0.0599663
-1.66882
-32.4021
-1.84015
0.731982
1.12611
0.787905
11.0823
0.431663
-1.47272
0.00938725
-6.85988
-0.265092
3.98407
0.0910851
1.16746
-3.72125
-1.15365
-3.87786
0.943396
-5.31247
0.380677
1.25592
-0.412046
1.12477
1.80982
2.84601
-0.825597
-1.16624
19.8039
0.484718
-0.189723
0.501605
-19.473
0.873108
-0.388844
3.14006
-0.949266
-1.86276
-1.52866
0.15209
-1.44342
-1.10164
5.08562
-3.31694
-1.08824
-0.664567
1.54015
-0.316887
-1.16101
0.0133848
-5.10087
0.095691
-0.929415
0.279742
91.5148
-0.93263
-0.436624
0.202738
1.38725
-10.0118
0.0228584
-0.184202
0.276551
-0.798333
-1.46177
-2.70782
-4.36728
0.445835
0.327079
1.10314
-1.54922
-25.7523
0.3331
-1.28752
1.16033
0.739585
63.723
0.148809
-1.54769
-0.428688
-3.28683
-0.115706
0.260287
-3.72876
1.38583
-0.96894
-1.63431
0.499748
-0.720627
-1.7991
-0.0211384
0.902221
0.449877
1.4831
-0.459675
0.261094
-0.547602
-1.50359
-1.20952
0.411896
0.932306
-0.534735
0.561402
-22.406
-0.788495
-1.33114
2.41599
16.5982
-2.51522
-0.368218
-5.03923
-0.95148
-3.92924
0.441937
0.929122
2.58146
2.89074
-1.39926
0.714243
0.244209
-3.10042
0.189894
0.789851
-7.50687
-0.119271
0.615208
-1.40335
0.432649
1.12313
0.701455
5.47267
0.518244
2.74066
8.07669
0.878233
0.973228
0.290611
-1.52478
1.27822
0.838696
-0.553189
6.72356
0.511681
-4.11019
-10.3586
-0.508989
0.171482
20.352
-0.328701
-1.59912
0.141671
-3.28191
1.23932
-1.01826
-271.746
1.10329
-1.10123
-16.7248
0.418135
0.0362469
-0.133316
-1.53158
0.622357
-0.620665
-1.16339
0.615602
3.94067
0.951296
2.49923
-0.296173
-0.446384
2.06448
-0.231182
-1.56398
-0.0748282
3.92903
0.351215
-3.86074
1.20294
-1.47783
26.0712
-0.135209
-8.78879
1.76988
-0.607685
-1.15727
-0.0959111
0.53477
-1.96475
-0.650672
0.494738
0.821584
0.643448
-1.89529
0.343948
-0.287871
0.502324
-0.66023
0.364484
0.503567
-0.111174
6.11487
2.56855
2.02298
-0.854797
0.0140996
2.07934
-2.91528
-1.03528
0.69728
0.223458
-0.155548
0.335868
4.13779
-1.03264
-1.67837
-0.143483
-0.0807196
-0.500516
-0.126281
-0.566601
0.221137
62.9106
-2.05136
0.971266
-2.39134
0.461473
-0.0729399
1.39159
-0.0022565
28.6374
-0.353861
-0.286969
-0.00236494
0.586415
-0.789381
-0.327431
-3.31175
-0.703474
-0.540532
-1.62009
-0.612695
-1.73016
-1.18456
-0.205355
-0.873682
2.28546
-3.29668
0.0138709
-4.53107
0.412268
-0.506916
-0.181081
0.0688292
-0.556935
6.15478
2.18236
0.11332
3.61729
2.57044
0.973917
-0.502746
-5.07887
0.705289
-0.990052
1.10739
0.0231653
-1.00273
0.665814
0.0117362
-3.35041
1.43856
0.0795965
-1.0679
-0.952684
-0.914379
3.04555
-0.205922
-0.291337
0.681611
1.96327
0.137142
0.0324233
0.0121481
-3.18824
1.01725
-1.13875
-0.666211
-0.654509
2.03489
28.72
-4.18137
0.478299
0.61969
-4.24614
-2.80545
3.63013
-1.9698
0.149914
1.07052
5.516
1.64444
-1.50815
-0.580041
-0.840658
-1.39239
0.649352
-0.00730004
-2.67704
-4.70789
-0.0704571
122.874
-0.410297
2.18528
0.522403
1.94829
0.28777
2.00206
0.27817
-0.00968023
0.0545522
1.50892
-0.171442
0.434295
-2.62555
9.1596
0.0253655
0.0790309
1.2692
0.0522382
-0.142986
-7.13866
-11.2399
-0.0085954
1.16373
0.909904
-1.00183
-13.5877
-0.0915671
-0.669237
0.568037
0.129749
-1.03777
-0.118603
-0.0729187
-1.24096
3.68001
-0.033821
0.242049
-1.06636
1.52064
-1.76076
1.77113
1.00655
2.50873
-0.26666
2.21002
11.0092
0.710044
2.09252
1.18476
0.0175332
1.25411
0.557258
3.11239
1.98238
2.22475
0.0214498
-3.91045
2.45202
-0.262058
-1.09448
0.678663
-0.928533
0.724727
-1.7614
2.18544
-0.426869
2.75238
-2.71296
1.09076
-1.18257
2.27189
1.31764
-7.29054
18.0092
0.456548
-0.510644
23.8632
-5.9043
-3.95463
1.46141
0.267783
0.940875
0.331109
0.00862718
-5.75396
0.0804922
0.0345412
-1.81051
-1.12255
-0.714541
-0.487541
1.2211
6.17805
0.454955
-1.64467
-0.573416
0.707527
2.79058
3.53954
0.800396
-0.526784
-1.82739
2.48141
-0.5529
-129.973
-0.469466
-4.84841
-2.79114
1.22697
-0.503435
1.14438
0.0472501
-0.0805083
-3.29931
0.433432
1.77914
-0.604165
-0.0356309
6.44602
-0.289557
4.40586
-0.377378
-0.823189
0.422764
0.0591053
0.487112
-0.959824
-3.757
-6.05392
-1.46086
-0.686579
0.991928
2.32694
0.92564
-1.2295
-2.42897
-0.503871
0.0144178
-0.152271
0.312189
3.44329
-0.551277
-1.50536
-0.255771
0.0789015
-4.95386
-1.6371
0.394834
0.34082
-0.459595
18.8827
0.139126
-0.699431
89.591
-4.90565
-0.510334
-3.28794
-3.03752
-1.78755
-1.33544
-0.327388
-0.197451
2.07032
-0.824084
0.76327
0.125839
0.305122
-14.8408
3.96238
-0.23017
0.326061
-0.249336
0.779449
1.7386
-0.77513
0.389546
2.8577
-12.4293
2.5183
0.341339
55.5415
5.82228
-0.865417
-0.761518
11.3694
-0.01554
-1.78494
-2.53188
-3.02522
-0.366098
-1.81212
0.921973
-0.884772
-0.929836
-0.454075
-2.32646
7.37458
-0.361057
-0.771224
2.96778
-3.25888
2.52374
0.346742
2.91307
-0.907556
-0.809834
-2.75773
-0.0945032
1.50838
-2.27569
-0.118848
-0.389324
-0.324352
-0.910969
-0.164933
0.874164
0.140147
-1.68778
19.6931
-0.605115
0.529438
-0.948789
5.78752
-0.0337577
3.45786
0.228734
-4.15062
2.32916
0.52376
5.13772
0.0449468
1.31606
-3.29659
2.52595
0.886484
2.90173
-8.30282
6.45701
-0.449977
0.196619
-0.295003
-1.77458
12.4681
-1.20186
2.12543
-0.080134
-2.06026
1.92225
0.178574
0.620848
0.508102
0.951868
-2.20865
26.1969
0.162568
0.0537555
-6.48258
-0.202796
0.61764
1.80635
1.41392
0.279519
0.30222
-1.17552
-7.81953
0.369946
-0.301963
0.156873
-0.402257
-0.722899
-12.6492
0.763867
0.195781
-2.32475
1.65662
-4.41962
-0.0699815
5.03495
0.0472656
-11.958
-0.674054
-0.693278
-0.189344
-0.234611
-7.09134
-1.56208
-0.0128006
4.04962
0.403895
-0.182604
0.382259
0.131193
0.380585
1.5748
1.61607
5.22648
-5.73477
0.888045
-0.37158
1.57139
-0.596361
2.58225
0.741478
0.632999
-17.115
-3.59158
-0.035912
-0.21514
-0.96016
-0.0737786
-0.139309
0.786596
-0.417004
-1.15142
-1.13267
2.51547
0.00618623
0.966088
0.0492497
-0.753073
-1.04843
-6.48671
-0.0735432
2.06235
-424.512
-2.71972
0.89752
0.596308
1.30827
-0.202029
0.22745
1.35135
-0.49936
-1.4575
0.232435
-0.373412
6.95752
-1.21341
6.75036
24.8159
-1.57041
-1.81642
0.565777
2.82205
-0.476703
-16.3449
-1.719
1.39442
0.406845
-1.16003
0.027677
-0.655044
0.250235
0.00981483
-0.440003
-1.53007
-0.540709
0.051812
-0.168136
0.358615
1.03018
-0.257241
-19.6338
-1.17494
0.00392818
0.884459
1.67297
1.82623
5.75694
-0.0433223
-0.122769
-0.194606
-0.715049
0.437942
-15.5521
1.29388
-1.99405
0.12965
-0.601548
-0.105683
-0.812078
0.50518
-1.35436
1.35233
-0.287055
-0.978533
1.15714
-2.29205
-0.304602
-2.76069
0.929152
0.791329
-1.07817
-3.13888
0.347351
0.0424829
-0.303836
575.429
20.6367
-0.681864
-0.537571
-0.142486
1.49562
-0.216045
-1.67363
5.06318
1.31562
5.91263
1.02871
-54.1608
-1.59188
-95.7841
-2.79118
0.528073
1.99159
-0.19179
-1.50977
0.0664462
-0.160872
-2.36626
-2.10439
-1.20806
-1.29754
-0.428679
-45.6624
-0.168191
-1.53655
10.3361
1.43846
-1.70586
3.19411
-0.582474
-38.6887
0.291082
1.40385
-2.55488
2.93222
-2.69036
1.3837
2.29867
-56.6151
0.33271
-1.77574
0.276429
-1.85476
10.1877
-0.647932
-0.516006
-1.17436
2.65705
0.960261
-2.83711
0.902201
-0.874556
0.585487
-9.18517
10.9088
1.65072
-13.3942
-0.153354
-2.55924
0.763574
0.0703423
-2.1548
0.481447
19.9887
-4.06904
1.0969
-1.80651
-0.680644
-0.708355
-0.981856
-1.58415
-0.465179
0.697721
6.21302
2.14904
-0.0919385
-2.25192
-0.199776
-0.253465
1.66192
-0.393938
-0.748261
1.95852
17.2953
0.637413
0.169277
0.14791
-0.824882
-2.58702
-11.1216
1.12053
-1.03104
-0.26611
2.944
-0.270357
-0.110257
0.374638
3.61588
2.03494
0.174361
-0.68838
0.749129
-3.90212
-0.233385
1.69
0.161221
-1.72338
-1.36855
0.331748
0.460704
-55.1691
-2.35735
6.72578
0.494322
6.10664
-19.1109
-0.0314567
1.57173
0.232851
-0.101076
0.887265
-1.39279
1.52962
0.211914
0.839579
-0.110818
0.351281
0.399558
0.268857
-0.0739411
0.0695448
22.8455
-0.00721423
-1.46318
1.18237
8.3135
1.52245
1.11489
-0.4783
1.04854
-4.34625
-2.10325
-0.0409387
-0.809756
1.28949
0.745037
0.258997
21.2772
-3.93273
1.20236
11.9036
-0.582825
0.883207
0.267272
1.04856
0.153978
-0.539029
-3.99097
0.507762
-3.05615
-0.241861
0.0648732
-3.55379
0.265068
0.0318464
-0.509699
-0.773444
1.01134
-3.60561
-2.38088
-0.270201
-2.18543
0.853691
0.00975137
21.884
-0.146584
-0.559416
4.37195
-0.0606498
-1.86993
0.446474
-0.505082
-0.0416646
1.21605
-0.521543
8.63186
-0.263146
6.35505
-0.11874
-2.38896
0.366854
-0.587997
0.796429
0.79716
-19.8512
-0.618672
0.433025
-7.96032
0.317933
-0.446571
0.0859492
0.217617
4.42034
-3.27569
0.724424
0.0686676
-97.2449
-2.81005
-1.49078
0.265142
1.75092
-1.13705
-0.190695
-16.0785
0.610895
1.46374
-1.71056
0.0518757
3.10893
-0.18089
-1.74871
-0.474557
-5.2689
-0.494081
24.5616
-1.14381
0.561571
2.73025
0.380157
0.234479
3.55095
0.208772
-0.00484232
-1.65799
0.461926
-0.524249
1.61611
17.8305
-0.942286
-0.824949
-2.76036
2.28898
-1.51503
0.930907
2.69789
2.02715
-0.0493606
-1.45035
-1.26639
0.502313
0.914279
-0.287314
-4.66953
0.656914
0.0908994
-0.734271
0.186604
0.775843
-0.565273
0.453307
-0.807654
-11.5319
1.22755
-3.09522
0.731024
0.838502
0.926389
3.80395
-0.91171
-57.4988
-0.0903398
-2.54615
-0.36587
0.0305837
19.5042
-0.170431
-0.902372
414.747
-3.35217
2.80464
4.57812
-46.9752
-0.00429133
3.40863
1.98819
0.478919
0.403688
-1.44443
0.291217
1.26785
-0.784699
-0.266834
1.60167
3.20392
3.34287
-1.39845
-0.668139
0.270361
0.0306337
0.200087
-0.194618
-1.61033
-0.220746
-9.12425
0.137882
-1.21357
6.59611
-8.82778
1.98735
-0.960705
-2.3217
1.01887
-1.92619
0.385302
1.4035
-19.2383
0.411016
-0.0249073
-0.202991
-0.955144
0.358207
0.831102
-0.894663
4.99651
-0.36856
0.00968914
0.663187
-1.2308
0.319884
12.5457
0.785482
0.0628875
1.57412
-0.0211223
-2.89006
-1.52996
0.234517
0.168872
0.648887
4.32855
-1.85932
-0.29792
2.36116
0.255193
-2.86966
3.20896
0.497928
-0.4832
1.56829
-0.747313
-0.328064
-0.0363011
1.84293
-1.05375
23.101
0.030618
-9.11351
1.47479
-3.17419
-2.99101
-5.11122
-1.28069
0.0889231
-1.83607
0.711489
0.403519
1.46174
-2.51018
-0.135211
55.6847
1.19278
0.577958
0.722861
-0.401612
1.17157
1.53309
-2.63507
-3.56543
-70.6636
3.51291
-0.413993
-21.647
-0.261398
-3.19918
-0.746182
-0.0814778
3.65143
1.25174
-0.5384
-0.383292
2.6179
0.192188
0.197133
-0.578394
-0.207288
1.02565
8.42498
0.601115
6.04738
0.260728
0.764856
1.35922
0.213596
-0.461899
2.89118
-0.295249
-1.49226
0.371408
-38.8339
-0.317141
0.467292
0.464554
-4.58954
2.17592
0.466474
0.506697
1.18113
-0.86312
21.1957
0.308795
-16.6365
0.449689
0.451756
6.35239
-1.20907
0.703313
-3.34505
-0.575937
-0.60986
-0.145512
-0.601966
976.514
2.0827
2.30511
0.452558
-6.65412
1.73182
3.38767
0.0955777
-0.733063
0.417539
-0.161741
-1.72015
0.143722
-0.861667
-5.524
12.6985
-0.0416405
-2.40971
-0.840522
1.17056
0.239716
-0.81733
-0.393511
-0.128589
0.998625
-1.52622
-0.880766
1.66522
-0.450972
-1.57735
-0.716555
-2.05094
-0.419032
4.11444
55.9784
-1.04619
-0.469503
8.11618
-0.992037
-9.43007
-4.49452
1.3751
0.831212
0.156633
-1.05112
-1.06351
-0.157623
-5.94113
0.869738
0.0305923
1.71317
0.094569
23.4915
-0.771157
0.167539
-0.229342
0.226376
-13.2216
2.59634
-2.47937
-0.550323
0.451582
-4.44567
-0.727792
-0.107744
2.21885
-0.0051382
0.540781
0.130743
-2.43865
3.20417
0.346718
13.9672
-2.20885
-0.945648
-11.0125
-19.8378
-1.28952
-0.873421
-0.0653735
-1.72076
4.45303
0.292575
0.492778
0.241969
-0.540384
-0.876379
30.0751
2.19372
-5.89592
4.74583
0.101115
0.289237
-3.64973
1.83731
-1.41527
0.591752
0.756827
-3.30473
0.0912622
0.238939
-3.08077
4.21644
0.065415
-1.40111
1.90996
5.42094
78.67
0.159426
-0.808947
5.02503
2.9542
5.92686
0.668904
-6.06868
2.0716
-15.9382
1.47505
-265.172
1.22818
-0.46498
0.893473
-3.23234
-0.442413
3.32835
-0.795757
-52.4248
-5.16082
1.82824
34.8917
3.95319
1.48294
0.299882
0.0141872
-0.0242513
-5.22292
-0.262336
-0.0209118
0.0939136
-1.93701
-1.59505
0.810443
-0.694037
-26.7503
-8.93507
-3.5192
0.684339
-3.45657
-1.47545
-27.0322
-3.99081
2.07357
-1.75775
2.44317
-15.9014
0.275022
0.478169
-1.73551
-26.4005
-0.803757
33.6992
-1.80069
-5.46045
0.487941
-0.0714806
-5.54387
3.7944
0.00143928
0.228599
-0.126724
-0.622207
-1.01916
-4.73548
-0.692074
0.074528
-0.675145
20.9025
0.215064
-21.6451
0.636517
-1.1479
-4.97565
1.82963
0.697007
-0.299011
1.08978
1.3048
-4.55338
0.0738101
-2.84728
-0.788808
0.831466
-0.2097
-0.9123
0.218999
0.303337
2.24494
-0.46701
0.482109
-2.34398
-2.64815
-3.59176
1.16427
1.67555
0.259185
-0.727598
-1.69982
4.09478
3.41232
-3.36421
-1.45637
-0.579761
0.0932902
0.23928
1.32128
-0.550966
-1.03096
0.0819416
0.695995
0.05195
1.36333
0.0484482
-0.194661
-1.51652
0.531063
1.19787
-0.382724
-0.222551
1.76788
-0.714092
0.108969
-0.62306
-7.23134
-4.041
1.62924
5.7034
-0.763726
-1.02649
-0.638988
-0.713294
-0.214474
0.38168
0.534604
-3.32711
-10.8364
1.46245
-2.6865
0.417252
-0.473454
-7.48096
-3.34088
-0.682531
-0.341843
3.52413
-4.64971
0.973143
-3.36516
7.73337
-0.602683
-1.35324
-0.117085
0.863586
0.481702
-0.00754512
0.765996
2.64007
104.529
-0.760518
-1.64276
0.60188
0.787449
-0.370888
-1.54958
-0.246836
0.433112
1.29533
-0.840886
-2.12503
55.8843
0.641891
-0.809211
0.455967
-0.488235
-1.17799
0.804754
-2.3241
-0.491468
-0.580891
10.7878
0.404539
1.44629
0.0214361
-0.031833
-0.290985
0.570902
-0.372291
-6.4259
1.72796
2.82352
0.383579
0.597342
0.689753
-0.80687
-1.60702
-0.55995
1.67048
-1.94883
-0.106219
1.57832
2.60378
-11.4086
-0.116137
-7.12088
-2.15202
-0.441765
0.594797
-0.0755133
6.58807
-7.10714
-4.21975
1.30736
0.250108
-0.0272314
-2.01443
-0.215377
1.88341
-0.585221
0.128704
1.54459
0.662959
-1.94879
-2.03845
0.931399
0.179153
5.16104
0.965753
0.441984
1.02753
-0.702203
-0.325142
-0.813174
4.04797
-0.595937
-0.153511
1.99881
-0.886507
0.477238
-53.7243
0.877084
0.774501
0.814471
-4.45675
-1.43696
-0.709704
-0.359564
-1.7918
-4.34819
-4.73657
2.90092
6.60387
0.69991
-0.343565
-5.64477
0.53167
-1.01518
0.622363
-2.20686
-1.48585
-0.867534
1.24189
-3.56381
-1.97072
-0.212648
2.82837
0.177824
0.568728
-0.371517
0.369405
0.747827
-4.79682
0.582565
0.971979
-0.288487
3.56467
-0.506803
-0.0997969
1.3199
1.15712
-0.560854
0.380794
-0.210115
-0.499893
2.89277
-1.64076
0.443019
-1.72494
0.321957
-3.8164
-2.10094
-1.09084
0.841268
0.369506
0.394773
-1.79044
0.384291
8.74135
0.0648085
-19.0307
-3.74047
-0.0222498
-1.52125
-0.461502
1.2025
-0.157091
4.13107
-0.0776419
-2.39027
-1.8485
-1.35573
0.94334
-3.09855
-3.14891
43.4983
-20.1959
0.573407
-0.238552
1.34503
-0.272462
-5.04061
-0.291766
-1.09102
1.53884
0.536072
17.8163
-1.43911
-52.5883
-0.634438
-0.981927
0.691818
0.133226
-16.1407
0.825297
-165.465
1.68295
0.00288241
-1.42749
2.57944
0.0957874
-4.17221
-3.20395
0.133619
-0.976774
1.15486
2.34231
-3.64935
-1.65073
-0.583594
-1.16737
-8.49637
0.0792683
0.00293695
1.8045
1.1231
39.0736
-1.12762
-0.53433
0.312881
0.623687
0.704843
-10.1003
-2.64028
4.84703
-3.5633
0.722035
-1.55217
-0.113994
-1.53982
-0.591561
-2.45448
4.44873
2.34865
-0.926155
0.27926
-0.939922
1.68651
-0.701336
1.93814
24.6345
-0.0955769
-0.211737
0.120113
-0.737293
-1.08249
-1.20645
-0.438221
-0.975784
-3.8114
-5.27988
-0.846175
-0.0758802
1.11108
-0.159915
1.22534
0.812174
0.042293
1.85738
-0.0214233
-2.33825
0.10713
19.7395
2.40877
-0.0244563
0.327313
-0.302657
-13.9732
-3.36204
0.826818
0.795433
3.42133
0.617106
-0.531524
-0.135053
-0.763652
-9.87397
0.22323
-2.26775
-0.190893
-10.7464
0.450424
1.26322
0.718008
1.54093
-0.0859314
0.876758
-0.637448
-3.23776
-1.04379
13.1928
-0.589483
-0.388283
1.36607
2.12428
0.633079
-2.43009
-3.04203
-15.7726
-2.94972
2.35422
-10.6544
0.22853
-0.248327
0.180145
-0.421932
1.2869
1.6836
2.48497
2.235
4.63257
0.918615
10.1155
-0.0352329
-11.0706
83.8711
-0.185104
1.34809
0.457408
3.55579
-6.86365
5.09254
-0.250779
-0.496228
-2.564
-0.996373
-0.628756
-1.86047
-0.584073
0.473205
-0.150075
1.02794
0.360868
0.818716
-5.70131
0.14775
0.329815
0.022021
-0.269328
2.72137
0.315865
-1.27228
-0.0331633
-24.2148
-0.337818
-0.835251
0.878145
1.79339
31.0815
1.30768
1.81354
-0.693359
-0.610304
3.58843
-3.14732
-0.786441
2.62089
-7.4628
1.58845
-1.50973
-1.34261
5.97244
-0.0459366
-7.09203
-1.5728
-1.45852
1.61946
-0.818258
20.7942
-0.589246
0.839521
3.09212
0.494604
-1.77557
0.0599343
0.623801
3.27671
-0.103327
-2.52893
-1175.13
-2.90197
2.87891
2.96961
0.527112
0.334004
-8.66424
-1.35913
-8.14001
0.170948
0.912644
-0.637235
-0.376991
-0.0081801
-3.77478
-2.72447
-1.5229
1.1372
-0.120489
-1.71661
0.777568
-0.550704
0.500474
0.0838493
-11.5882
-0.478106
-1.40383
0.00452696
-1.23615
-0.884076
0.399472
-5.92594
-1.44186
-0.128274
1.20017
0.0984255
-0.248427
-2.3682
-1.78641
-0.570165
0.0924309
-7.4456
-1.13386
0.494882
-1.27414
-2.63496
-0.625065
0.995866
1.6412
-6.22112
-0.206343
1.38638
-3.72318
-21.1451
-1.2823
1.26657
0.113369
0.607505
4.81873
1.66441
0.575303
5.25386
7.91236
-4.41585
0.801929
0.749459
-0.475269
2.82683
-0.835809
0.209949
-13.4201
3.0343
-1.65538
-2.59256
-0.137731
-3.41332
0.268887
-6.19004
0.651307
2.11194
-1.12761
-0.0833657
-0.594793
-0.513222
12.8483
-0.141146
3.29736
-2.7336
0.0319784
-0.599779
-0.911
8.42132
0.312946
-0.03718
0.743415
-2.72869
1.06048
-0.80318
0.147154
-0.134203
1.03095
0.754769
-1.2461
2.56527
1.09566
-2.45471
-0.668674
-0.485001
1.67101
0.339283
-0.16592
-0.000945116
1.69286
1.98406
-5.29006
0.64247
0.00471995
4.56046
10.6093
-1.18169
-1.10603
0.91033
0.50268
1.17124
7.7942
-7.30188
-0.0860328
-1.779
1.2289
-3.92465
-79.9191
-26.0658
0.197385
0.882457
3.33327
-0.24642
1.55976
-0.412957
-0.00232782
3.31314
0.275916
-0.0958963
1.47438
18.0795
0.0590007
0.206101
-1.11296
0.424146
-2.51571
0.82824
2.3168
0.0725025
2.17102
-0.212111
-1.80748
-2.17713
0.505621
2.77988
1.17706
0.607141
-0.009429
-1.23324
5.34771
-5.17017
-0.305414
3.6656
-0.372538
-0.185363
1.29991
-0.332297
4.18538
-1.82052
3.28018
-1.83458
-7.22609
-8.16844
-2.3043
0.583827
-0.235023
0.507049
-1.63334
-0.301799
-0.697026
-0.12163
-2.19918
3.61005
1.73444
-0.509463
0.438256
19.6458
-1.11938
1.52897
-9.86972
0.212378
-170.139
0.104149
6.10801
-0.779384
-1.43274
-0.947704
-1.93352
-0.354333
1.22308
-0.438197
-0.555336
-0.204208
0.397373
-0.984257
4.57101
-4.48994
0.0963634
-1.04178
-13.8679
0.104575
-3.01064
-3.09397
-1.70334
1.65318
-1.95745
-1.42299
-4.1814e-05
-0.811919
1.56994
0.103305
-1.6215
0.283187
22.0945
-0.986251
0.510092
-0.713568
13.8804
-2.66882
0.495784
-0.0702379
0.682106
-1.31301
0.588768
-3.50113
-1.466
0.151472
0.318169
-0.922443
-1.47752
-0.385514
0.642088
-2.11619
-1.40302
-21.2076
0.133924
-13.3571
-0.712765
-0.274283
-0.348967
-1.6085
-1.52383
0.317118
-4.58282
0.215217
4.91572
-1.84169
0.0237705
0.533117
-0.0927561
3.35342
0.3174
0.580074
1.80604
-1.27117
3.58771
-7.3707
1.99687
1.46715
-19.0375
-1.20064
-18.616
1.3645
-0.120399
2.78831
1.35413
-1.42041
0.149309
3.02988
-2.59902
-13.1149
-0.083243
0.13217
0.319704
0.415252
1.83235
-0.346882
-0.347458
-2.15229
-0.0154477
-0.319852
-1.52681
-0.963786
-0.826529
0.302502
-0.354467
-2.30089
0.340896
-1.22736
0.698186
0.203524
-0.661226
0.739076
-8.56007
2.24395
-0.140742
-1.92273
-2.39308
-1.56431
1.35739
0.742233
1.08057
0.69072
1.82589
1.24974
25.8832
-0.596433
0.338996
18.8278
1.02776
1.84695
3.26341
-0.842062
-1.20507
0.216933
-0.550019
0.400326
-0.388212
-0.623788
-0.516401
-0.338125
-0.0231417
-0.276869
-0.450001
-1.07602
-6.65985
-0.119837
0.736331
-1.47496
-2.4982
-46.8316
1.09714
0.58774
-1.5715
-0.93329
1.80733
3.67546
23.0251
-0.561187
-0.0325189
-1.65725
-0.472401
-1.56987
41.0217
-3.14285
0.243559
-0.449684
2.14144
0.808442
-0.913937
-0.585643
0.402001
0.579139
-2.19365
0.417314
-2.18611
1.29952
-1.85387
0.457023
-2.29838
0.438365
-0.749112
-0.0194213
2.29465
1.6369
1.55477
-0.520955
3.22563
-0.514978
-0.534387
-0.163758
0.774174
2.37514
1.17174
0.46695
-0.813676
-1.0521
-0.479983
-1.15574
0.151389
3.14693
0.839096
2.81452
0.317312
-1.51924
4.66196
-2.20701
-0.983891
-4.39777
12.7196
14.3051
-1.17151
-4.53602
0.181177
-0.685656
-0.0798932
-1.55188
-3.43871
-1.87723
0.508317
0.715855
0.393981
-3.53883
-1.75794
-2.12746
0.224419
54.7164
0.14177
1.72351
-99.444
-0.24674
0.241781
6.76676
3.46993
1.59588
2.0791
-14.4665
1.74276
1.36231
-0.180443
-0.713831
-0.314451
1.64922
-4.09358
-0.651532
-0.416829
3.77914
12.2642
-0.123164
1.52698
-0.0862862
-1.04509
-2.2421
-0.254965
-0.463359
-0.591669
1.55902
-1.56915
-0.358385
0.154504
-0.176449
-0.361434
1.05924
0.654644
0.18391
-1.4729
-1.70519
-1.95697
-23.7158
-10.1014
20.4034
0.559594
-0.614389
2.94908
0.56474
-0.820221
0.102302
0.40764
0.462531
-0.802065
0.828442
0.063504
-0.601769
-0.420634
0.0650238
13.4943
2.46961
0.760829
0.0499302
-1.39594
1.3182
-0.130975
-2.32657
0.453742
-13.1711
1.00306
-1.79551
0.0076068
-3.96462
1.16038
1.35356
-2.54021
-4.46433
0.314725
3.17684
-0.525768
-1.34296
-0.113512
1.18285
-3.11938
-1.38712
-0.707129
2.12155
0.329925
-0.539071
1.07068
-29.7544
2.3486
-1.69943
-0.178436
17.4457
-0.589633
-0.0649912
-2.1384
7.24759
0.656324
0.159439
-3.83852
-2.00571
-0.123272
0.264374
-1.23745
0.128261
-4.39908
-0.0605203
1.68656
-0.053174
2.54912
1.4902
-1.8743
0.0778226
-1.95521
-0.587763
-1.0723
0.631273
-1.16527
-1.52163
-0.505676
0.288786
22.7065
0.439756
-1.15351
1.97374
0.94109
0.721914
-0.151253
-0.173661
1.30891
8.16966
0.321328
-3.43334
1.45493
1.88048
-0.123727
-0.759906
0.13227
0.170881
0.834866
-2.22315
-0.565425
388.974
3.51641
0.252122
0.456749
0.954228
-0.551693
-0.663754
0.487164
-0.325275
-25.3543
0.34113
0.9055
1.02432
1.04152
-0.327632
-1.29234
-0.557995
-0.348962
0.840801
0.380135
1.77839
1.95193
0.0208725
2.29288
1.52645
-0.0399777
0.371402
-0.167435
2.2776
-1.18626
-0.862237
-0.595177
0.664588
0.0760597
1.00411
0.863354
-0.0762692
-0.793605
-1.1034
21.1181
0.0756081
0.264908
-0.921034
-1.01629
0.651673
0.219528
-1.39798
-0.158243
1.76025
-5.44125
5.66951
11.3253
0.920075
-0.827911
0.092132
-5.46406
-6.60265
1.05399
-0.47883
2.49418
-0.210734
-5.97657
1.43291
0.147094
0.24471
-4.91032
-0.0734682
0.773816
-0.793345
0.307293
-0.350791
2.20936
5.28533
-13.1576
-0.0139067
1.0599
0.0116701
0.473613
10.4018
-6.62231
-0.520038
0.15191
-1.11585
0.651071
-0.716274
4.45197
-8.62962
0.339685
0.9612
-2.69
0.57647
0.408129
-0.485597
-0.354965
10.7389
-1.64695
37.2498
1.125
-1.47794
-3.14595
0.483749
0.911909
-1.08316
-0.424953
-0.649102
15.1742
-0.0831904
-0.738138
-0.242993
-1.00401
-4.05241
-0.472387
0.468973
-2.31843
9.9646
0.590483
-3.27282
-4.58672
1.14568
1.76614
0.94256
-0.696358
-0.874508
10.6597
0.770682
0.232051
0.390639
0.0267461
0.153751
-0.122461
0.969198
4.38528
3.70789
2.28476
-66.5419
3.87141
-0.469893
2.31589
-5.5874
0.335304
-0.28343
1.30392
-2.09307
-0.809148
5.41992
-2.16713
-3.266
-0.141236
-0.75984
-1.62567
0.0704918
-0.16662
-0.864585
-1.32367
4.12264
0.217286
-1.10496
-21.5503
3.47752
-1.12695
-0.333432
-1.0249
0.585262
-9.92091
-0.0574788
-0.527705
0.188537
0.340587
-0.712753
-0.809082
-2.12921
-1.25799
3.11156
-1.03431
1.18001
-0.856297
3.17432
-1.29781
-6.95789
1.11467
-1.49768
1.41221
0.317717
-109.707
0.865849
10.437
-3.25592
-2.86688
0.308305
-0.33313
1.56003
-1.00027
-1.63307
-0.809025
0.131421
154.057
3.42287
0.0131808
-2.82696
1.82758
0.00239635
-0.275226
-0.163958
-6.58175
-0.820972
-0.200205
-29.39
-0.332134
0.141576
-3.95189
1.14172
-0.33348
0.0623584
-1.16249
-0.0659024
-1.06326
-0.283482
-0.295884
-1.81714
-2.48779
2.45649
-0.228634
-1.17111
0.844536
-3.66972
-0.998621
2.93625
4.21157
3.27971
0.53821
10.414
3.00449
1.34569
-0.507391
0.40388
3.66921
0.600956
-0.0734446
1.23326
1.32915
0.736244
-0.371
-3.42587
3.01294
-6.34779
-8.16577e-05
0.495722
-0.74501
-0.282253
0.0143247
-1.82506
1.37781
-0.864141
-0.287659
-41.2069
2.27414
-0.117349
-0.528777
0.334426
0.240833
0.399861
0.432865
2.11509
-4.98843
-3.35761
1.76126
2.85481
-3.6204
-0.827686
-0.227519
-0.691632
6.11931
0.116817
1.41631
-0.953421
1.00659
1.07395
-1.50103
1.52108
-0.875168
0.64678
-0.0423624
-1.92221
0.358596
0.538899
-2.08917
-1.67593
-0.253928
0.546889
1.36484
-0.0486283
0.0250012
-0.299509
2.44182
3.75123
0.881414
-1.67731
-0.309836
6.21969
0.315968
-0.379358
-7.24164
2.23511
0.146124
-0.290929
0.496277
-3.02918
0.881073
-2.39078
-0.932966
-16.8308
2.24691
-0.0868771
0.64803
0.158605
0.851597
0.497757
1.11631
-2.87629
0.158798
-1.61347
-0.0436356
0.320245
0.336595
-5.20269
16.9767
0.567525
-7.70765
-0.0511631
0.248159
-0.994986
9.72732
-1.00355
8.80734
-17.0971
-0.519322
-1.12947
6.1713
0.443357
1.68268
1.96244
-1.96647
-1.09058
0.836385
-1.16346
-0.423834
0.357734
0.342476
-1.16667
0.0237062
3.67469
0.84308
-4.10321
-5.91678
-0.0126169
-0.154558
-0.78166
-1.3237
3.68581
0.918815
0.52374
5.65412
-5.8716
-2.13515
0.0249476
0.922055
-1.10327
-1.4256
2.57297
0.879522
-0.37897
4.21183
-0.349973
1.0682
-0.0619885
-23.587
0.72351
0.668483
-1.4947
-1.29329
-0.931895
-0.246029
0.652066
-0.0527885
1.05362
-0.377371
-0.309032
20.1434
-5.18284
-2.89307
0.277356
1.41068
-0.732124
-1.15736
-0.0674387
-0.21728
0.712128
-1.51529
3.2908
-0.178926
1.51364
-0.741308
-0.157991
-0.521732
0.240727
-0.918857
-0.640478
0.266564
0.772831
-2.62371
-3.99768
0.439399
-0.649277
-1.31593
0.673174
0.16835
1.17073
0.817812
0.0688611
0.969269
-2.06671
0.562029
2.5042
1.1561
0.119321
-0.84332
0.886865
-3.19793
-1.63475
-0.359291
0.681184
4.78459
0.189812
0.424022
-1.93462
0.972755
0.0479301
1.22505
-0.935289
26.8508
1.57352
8.04461
1.50197
1.67158
-0.542363
-1.29141
0.827893
0.401813
5.5678
0.341876
1.52161
-1.5301
-2.78515
0.754181
-0.62025
-0.605054
0.015902
-0.473632
-2.36754
-6.28641
-5.16066
0.7437
0.806262
-23.2992
-0.160439
0.209897
-0.574922
1.17794
2.72448
3.14033
-1.81866
-0.0508223
0.230769
0.179723
-0.603754
0.521465
-0.162233
0.0142915
-0.324024
-0.142269
-1.52265
-0.431329
-0.395383
-2.31457
-0.326958
-2.97381
-0.916903
0.665688
-9.38567
-0.730027
-0.331002
0.17545
0.642338
-9.56593
0.136576
-2.88307
0.362862
-2.48681
3.32685
0.25565
0.332598
2.02667
-0.938627
-0.50185
-1.71148
-1.00611
0.262365
29.2688
-1.63983
0.625141
2.74282
1.30084
-5.64678
0.480634
7.12125
4.3454
0.0950952
-1.48768
0.83241
0.650016
0.737121
-1.41044
-5.69934
2.104
0.747825
20.1002
453.776
0.300566
0.964475
-0.276985
1.11559
1.01735
1.0713
1.28626
2.62283
0.589182
-0.436354
1.04853
-2.21537
-0.212704
-14.3704
-15.6135
-0.254726
0.214801
7.20334
2.10584
6.63467
1.2524
-1.63255
-7.77111
0.44194
0.00801448
0.163837
1.32081
-26.278
-0.419449
0.0805044
1.69656
11.4909
0.485438
1.61559
-0.203737
0.0486064
2.20508
-0.0541817
0.559284
-1.46153
1.24813
-1.52853
10.2399
1.24743
-1.16534
-0.202985
1.46358
-1.14617
0.948028
0.0659862
2.24658
1.6255
1.56875
-1.63788
0.778825
-1.97346
0.448349
-1.00213
1.88084
0.785747
5.98921
1.52968
4.27876
0.676678
3.25124
-0.999166
-0.137019
3.49473
0.0696749
3.53349
0.24712
-2.38833
1.10745
2.82713
9.74245
-0.821036
0.837954
-0.092067
2.02989
1.00204
0.281337
-0.646839
0.27011
-2.06466
0.0727471
-0.555459
-0.284778
0.667501
-0.288836
-0.246368
-0.572838
-0.280952
-1.03886
-8.72635
-121.248
0.061055
0.363824
-2.04455
0.81683
-0.334362
0.223424
-0.924112
-7.64937
-6.44184
3.46513
0.431008
1.19702
0.61509
6.02967
-0.406596
5.35926
-2.40422
0.54859
-9.55313
3.61817
-3.69962
-2.42487
0.930683
0.273221
-0.00597949
-1.93463
0.738545
-0.598037
0.501689
1.40049
1.99487
-1.07365
-0.110208
-0.00926397
1.24657
3.26075
0.117354
-1.21295
-2.6383
2.61179
-0.587421
-0.743031
0.589066
-3.12596
-5.58637
-1.63109
0.567129
-1.60603
-1.31875
1.26237
1.74588
0.689325
0.297835
-0.662304
-3.63315
-1.15433
0.335594
2.38611
-1.84953
-1.55135
4.33625
0.86859
2.48554
-5.5858
-0.466586
8.58941
0.30089
-1.5638
-3.84394
2.57893
0.145471
0.886141
-0.0390017
-1.70806
-0.243534
0.113931
2.15636
7.80837
-3.93802
-0.772417
5.41715
-0.970065
7.25269
-68.4556
0.870378
4.85887
0.585905
0.807352
-1.48933
0.682782
0.00381033
2.51005
0.325922
-3.19913
-1.40399
1.11276
-2.5505
9.44948
0.604115
0.425871
7.58233
10.7286
-1.501
1.76119
0.555711
-0.182685
0.367591
2.00452
0.869754
4.76094
24.0973
1.45676
1.03858
-0.191499
1.15201
-0.4369
4.02399
-0.938933
-0.948444
0.54247
-5.36657
-0.445905
-2.20605
0.878872
-0.581934
-0.588173
2.56835
-0.923563
-37.2988
5.1122
-0.401027
-0.689023
6.00972
-9.09632
0.222427
5.03445
0.29946
-0.668184
0.766338
-1.35844
0.438733
-3.05035
2.95668
13.3691
-1.063
0.355242
-0.8172
0.451936
1.19077
1.89906
-0.195356
0.836336
-0.381949
-0.76061
-0.0322559
-0.0376559
-84.4781
3.43414
-6.87409
-0.524128
0.157239
-0.867786
-2.762
-2.67746
1.8536
0.0258727
0.146232
1.09633
-1.62789
0.287719
0.345648
-0.393169
0.728719
-0.188871
-1.93849
-0.787646
0.0507586
4.56483
-0.217886
2.04264
-51.1531
-1.11371
-2.92242
4.93042
-24.4024
1.82009
-31.1462
-2.54371
0.253981
-1.58284
-4.32144
0.727369
0.181083
0.132756
0.413228
0.119626
1.77262
-1.95059
-9.69152
-12.4415
0.821619
0.340328
-17.2386
-1.12967
0.88933
0.0931832
0.413893
-1.40756
-8.85381
6.60727
-3.27674
-0.567733
-0.454833
-5.22518
2.70159
-2.12988
0.144332
-3.70939
-1.5827
0.127811
-728.717
1.04833
0.670548
-0.998889
42.5195
34.8338
3.01666
-0.381875
-0.289851
0.159146
-2.22012
-0.316571
-0.947948
3.83046
0.0125577
1.88031
-1.06872
-0.300055
3.34859
0.558135
-1.20006
-6.83913
-4.48535
0.0964053
0.924832
0.398411
16.8984
-0.369093
0.711581
-1.14314
145.847
5.54373
-0.464543
0.562666
-10.4699
0.703748
0.238745
-0.0949733
0.196686
0.460791
-0.3857
-46.8586
-1.58781
0.698548
-0.26582
5.98517
-0.711952
0.0439474
-3.49929
0.12445
0.536254
15.6783
-0.0727348
1.72022
2.86938
-1.21372
0.889661
-0.175774
-12.5747
0.220595
1.24673
-1.08155
-1.73066
0.0833925
2.25893
0.60262
-0.990229
-10.9798
1.06405
1.21355
-0.932789
-1.32853
3.25352
-7.33798
-0.587945
-0.823431
-0.103296
-0.503136
5.52259
5.48595
0.235398
2.86683
1.8673
1.42057
1.37281
117.174
-0.45573
-0.933343
-0.630209
-0.829298
4.16653
1.50391
2.50286
3.11608
0.176654
-1.46733
0.630061
0.223137
0.709865
1.65423
-0.371858
-1.46998
-0.346082
-0.805604
-1.37302
-0.0708291
-3.08628
-16.9561
0.0401609
2.15594
-0.11626
-1.00736
-0.596208
-0.444293
0.64331
13.2878
-1.43802
-0.252279
0.537368
18.4716
-0.450371
-0.439343
0.0440789
6.09148
4.69523
1.22652
-9.76337
0.553598
0.380156
0.574096
-6.13554
-0.263757
-3.92998
0.946694
-1.78735
0.621635
-3.7486
-0.20815
-1.46136
1.16129
0.637955
-0.0832546
1.01204
2.33681
0.703591
0.101388
-2.24872
0.424774
0.441336
0.716963
1.01771
-0.49659
6.3441
0.375519
-1.92934
-0.785471
-0.556221
-1.14873
-0.16452
0.89421
-1.20495
1.19603
-3.58925
-0.492815
-0.561014
-0.466681
-40.2486
-1.28541
0.600815
0.214216
-390.176
-0.574975
-2.85954
0.297994
-0.170936
0.368867
0.204235
1.76848
0.167233
-1.45883
-2.37066
0.0586587
-1.67327
-0.513934
1.49029
0.877255
0.0473769
-0.0294026
-0.0545651
-1.43247
-0.24503
-13.2394
-0.681403
3.81624
-0.253929
-21.5663
0.212216
0.636711
-28.9637
1.84567
1.65842
-1.13387
-2.4583
1.35686
0.244196
-1.10789
0.822869
-11.8074
-4.18883
0.499261
0.531496
-0.310885
1.1417
-0.00460943
1.07624
2.07705
0.462356
-4.33877
1.88474
21.8268
0.427912
-0.787978
-0.109058
-0.812984
1.44547
-0.269435
-1.27576
2.40626
-0.31518
-0.582909
-0.769673
-1.30895
0.456542
-12.2006
-1.77528
1.58946
-1.77568
0.283624
-0.51077
0.531051
2.00677
1.75912
-34.2392
3.65234
3.36999
-0.57568
0.444975
-1.31499
-4.03104
0.178847
1.01255
-1.18758
0.255429
1.73887
0.300039
0.538734
0.343433
-8.33458
-27.5199
-1.33566
-2.00378
0.894362
-0.332991
-0.815321
-964.925
-1.09785
1.47323
-8.19436
0.678483
-1.16648
0.265259
0.383017
1.95286
1.6977
0.505298
-0.705461
-0.964444
0.540328
-2.68325
-1.44262
-0.936592
24.3357
1.8844
-3.78158
-0.299736
-1.51349
1.38837
-0.243006
-2.21086
4.94134
1.23603
-1.47516
9.72035
-0.624173
1.1525
-2.76502
-0.685284
0.797652
1.68814
-2.48749
2.22471
0.177202
0.885196
-1.55751
-0.698894
2.37353
0.86419
-1.02793
-0.472326
-0.627862
0.892845
-1.26741
-1.92275
-4.26502
0.278165
-1.37933
0.718731
-4.0456
-0.226233
1.05309
-0.182225
0.456561
-0.11426
-28.1847
-1.40702
1.61796
1.51362
-7.05052
2.98008
0.713367
-0.27389
-2.94945
3.16178
0.444234
-0.212893
0.229563
1.69197
-1.20462
-3.12306
-1.10186
-2.05362
-0.804055
-3.92875
-6.36458
-0.0270493
1.49691
-2.86811
-0.491046
0.746972
-0.410709
-0.513598
-1.3551
-8.44566
1.02524
-0.667453
-0.935367
-6.97993
9.43911
1.83279
-1.09497
-0.195023
0.146047
0.552754
-4.62134
0.0812181
1.17986
2.33207
-1.76547
0.0702456
-45.5456
0.0869062
-104.174
-0.173699
-0.22975
-0.621113
-0.120642
0.0705633
13.4217
-0.363007
2.18047
1.10417
0.695656
0.256864
0.707035
0.959199
-2.92673
-0.58051
0.151708
-0.587342
-0.783477
0.24676
216.578
-0.118777
3.55178
5.03848
0.214399
-0.410262
-5.96194
0.703787
-0.456299
3.91441
-0.684647
0.0803358
-0.731612
0.44337
0.634199
0.734722
-1.67492
1.75698
-44.6657
0.422936
1.67738
-0.362058
0.452637
-0.480115
1.48147
-2.86133
-0.670991
2.04942
3.93157
-2.47891
-39.0249
0.824854
-2.29045
3.96946
0.161368
-0.421112
-0.578582
3.64983
0.880267
0.929986
0.504088
-18.8405
-2.26754
0.493609
3.1971
-22.3845
2.42413
1.34321
0.566864
-2.17447
2.44351
-0.141317
-0.000243897
0.734811
0.064645
-3.75594
0.103617
-1.19997
2.36403
0.813482
-2.60649
12.9038
-0.286442
-0.0429129
2.27972
0.0673289
0.845184
-0.418823
0.565421
0.585886
0.333923
-0.0450939
-51.5973
-0.348965
0.992094
1.89615
-3.64279
50.8178
-3.88911
0.509549
-1.11742
0.198513
-0.819568
-0.0114771
-0.139967
-0.991543
0.689688
0.396411
-0.593568
-0.257828
-4.94358
0.326763
-0.306933
-0.186579
0.0582942
1.89901
0.892974
4.21781
0.261176
0.348641
0.509609
0.363144
18.6926
-0.909607
0.86541
0.265571
0.753463
0.750046
0.33114
1.11503
-0.968165
0.560488
2.61506
-1.21189
-0.320931
-4.62554
0.404851
2.27915
0.528748
2.77614
0.83413
0.128828
-0.499666
-2.05308
0.109113
-2.65285
-0.0590034
0.940607
0.0810679
-3.05098
0.229371
-1.54144
-13.7883
-0.753248
0.722162
-1.399
-1.63989
0.450472
-0.991879
14.7579
1.03271
0.768413
35.1515
-0.27701
-0.395593
0.120345
-0.0854848
-1.09849
-0.330086
-0.380134
0.413495
0.523424
2.04866
-0.277184
-2.94289
2.3298
-0.955781
-0.694271
1.47927
-64.9703
-14.5657
-1.36528
1.30676
2.21478
-0.0262349
0.428994
1.05801
0.247562
0.179971
-17.4485
-10.104
49.2746
-0.466987
1.19037
-0.791895
1.88915
-1.15593
-0.952375
2.36688
3.75903
1.2972
-1.35836
0.603641
1.54813
-0.176777
-0.341705
2.2472
-2.75584
-31.0945
2.83221
1.48347
-8.30615
3.16163
-0.045086
-85.1891
2.33239
2.63998
-0.710464
-0.0185694
-1.29303
-0.246444
-0.231521
-27.3684
0.33756
-5.23277
0.393503
0.547909
0.52704
-2.60541
5.70069
0.420837
-0.325951
-16.5355
-2.05601
0.271867
0.530243
1.05483
3.75956
0.184933
-0.786472
0.337043
-11.207
-1.28721
7.19441
-18.3971
1.31183
-0.415929
-0.986468
0.563887
-0.359694
4.12626
0.685286
15.6828
0.892223
-2.68241
10.7485
-1.67981
-1.70949
-2.13035
5.48944
-1.34561
0.935844
-2.70888
-0.502841
0.160919
2.83594
0.55302
0.515409
-4.04692
-0.592164
0.0808717
-1.21086
3.86033
-0.810629
0.0912238
2.46994
5.27745
0.409992
-0.191559
-0.279702
1.72432
0.489369
-1.01301
-0.140516
-1.89388
2.86307
0.0365279
-0.212038
456.397
-1.35731
0.0161091
0.123677
-1.1717
-1.99888
1.30669
1.35919
0.511349
-2.69959
-0.508799
-1.38614
2.71919
1.01331
-0.352666
0.726121
-0.503884
-0.886133
-0.0701188
0.591992
2.58207
0.738245
1.70599
-0.837551
-1.23167
-12.7313
0.762162
-2.64461
0.140675
0.454388
1.90381
0.317155
0.715189
-20.1997
-72.9379
-0.157192
-0.112141
0.596871
11.0104
-0.776289
-1.43813
-0.572485
0.0346594
-0.888167
-0.325773
1.35321
-0.761017
2.23561
0.978553
-4.21144
-6.24049
0.472405
0.714759
-0.521353
1.7206
0.756623
-108.402
-0.858025
-12.5035
-0.368112
-6.51268
0.683835
0.998368
0.222553
-0.182542
-0.387134
0.992046
0.569608
1.59109
-26.358
1.49969
-0.680081
4.27781
-0.730419
0.0368949
-0.156808
2.40815
-0.680123
-1.72396
0.88485
0.278037
-0.443427
1.15322
-2.08306
1.90266
-2.80036
-48.36
-3.30818
0.457875
-0.76827
-0.0714835
6.19426
-0.279611
0.412394
-0.668445
-0.471472
-0.116187
-0.158054
-0.15578
1.9072
-5.93175
-3.66046
23.2331
27.9629
-2.36596
-7.96861
1.86331
0.910701
5.12537
-2.08209
1.12388
0.399259
0.086194
-2.02845
30.0709
0.136343
-0.248504
1.53115
-0.198294
0.858978
-1.26512
-0.086269
-1.85729
-0.0968765
-1.01499
-2.86483
34.9236
-1.13959
2.60033
0.472509
0.953662
0.432309
3.27661
16.3055
-0.210599
0.296169
1.62413
-2.65312
4.5527
1.1613
-0.565907
-0.22564
2.71134
-0.000675838
0.82144
-2.41066
0.284451
1.18093
-0.540349
-11.6783
-9.09927
-2.69621
3.13952
-6.86036
-1.16155
-0.0137773
-0.688911
0.251528
-24.242
2.89642
-0.123941
0.583712
-0.952708
2.86064
-1.58419
-0.0354197
0.276708
-2.9068
0.885172
2.79548
-0.0183592
-0.997665
2.20741
-3.90168
0.0189645
-0.000231987
2.17229
-1.79623
1.31848
-0.9047
-2.04218
6.74244
-10.7444
0.112019
-3.09252
0.183768
1.39714
0.0972007
0.232533
0.94782
1.5233
-3.08601
-0.425783
-0.00109313
-0.844271
0.410303
-0.261554
0.569295
-1.94422
-3.07427
0.578666
0.368298
-2.32365
-0.465554
0.478436
5.9948
-0.626253
0.158329
-3.59767
-0.332285
1.22443
-0.224166
-1.81564
0.244549
-2.20244
-0.242189
0.771014
0.27004
0.318845
-0.0712226
1.2548
0.368729
-2726.4
0.217318
-1.26379
0.58519
-0.720259
1.38747
-0.523421
-0.673328
0.953894
-0.375432
-1.31748
-0.629181
0.257987
-0.535519
0.312051
-5.07246
1.53568
2.46556
1.02518
9.35782
0.122831
0.460723
44.0295
-0.467908
-0.623228
0.293472
-0.733
-1.39785
1.66108
-10.6939
-1.59679
-0.17362
2.04248
-0.824147
0.00429142
-0.0112293
-0.0508128
-0.384418
16.4696
1.66108
-0.691199
-1.1929
-2.41005
-0.291128
0.324103
0.964423
-0.509714
-2.32201
-5.30408
-0.0266421
-0.212941
-0.314914
1.08716
-0.172462
-0.465287
-0.0702356
1.01951
0.172709
0.0870506
0.573674
-0.307061
-0.932782
-0.711952
-0.785464
1.77686
2.82306
0.97855
4.40118
-1.8496
23.7186
0.717711
0.796967
-6.31263
-0.0426017
-0.54875
1.85587
-1.31246
0.760769
0.950898
0.935737
1.65717
0.489544
1.01299
-0.365616
-0.522655
0.475035
2.47945
1.9127
0.158339
-0.938873
-0.454882
1.3733
-0.904951
-0.499531
-0.139028
-0.290482
-0.466279
-14.1546
8.10185
0.475808
-0.297373
-0.466998
-1.40565
-0.91747
0.5639
-1.77574
0.543151
-0.0208135
-0.171826
-0.531768
-1.46694
-0.315993
1.1762
-4.42024
0.284929
4.16679
-0.109695
-0.832984
-0.278757
0.0877058
1.83079
0.650289
0.270257
-0.36346
-1.45421
-0.48226
-0.374306
2.42176
-1.39458
-0.565191
-0.227467
2.52398
0.717182
2.61278
-0.105303
-0.616583
-1.22274
7.18489
-2.00683
0.0099553
-0.803087
-5.2704
-0.566959
0.0824124
0.121048
0.492195
10.1952
-0.475397
0.163807
-1.23757
0.948365
4.67093
22.032
0.0312686
-0.8098
0.298449
28.323
-0.169046
-0.0598809
0.705116
-0.157409
1.11072
-0.755389
-0.710426
0.856924
0.351042
-1.88204
-0.619551
-0.284288
-1.68585
-0.234709
-0.217175
0.909098
9.26743
-3.08926
-0.0563569
0.275309
0.356909
-1.95359
0.539022
-67.9759
-0.181305
0.199605
4.20635
1.01189
1.63552
1.4745
1.75997
-0.612219
-1.5437
50.3507
0.460381
0.700469
-0.363757
1.30501
-5.74432
-1.169
0.294215
-4.92785
-0.485051
-0.0492422
4.26861
0.458211
-1.0429
0.645609
0.156478
-0.43678
-0.769022
94.7594
0.61793
0.300156
1.06215
0.949028
0.712372
5.9405
3.24301
-0.493793
0.738625
2.3665
-1.86282
-0.199888
2.26078
-1.20857
0.529169
237.28
-102.554
-1.16818
-0.185959
0.283144
-0.349177
7.18239
-0.891875
-13.6908
0.368524
-0.228801
0.705658
-0.931207
1.62227
-4.47206
1.51283
0.914068
-0.144106
-1.00548
-0.294375
-13.7874
-0.681978
-0.636719
-0.422232
-2.47328
-2.56392
-0.0319392
10.336
-2.06456
-0.417774
-0.205429
1.18714
-0.894173
-0.167933
1.59357
2.34779
1.33112
-1.99429
-0.470405
0.674404
-1.82348
2.52576
0.0883589
-0.477559
4.13365
-0.777546
4.71489
1.17629
0.170012
-16.3377
0.210756
1.82394
-40.447
-0.185588
-0.0708507
-0.224929
0.545323
-0.642911
8.42657
0.136325
0.111643
-1.39251
0.682994
-8.9388
1.03525
1.06703
-1.23415
0.601699
-0.190689
0.343736
-8.71951
-0.229971
0.61832
2.89878
-0.531102
0.556597
0.572109
-0.52268
-1.39224
0.252537
0.73591
0.342671
0.22749
9.61336
-1.60854
-0.199359
1.9014
-10.1468
-1.85915
-3.22342
-2.46558
0.138222
-0.0709451
0.277863
-1.04358
-0.0647736
-3.13559
-2.49482
0.3948
3.88652
3.0069
0.710732
0.988857
0.630169
0.0949909
-0.105705
-1.07348
-0.228968
3.04987
-0.347381
2.70862
1.81821
1.40788
-1.29344
-1.72938
2.04217
0.223034
3.41114
-0.699182
0.0722189
16.4672
-1.37186
0.483674
0.512059
-2.71063
1.90812
2.28147
-0.773045
-4.79049
0.300367
-0.31211
-3.2716
1.36266
3.0665
-0.603811
-0.948863
1.78285
0.984379
-1.74113
2.66946
-64.7071
0.293722
-1.3001
-1.01262
0.455223
-0.732503
-0.952688
-0.839445
0.300691
-0.0974923
1.52751
-4.15697
0.29201
1.71289
-0.0194868
5.0913
-1.55782
0.234858
0.337374
0.0909645
34.4729
-2.00343
2.58044
-0.68801
1.05259
0.892123
-0.158097
2.66691
0.788757
-3.8679
-3.75043
-0.32808
-4.8981
-0.733343
-0.827186
-0.592769
11.9353
-4.95023
-54.0529
-0.610654
0.973125
-1.25893
0.414908
4.73157
2.01979
-0.599251
21.3115
-3.62223
1.53804
0.617532
0.488554
-1.18453
-0.917538
-0.429244
2.46623
1.96682
-0.550151
0.461868
-0.807624
0.932691
-2.2893
-0.678798
0.902522
0.224938
-1.44885
0.296288
1.12025
6.78637
-1.65097
-3.21118
70.8992
-0.606926
-4.12799
-2.90117
0.345527
0.395709
-3.47412
-0.859133
0.249281
2.64513
-1.05248
1.95505
-0.176769
1.15091
-0.183028
-0.540003
-0.281446
0.0285145
-1.32824
10.4057
-0.94241
1.7403
-1.96663
0.471995
-9.75941
-1.77553
-0.633531
-0.448313
1.20893
-0.554089
0.287434
-0.525508
0.637896
0.159099
-1.08075
-2.61193
-1.13615
-1.64637
1.61008
-0.569982
3.43214
0.62003
0.190308
1.30473
-0.678067
-1.39807
1.19798
1.91727
-0.735014
14.5598
0.253406
-0.631881
2.87866
2.97281
1.28602
0.688651
-0.0328424
-4.38687
1.37893
0.0294455
0.940581
9.10324
0.763933
3.98983
1.5917
-1.42011
-3.63987
-0.00335005
-1.17376
1.5686
-1.48407
-0.281753
0.125317
-0.676072
0.273912
0.573978
0.703815
0.76737
-0.423176
-2.76144
-8.1671
-1.7449
0.71963
-0.902247
0.830456
0.0281891
-0.872316
-1.35587
1.18384
-0.110552
-0.188874
1.25887
-0.51261
0.216603
-0.127047
-1.04266
0.0465279
1.05968
0.3869
0.118574
-0.27862
0.479516
0.156463
-1.65246
-1.16434
15.9395
-28.7857
0.44696
0.254556
-0.423993
-1.06413
-1.27213
-5.40044
3.70401
-0.239542
-0.418898
-0.598913
-3.8709
-0.277034
1.48219
1.35823
4.85187
0.767328
0.706713
-0.108391
-1.05208
-0.629881
1.20667
-0.857566
-0.364213
-0.167062
0.418985
-5.47339
-1.15193
0.943188
-9.53496
0.680239
5.19197
1.63739
0.579501
-0.2024
-0.359438
-4.36597
85.049
3.70117
-3.86607
-9.48239
-2.03898
0.945513
-0.979328
3.6021
0.92184
-2.29709
-1.17849
-0.737897
-2.9021
1.98257
-0.348448
8.76727
0.489802
-0.196551
-1.35894
2.88269
-1.03264
1.07734
0.357435
0.96426
-9.95495
-1.47192
3.58149
-24.9736
-0.552969
-0.389055
0.445385
-0.713102
-0.0698909
-7.40255
698.333
-1.36206
0.165781
0.486328
2.6949
30.1205
-1.87441
0.0552539
1.39337
0.396561
-2.22306
0.852697
0.211919
1.94315
0.146505
-14.3005
-1.63536
-1.09921
0.90045
-1.34789
-0.156217
-0.64635
-0.265189
2.88803
0.542159
2.47634
0.291278
-0.0241279
-3.18742
2.07808
-2.74754
-1.76724
1.5824
-5.0734
-2.69785
0.231458
-0.0756547
0.691531
6.09275
6.6609
0.0406866
-0.245047
-2.41145
0.330583
-0.270824
1.42735
0.740779
-2.1345
0.189015
1.96993
10.9854
-0.471106
-0.615238
1.47391
0.541728
1.6871
-0.205017
-0.508195
-0.757999
-1.49277
0.188746
-1.49978
-3.1409
0.890425
-31.2766
-0.799492
-0.848305
1.40811
-0.776821
0.299717
0.634724
0.117608
0.115271
-2.38183
-1.16059
-0.0514343
-0.132859
-1.026
3.01506
0.545764
0.517334
-1.27189
0.571156
2.53051
0.0584183
-0.641354
-0.72334
1.33626
0.564533
-1.42411
0.651866
-1.1837
-2.89562
7.79373
3.25871
1.55759
0.384044
0.188064
0.290642
-0.649052
-1.90147
2.69483
-0.738634
-1.39697
-1.21848
1.55011
-0.502192
-1.84611
0.154344
-2.48863
1.57506
1.37365
1.69954
0.265227
1.51085
-1.79537
-1.08381
0.654063
3.91868
-0.502022
0.963517
1.16837
0.0911125
0.593389
1.39675
0.921765
-0.252137
-5.29092
-0.169931
-9.78668
0.0353914
1.52465
-7.62224
6.66789
0.18544
0.479496
0.0138558
1.20698
-1.86754
1.94317
1.74593
0.157194
6.95399
-0.275941
-1.90987
-0.911502
0.428614
-0.591206
0.113397
-0.578769
3.39406
0.0882621
-2.59928
0.644033
0.8899
-1.78082
-0.0529652
39.8454
3.75561
0.319561
1.83258
-2.69083
-0.781351
61.3725
-0.376845
-5.69181
0.0683516
1.20951
1.28585
-0.822508
2.28654
0.388537
-0.83636
-4.82394
2.15668
2.51446
-0.47971
-1.57335
-0.706987
-0.860963
1.67157
-7.86223
-2.40413
-1.45233
6.21398
3.77223
-1.53073
13.4229
0.983415
-0.242886
1.13194
0.146783
3.31921
-3.47908
0.482898
-1.27875
-0.195711
0.96369
0.69004
0.583072
0.966598
-1.2877
-0.848791
0.16035
3.09653
-0.0717864
2.00143
-0.823833
1.0994
2.62601
0.637255
0.726256
0.550426
0.59518
1.76432
-2.22292
-0.76334
-1.1997
-0.658644
-4.57626
1.13935
0.432491
-0.879584
1.3031
-0.0576766
-2.02346
1.17746
0.751579
-0.195314
1.88179
16.3139
-3.59757
-0.824336
-1.04514
0.205482
-1.10414
7.06132
-4.46922
-0.319313
1.05984
1.0287
-0.176144
2.38428
-0.1696
2.39207
-86.6366
-2.00782
44.5912
0.620388
0.00231482
-6.02146
-2.43311
0.22035
0.421974
-0.85613
-2.27427
-0.502693
0.415795
-1.12165
-0.212487
0.000168071
-2.49046
-0.480637
1.93717
24.9229
-0.275131
1.09438
0.441334
-2.04474
-0.378699
-1.04552
-0.762653
0.620648
-0.141503
2.31813
0.397329
0.799285
1.15294
0.281759
-0.989001
0.0295919
0.0716215
0.233264
-0.744715
0.857247
0.00742897
-2.71208
0.990298
0.194467
0.424014
-0.982875
1.40288
-213.608
0.347294
-1.41092
4.18926
0.269499
12.8002
-0.162787
-7.20053
0.539413
-0.263808
0.717571
3.07146
-0.359976
1.52671
0.119464
0.323477
-0.578582
0.565144
1.9856
0.211503
0.823682
-1.71826
3.75076
1.49088
-0.183913
-3.46839
0.191493
-0.283238
0.0624639
0.0881457
0.948951
0.118325
0.877891
0.82895
-124.171
0.233426
0.814798
0.654918
-3.56457
2.275
-3.62681
0.00562836
0.242611
0.396506
0.369322
1.74443
-0.527481
0.921993
0.774401
1.57144
1.03645
0.599795
-4.02442
-0.535157
-9.98424
312.813
-4.35531
-0.749357
3.91667
0.23763
-0.616184
-5.57198
-0.696549
-0.107915
0.588281
-0.0171499
1.08441
-0.0868189
0.414579
0.235908
4.11938
10.3688
1.15982
0.483455
1.32482
-1.0358
0.606175
-0.249132
-2.03075
-4.91176
-6.43313
-2.59306
0.147907
0.107072
3.56337
0.501412
-1.00804
0.383662
8.46952
-0.949674
-0.65074
0.748823
1.97242
10.1499
0.920882
0.53388
-0.901243
-0.151994
-6.19742
-1.64858
-0.974404
1.97474
-0.199595
0.242806
1.94136
0.972684
1.9904
-0.0121556
-3.42416
0.323948
0.518057
3.72776
-1.40386
3.76481
0.181901
-1.16453
-0.589626
1.01364
0.502025
-1.31983
0.55545
-1.34174
0.905343
-1.83217
-0.606094
0.547727
-2.69969
0.63454
-0.846813
0.331416
-1.79224
0.793869
-1.7189
-3.20374
2.97575
5.24019
-0.793105
0.422207
-25.9053
0.328797
-0.653609
-1.61483
-1.98425
-0.215826
0.187291
-18.4679
1.25564
1.0037
1.65461
0.636152
-0.28625
-0.101793
-0.0267525
-0.0630966
-0.0219673
0.713704
-0.0288659
-0.55702
-0.34966
0.865119
0.0581798
0.534003
-0.073597
-0.485991
0.559937
-33.4395
-0.929653
0.130532
0.811508
0.757699
3.09751
0.146464
0.29182
1.14777
-1.01933
-6.7723
-1.93519
-0.279823
-5.06048
-0.816306
1.12323
2.71224
0.0398918
0.411689
2.19159
2.05751
0.776534
-0.817109
-2.25893
-3.50197
-2.37668
-0.81358
-0.0976386
0.464873
-0.230905
3.51774
-3.48353
-2.27196
-0.736059
0.532307
0.193173
-3.26209
1.92273
-2.02746
-1.59772
0.18643
-0.166863
2.07043
0.791102
0.656617
5.03084
2.96919
0.894934
1.39483
8.39262
0.215863
-1.11499
1.04562
0.0232944
4.95637
-4.25445
0.461298
-0.134876
0.00963518
-0.530003
1.80643
63.4353
1.05675
1.10195
0.721851
0.0302686
0.229194
-0.255212
4.98112
-1.56508
-1.29204
-0.925973
-0.411951
-1.44704
0.885605
-2.08279
-1.92363
6.63785
0.103919
0.5422
1.66367
-2.04671
0.790395
0.482719
-0.202471
-6.90988
0.983353
1.41061
0.848784
-6.58861
-3.67344
0.834338
-1.1657
-0.727461
0.944352
0.138507
-0.051713
-0.375923
-1.2257
-6.55901
1.00505
0.477308
-0.242117
15.7515
-1.29662
0.360524
0.368507
0.215001
-0.160217
-0.269787
-21.0352
-0.607225
-1.85294
0.787202
-1.06226
-2.49392
1.43546
-0.00625514
2.70283
-0.408977
0.946385
-7.2598
-1.4476
6.06522
0.973556
0.774831
-1.45355
-6.63915
126.331
2.40438
0.5058
0.954702
0.214385
-1.8295
1.75678
0.29494
0.666433
-0.310049
-0.878912
-0.20727
-0.220118
13.7658
1.05321
-0.876384
0.330925
0.00547
0.254669
7.03206
-0.967703
0.432822
-0.746618
-0.241049
0.299544
1.25624
0.323315
0.688649
0.552773
0.973241
-63.3986
-0.220494
-1.03853
-1.12399
0.986969
0.33313
-1.03968
-1.07591
-0.888289
0.100521
0.862142
1.8597
-3.31129
-0.680829
0.15491
0.118333
0.641671
1.34191
-16.7741
-1.3193
8.18677
-0.817971
1.5424
210.456
-0.5268
-0.291784
0.398086
1.68742
0.292244
0.85191
-2.26868
0.0732142
-0.872947
0.433287
-2.74526
2.15711
-0.278419
0.720416
-7.89666
-2.89537
-0.99523
-1.06486
-6.05812
-1.18407
-0.317482
-7.54237
0.00314923
0.797929
0.0771993
2.61232
0.346504
3.15173
-113.782
0.533416
-0.0372532
0.310669
-16.283
-0.952687
0.910392
1.41639
0.19596
0.500656
0.841369
0.113352
-3.87245
-32.7852
-0.228797
-2.99135
-0.296367
-2.16609
3.64399
39.0462
-0.59793
-0.695965
0.0422755
0.530836
2.87809
0.291481
2.2258
1.42504
0.419719
1.01611
-3.87493
-3.58103
-0.305452
1.25664
6.48533
0.798937
0.596892
0.220484
5.89108
3.99454
6.45416
-2.71956
2.19079
-6.20647
-0.0365437
1.53737
0.481872
-1.86987
-1.44035
-0.34096
-0.417721
-1.68972
-1.41567
0.539691
1.80052
-1.10956
2.12998
0.960594
-29.3237
0.197765
-0.400651
-1.87149
-0.109924
0.510304
5.66355
-0.413371
0.507413
-0.619339
-0.797246
0.63199
-0.178036
0.0424495
-0.00364166
0.690502
-3.97664
1.13402
-2.66127
-1.32256
7.03659
-2.70773
-10.6337
-19.3032
6.12568
0.302315
0.410341
1.15821
-0.688773
11.7393
-12.8656
1.01635
0.0339452
-0.237382
-0.638276
-3.20574
-27.3681
-0.536106
-0.192027
0.172003
-3.93752
-0.165099
0.180034
0.450581
-0.325248
0.408883
-0.642626
-1.42675
1.11127
1.84161
-1.30564
0.11633
-0.20019
-0.0813654
0.37098
-0.940389
0.537994
2.44559
1.31511
-0.662368
-0.107442
0.118412
8.7736
-0.71488
-8.53757
1.2404
-0.24067
1.17099
5.40277
-0.0302528
-0.641833
-1.88887
-0.0413798
0.618649
-1.10254
0.145317
-2.8647
-0.833045
4.30301
0.314944
1.73591
-0.855167
1.05251
-0.597333
0.297324
-0.175118
2.77175
-0.917713
0.227398
-2.81736
0.551998
-0.756007
0.639001
1.04169
-0.376792
2.40216
-0.373861
10.2945
-1.0303
-0.660572
0.876042
0.722663
0.0523969
-0.389039
-2.26477
-12.7919
4.43776
0.458839
-14.0439
2.24301
-0.871389
0.259952
1.09038
0.765651
6.01754
-1.94673
2.99178
0.791242
1.63348
-1.43193
-0.797056
-0.269848
0.188406
-1.39066
-8.00957
0.628799
-0.777752
0.538522
0.693503
-0.461304
-7.14639
-259.597
2.50957
-0.477288
-2.65128
0.732882
-0.169094
0.00506995
1.29383
7.40227
-0.44736
-1.1535
0.665656
0.111668
1.51044
0.209724
14.4916
0.396875
-2.9055
-1.24526
-0.211434
1.48322
1.18424
-0.518326
-0.145742
-0.177924
-0.290562
-2.11821
-0.209858
-2.52361
-6.46882
0.495412
-63.9929
1.14383
0.155468
1.15421
-0.879138
-0.355169
-0.180754
-1.48586
3.05
-0.264379
-0.878711
-4.46428
-116.615
-4.44349
10.0648
-0.596272
-0.812763
-0.459725
-0.591536
0.241027
9.60099
6.24615
1.02791
-0.523976
35.2022
1.16473
-0.14381
2.18247
-20.2232
-2.11554
3.1733
0.370683
3.16872
-0.0218545
-4.88302
-0.78019
-1.57828
-0.0335998
0.417666
-23.7192
0.607013
-0.241945
-20.9917
1.80412
0.140359
0.983111
-0.319122
-18.7789
-1.72934
0.472674
-2.34191
-301.4
1.96041
1.22108
10.8858
0.158268
1.00148
41.9802
-0.750854
0.969334
0.0221532
0.222101
-0.587257
3.90653
-43.9465
-4.23068
-1.04328
-6.02067
0.293318
-0.126811
0.71729
2.45693
-0.531167
0.0879942
0.163618
0.455545
0.000571083
-0.447157
19.5544
-5.68164
-1.01961
-0.695482
-0.19048
-1.88518
2.34943
0.477639
-3.83119
104.313
1.04561
3.48299
1.13414
2.05722
-1.24203
-1.01466
-1.11799
1.74983
10.1823
0.57181
0.99978
0.0913779
-0.454752
0.773531
-0.142581
-0.70679
1.58308
0.0792077
1.04644
-0.601974
0.122138
0.0939986
0.645115
0.396074
1.58613
0.840771
5.86362
1.24339
0.229485
-0.576924
-350.931
-0.246204
-1.31288
1.98163
0.546732
-0.0313259
-0.35559
-1.00179
-1.89591
-2.13433
-0.670271
0.936287
-1.43532
0.553698
-0.995796
-1.59833
0.281515
1.92896
-1.55632
-0.113005
-0.75886
-1.80475
-0.717794
-1.20596
-0.63184
2.71229
-81.3212
0.124173
-0.692724
-6.637
1.96793
0.0676044
-6.56422
-1.67125
1.18458
2.19177
-0.190063
0.0220971
1.17724
1846.32
-0.597074
-0.165822
0.862651
-0.030013
0.0664233
0.652203
-0.628556
3.15876
-0.87684
-0.89113
-0.040037
-1.80394
-6.94522
0.339532
-0.844096
-4.02254
1.27397
-0.0980239
-10.2634
-0.29664
-211.639
-4.23364
0.550851
16.4405
-0.542151
-15.8446
-0.459264
-0.939482
-1.4428
4.78277
-3.65241
-0.0913503
0.376892
0.937038
-2.08952
-5.20418
0.963054
-4.37283
0.556759
-0.249405
0.659021
0.332853
-0.342322
-0.601171
2.21193
3.78677
0.943233
-0.124126
1.91273
0.348515
-0.34397
-0.27952
-0.342364
126.452
-0.465289
0.185473
-0.841869
-0.415763
-0.393716
-4.22642
-0.209723
-0.528813
0.620829
1.68045
-14.1234
432.607
-0.141259
-0.0840227
0.234386
2.78467
-0.530063
-0.135729
1.42559
4.78573
0.0392951
-0.635138
0.428326
-0.706463
0.872389
-81.5344
5.02134
-22.8107
2.22438
-0.773297
1.48341
-0.0513387
-0.716536
-1.13992
2.63765
27.8191
0.375842
1.5301
-0.00716365
35.2934
16.0559
-0.0684701
0.000189571
0.517692
-1.04163
-0.348783
15.9315
1.28584
-0.760223
-0.308138
-0.547656
-0.455804
-1.06762
10.2958
2.11372
-0.277813
-0.384581
-1.16599
-0.0606291
0.647857
-0.103567
0.721157
-0.813994
-0.314366
-1.53915
0.417835
0.158809
-0.0518876
0.8558
0.605453
1.48993
-35.6618
-1.54708
-2.04971
-3.71141
-0.40957
51.6286
-1.23179
0.286848
-0.447306
-1.53758
0.0944995
1.86459
-1.87339
0.437191
2.41843
1.17944
-0.82675
-0.460535
7.13075
-0.0213295
-2.5373
2.97247
-0.72703
-2.07493
1.1109
96.7871
1.65197
-0.0988407
-0.821088
-0.491958
-17.9078
-2.39266
-1.5068
-2.67243
0.487607
-1.02861
0.691757
-0.683621
3.28219
-0.658418
-0.469931
-0.240971
-0.575134
0.135018
-3.63804
0.303655
-6.71888
1.13757
0.637843
-0.156978
0.56458
0.419888
-0.173675
0.13227
-1.61205
0.714846
1.06307
-2.80624
-2.39354
-0.591293
-1.4146
-47.5702
0.443035
1.34104
2.97989
-1.13833
-0.172332
3.60089
-2.35071
0.796837
0.264467
1.45536
-7.76842
-4.36395
0.658485
3.43723
-0.593631
1.85764
0.0709606
-55.7248
-0.453251
-0.615812
-2.79734
-2.75557
1.13353
1.22546
0.102277
0.14259
-1.15334
0.698546
-5.48365
-15.7458
-0.724473
13.6262
0.599929
-0.585716
1.64012
-0.833549
-1.82407
0.11818
2.53751
-0.378971
-0.747375
0.289067
-7.94908
0.381342
-0.352333
0.863166
-0.114267
0.467179
-1.00211
-1.01579
-2.51911
5.82265
-1.60986
-0.860616
25.5639
-0.420185
-2.29596
1.37616
-0.286218
1.5623
-11.9805
-0.621838
-1.6001
14.9038
-0.299099
2.8016
-0.0592617
0.334474
-2.80889
0.852189
-23.0391
0.874419
0.79229
0.497504
-4.12327
-0.865157
5293.38
0.007874
0.113719
-0.959256
3.73564
-0.151436
2.15146
-2.07522
-0.00269154
-2.99158
1.08813
-0.0903787
-0.014382
1.83815
-0.232186
-0.318294
3.87126
-1.07848
-0.158121
-3.67874
-0.116307
-4.48136
0.555042
-0.462259
-1.28512
5.10811
2.28621
-1.02361
-0.518616
0.0682879
1.91945
-0.430574
1.22713
-0.286274
9.96176
-7.50613
0.411398
0.546864
-0.853552
-1.27859
5.02189
-0.813229
-0.118232
1.81359
0.204993
-0.164406
2.44881
0.897346
0.544399
1.41419
-1.1595
-0.106804
7.01565
-1.18036
-1.68017
-7.42421
6.42922
0.0465272
0.0823904
0.0445127
1.49787
-1.83346
-5.00901
2.82904
1.84338
-1.48246
0.0093729
-1.32805
3.78743
-14.4781
-0.517616
0.946137
1.41962
-0.180894
0.666863
0.703525
0.321312
16.4589
-1.40944
0.0733748
0.46322
-0.0234685
-9.45545
0.0657991
-1.37764
0.802012
0.869788
-2.79849
-0.370742
1.47716
0.295327
-10.7377
1.67804
1.91754
0.857758
2.34687
-4.87967
-16.361
7.37057
0.0332942
-0.77563
6.85659
0.528579
-1.4398
0.197696
-0.116089
4.77285
1.25529
-0.192543
-3.45685
16.7674
-0.625577
-25.4777
0.268868
0.311305
0.524655
3.4632
0.176082
-0.20002
0.867994
-0.747215
-0.381929
-1.90165
-0.374249
0.0763652
0.761481
-0.0972144
-0.840201
4.15544
-0.0353165
-0.378756
1.12804
2.45632
-10.8554
-0.271717
16.6267
-0.277481
-0.224099
-18.0092
0.260648
-0.5923
0.0169957
-1.60073
-0.499602
-3.83191
-0.789729
0.610514
-1.53289
8.77697
0.740974
0.568831
-3270.69
-1.12616
-62.3329
-0.71473
1.4433
-1.56293
0.453705
-0.967175
-0.0503599
0.118983
1.37128
-0.545451
-0.905004
0.753679
10.0303
6.45116
-0.742174
0.405502
-0.132563
0.320151
-66.5525
-1.22003
-0.390878
0.977193
-1.59303
-1.27302
-0.506435
0.0798345
0.604379
1.29769
0.652405
6.84382
-0.0809004
-0.711845
6.97601
-0.390448
-0.172592
0.285555
1.33805
-0.582005
1.91873
-0.876227
0.437926
-0.493406
2.72329
2.2344
1.58919
1.92464
-2.36674
-0.996455
-0.928714
0.870175
-1.23199
0.128803
-0.550456
-0.186017
-1.23777
-0.0475056
1.09308
-1.02242
-4.03751
7.28736
0.95076
-1.66578
0.603497
3.00424
-3.94225
1.17283
1.43931
1.28615
30.374
2.07194
11.5792
0.407724
0.891978
-1.23384
-0.189365
-0.033232
0.526271
0.0816096
3.18334
0.446719
1.11292
-0.913778
2.25986
0.835899
-0.147497
-0.850741
1.78772
0.444244
3.44206
6.85326
1.95321
-0.0417648
2.45078
-7.03776
-0.832147
-0.196321
2.64943
-0.551329
-1.12319
0.907404
-0.683436
0.5279
0.394143
5.59271
-0.148801
-0.718956
-0.571965
0.741432
6.1457
2.02718
82.6974
1.54835
0.630978
13.9867
4.98139
2.47047
-0.949968
-0.0324898
-0.0454761
2.2036
-2.51589
-0.69225
-0.214078
-0.869917
0.0190306
-0.203758
-1.6646
-0.377598
66.2456
2.6284
-1.42103
1.0133
1.44624
-1.61831
3.47462
1.0889
-0.487065
-2.38113
-0.664372
-0.256069
-3.33085
0.193424
-18.3608
2.28927
-2.27452
-1.12331
0.756368
7.61123
12.4895
-0.0524925
-0.657785
2.53673
2.16439
-0.115628
0.365774
-1.40238
-0.0058713
0.341692
1.25919
2.39399
-4.2125
1.39
10.2893
0.481915
-0.221452
0.160148
1.44217
-0.431622
1.11265
0.504925
0.543049
-3.69968
-4.71734
0.376261
-0.113233
1.28719
-0.191833
-2.25024
-0.304408
-1.07826
0.983263
1.17771
2.05692
1.00653
0.34601
-0.324254
-0.980093
0.184375
-0.824714
-0.394289
-1.10535
-1.05117
0.600441
-0.810593
0.540993
-1.37394
-0.435126
0.0429494
3.24004
0.736196
1.50829
-0.612968
-1.55004
-0.575992
0.270922
2.91738
0.259495
0.213991
20.4949
-6.14308
-4.64173
11.3478
1.14047
-0.0421422
2.89231
0.488328
-0.233318
1.54665
-2.13496
0.157182
-0.121411
-1.41549
-1.81041
0.368183
-1.52284
5.86586
-3.89368
-0.276525
-0.32375
0.419276
-1.08211
0.616865
-0.215172
-0.361546
-3.31558
1.55458
0.594534
0.823901
1.05396
-9.91545
-0.560447
-0.916996
-1.17832
-0.744649
-0.166888
-0.372954
-3.78892
4.74575
-0.101685
0.717622
-14.7649
1.04409
-0.322438
-38.7616
-0.00749808
-1.32752
0.235684
-0.31455
2.04549
-0.572839
-0.797593
24.2192
0.363458
3.34789
3.02933
-0.434119
-5.50816
-2.81123
3.89956
0.3357
-2.68125
-3.05642
-2.22981
-1.12704
1.12738
-2.04345
-27.3194
17.344
3.97428
-4.70267
-0.202082
0.572792
1.75097
2.00883
0.869568
-0.507179
-4.17545
0.306715
-0.818942
-1.0374
-0.0710871
1.04148
-0.165337
2.93557
3.21857
-1.59076
-0.75902
-1.37156
0.795563
-2.27612
-5.01578
0.156319
-1.26014
0.721192
0.72664
0.943495
-3.97143
1.51523
-7.1537
0.306261
17.7721
9.35977
0.6531
0.562196
0.614794
-0.127377
0.255289
4.77604
628.495
-0.159764
0.394996
8.42581
1.13286
0.673616
1.29254
1.35745
-0.50629
-0.216627
3.36735
-4.59365
-2.57128
0.157272
0.138803
9.08832
1.72354
-7.39237
-3.15567
-0.492045
-6.92157
-13.7749
76.1835
7.96051
-2.61546
-4.46402
5.59488
0.217458
-0.460457
18.6759
-2.72642
-0.0983551
7.26112
5.81649
7.63259
26.7177
0.362498
-1.29625
-4.71228
-1.10991
1.45356
-6.2017
-1.07177
-0.708787
-1.88385
-2.45785
-0.898184
-1.64958
0.00431501
0.484258
0.496193
1.90413
-1.06056
-0.763464
2.0975
-3.85686
2.22592
0.580411
-26.6383
4.35861
6.24914
-0.751724
-5.41722
1.78579
