-2.46556
0.303344
-1.73054
-0.678428
0.35188
-19.6194
0.706771
-0.658163
2.00894
-0.787856
-0.753859
0.00244436
0.402081
-0.04996
-6.99979
13.7984
1.35849
1.26443
0.476853
-0.0811353
-0.34388
-9.19379
-0.608808
1.53745
-5.85214
-0.217741
0.574927
-0.149067
-10.3683
0.0337862
-3.69154
-0.240102
2.15864
1.14504
-0.0664501
1.31059
-0.539035
-2.09364
-1.35611
1.64333
-1.12911
1.81077
-0.207922
-4.35512
-1.05109
5.33762
-0.00229418
-17.7063
0.00264485
-1.92947
0.67646
0.882179
0.176912
-0.915862
-8.06688
-2.78491
-0.193909
0.309592
-0.338896
2.05252
1.76321
-0.00636896
2.61079
0.833984
-0.896637
0.186612
-3.89584
-4.21268
-19.5345
-0.103852
-2.78017
-0.608214
-0.786113
-1.37369
0.0935318
0.480817
-0.0173441
-5.26697
5.33631
-12.2502
-0.131432
0.180404
-0.79568
1.66358
-0.407338
1.61741
1.25024
2.42213
-0.316742
-0.516081
-0.0375097
-0.230511
-1.1348
1.58337
2.70901
-0.667093
3.42153
1.29426
-0.165664
2.97346
0.787459
2.90301
-2.45277
0.021733
20.1303
-0.0299976
2.55271
4.5594
5.26318
0.639311
-1.06157
-0.0222339
5.82885
0.263298
-1.27619
0.363352
-0.512771
-1.62609
0.194953
1.91446
8.97583
0.519217
1.28151
-1.32718
-1.74261
-0.105339
1.41089
-0.552485
0.905211
0.793354
-1.09115
0.383163
-0.360375
-0.446851
-0.894865
0.0340128
0.939589
-0.0350481
-0.220178
-4.25653
-0.286346
-3.88486
-1.98182
-0.249182
1.17205
0.403025
2.56661
-1.5767
-6.44582
1.42622
-1.32544
9.57223
18.7646
-6.63228
-0.255264
0.649531
3.07002
-1.50367
-0.322887
-4.90972
1.22096
0.872669
-0.91776
-0.182302
-0.26287
4.44292
-0.105042
1.47175
0.0679595
-1.18984
0.114792
11.3823
-2.34067
0.104598
0.43604
-1.16479
0.641735
-2.27685
-0.51474
0.567714
1.19224
-2.92323
4.12547
0.379154
1.19439
-0.435517
-0.18983
-0.615879
-3.41893
0.0127567
0.56423
0.953653
36.6805
-0.351835
-0.854412
72.6297
-4.34967
0.649853
1.11655
-9.98259
1.06822
-4.96001
-0.89079
-1.23184
0.100404
-19.2794
0.315846
1.53887
-0.738517
0.440192
0.236916
1.54452
0.564101
0.452776
8.98286
-0.819545
-3.16306
-0.0817289
0.0910246
-2.13573
-2.78716
-0.495438
1.97862
-1.48322
-3.29912
0.62274
-0.075619
-1.51157
26.5367
0.358777
-1.24934
0.874005
-2.76134
-0.577936
-1.10384
0.240212
1.57718
-8.03034
-9.34674
2.96872
0.78049
-0.087505
13.1495
-0.230145
-1.1946
1.16374
-0.190978
0.642915
-0.274128
12.1499
0.715442
-0.557705
0.196895
-0.482704
-0.162526
-8.84798
0.278305
-0.0398703
1.85351
-0.278816
0.266036
-0.79788
-0.419901
-3.28381
-7.91497
-0.269283
4.07391
-6.298
-1.35109
0.357181
0.0935046
-0.190345
0.362642
-0.503723
-1.00827
0.184467
-0.396238
0.965384
-0.72754
-0.616974
0.208196
13.9456
-14.7845
-6.5034
-18.1548
0.871428
-14.7202
0.683292
1.35582
-0.213445
-1.35751
-3.61821
-0.222227
-0.0609879
-0.00357934
0.408998
-0.943474
-0.397458
0.242494
0.045077
2.16511
-0.596152
-1.34105
-0.42419
-18.3232
0.314654
-0.134215
0.304355
7.8268
-11.315
-0.155116
0.0464257
0.809388
1.79987
-0.344149
-2.80982
7.02269
1.51189
9.09948
24.2887
-9.0072
2.2039
-3.46426
-0.128732
0.33274
0.449164
-0.483218
0.830838
21.8321
-3.03854
0.2398
3.39006
0.421773
0.4262
-10.115
-0.181673
0.324162
-1.36865
-0.308559
-2.45375
0.404193
-1.81558
-12.344
1.51381
0.616148
3.6794
-0.682799
4.32347
3.63794
-0.909063
-1.8932
0.0930977
1.58168
-1.80824
-0.412916
1.35651
9.62611
-1.21694
0.681868
-1.00827
-7.50143
3.29983
-0.455549
-21.9852
-0.48568
-2.36583
0.208442
-0.750351
0.250932
0.373444
-0.87797
0.426691
-0.854462
3.35444
1.3619
4.82074
0.102891
-0.575738
0.548665
-0.269972
2.1849
1.84388
-0.0219748
0.928855
-1.28642
-0.83064
0.586655
2.0235
-0.151676
18.7175
-0.559574
-11.513
1.33821
0.781458
2.63567
1.33035
-9.36179
-2.25816
-5.20175
0.886772
-1.26444
-0.738197
0.087107
-88.2908
4.93668
1.68943
1.00741
-3.5841
0.46461
1.06234
0.213248
29.4908
1.13745
1.98292
-0.483064
0.269482
-1.35212
0.193802
-0.0215158
0.586795
-0.908299
-3.93822
53.3968
-0.848049
4.26666
0.610345
0.127084
-0.694683
0.245234
-0.89866
40.745
-1.69078
2.4987
-9.06684
-2.36083
2.76932
-4.82626
-1.19421
1.27037
1.10548
3.93877
-1.56364
-1.14393
0.464229
-0.346634
-1.21845
5.3368
-15.4989
-1.1347
1.32137
-1.10254
0.698241
-3.98385
-4.22564
0.422811
537.697
-8.30427
-0.481632
0.64455
-1.5409
-0.5138
-1.13048
13.5317
-0.701805
0.858291
109.486
8.42654
1.69555
-0.519993
-0.185008
0.309285
37.7162
0.109597
0.706956
1.31319
-4.26735
-0.839665
-1.46725
0.00790354
-2.66632
0.921919
0.111255
2.2146
-1.12369
-1.68609
1.83146
0.12014
-0.626979
-3.10797
-0.361469
0.39413
0.661126
-0.351418
0.709847
-3.57224
6.70828
4.19996
0.220836
0.321406
-1.0083
5.99495
0.393318
0.534584
20.8771
1.94675
-0.690638
-0.978943
4.83111
8.13606
0.59169
0.00301717
2.21746
1.90791
0.684996
-0.195348
-1.41219
0.105798
-0.566107
-4.49035
1.09682
0.851039
0.49659
-1.93733
-0.600111
-0.455067
-0.556456
0.223551
-3.12277
0.013282
4.73885
-0.793909
-1.04102
-1.23209
0.988798
-0.305934
-0.749995
1.12694
0.881602
-0.431222
-3.94957
-0.335156
-1.49219
0.46762
0.861579
-2.8456
-0.497787
-0.468605
-1.40169
5.07915
-0.960452
9.66702
-0.0926905
-0.772732
4.52989
0.416921
-4.68052
-1.5101
33.4203
7.93817
-2.15466
1.06608
-0.283806
-1.08284
-1.3135
2.2605
-1.80284
0.125266
-0.425784
-0.340254
-1.38922
0.3721
4.33846
0.267231
0.008277
1.39186
1.54857
-0.571814
2.85869
-0.222963
5.30885
7.86421
0.262102
-0.384278
-0.428045
2.69743
-1.78551
0.0503088
-4.54421
-0.299684
5.3579
0.295762
-0.659856
-0.88797
0.197771
-1.54683
-0.929996
0.329307
-0.368797
-0.086982
0.256255
-16.3085
-0.773445
-2.35195
2.95233
-0.31668
1.76381
2.80654
1.73499
0.087452
-0.64952
0.539735
6.51965
9.61885
132.201
0.107022
-0.716226
-2.9586
-3.94635
0.0868768
-7.60918
-0.860206
-0.473024
0.0308312
-0.5198
-0.0853546
-8.58242
-1.38064
0.0536569
-1.32408
-0.347199
5.13488
0.556777
-0.153059
1.00961
0.859972
2.59075
0.616276
0.937344
0.202711
0.50767
2.56341
2.39732
2.00789
0.383388
-4.45717
-1.34122
-135.199
-5.09562
0.529605
-0.188553
-1.18369
-2.14645
0.0402038
2.00098
1.21795
-0.918886
2.09531
-1.39832
1.4997
-1.96588
-2.8464
-1.31965
0.989891
0.488781
0.67919
-0.58288
3.0644
1.77656
-0.239007
0.315664
2.18295
0.394925
2.51669
4.35988
32.2932
0.150237
-10.2515
-2.9703
0.681801
-0.270494
1.7992
0.970284
-1.64433
-0.207697
1.63324
-1.83059
-1.3716
-0.270746
0.808845
-0.0420017
-0.432437
-0.7269
-0.373157
3.86854
0.663374
-1.44072
3.9603
0.430513
2.07985
-0.356111
-0.517927
1.03641
1.01982
0.233009
-0.0817175
-3.87823
-0.536404
-0.91273
-2.26257
2.4028
-0.257287
-6.49712
1.70025
-0.160116
0.440552
10.3115
-3.41886
11.8555
-0.332648
0.741352
-0.0228744
0.183293
0.679735
1.2925
-0.985833
-3.79155
0.202629
-0.304415
2.12943
5.18325
0.275637
0.215121
0.00142008
-0.767175
0.14761
0.00724706
-0.501354
0.175045
-0.336499
-1.37702
-27.8397
4.28189
-1.57075
-0.137321
1.55879
0.723771
0.878127
-0.463678
-0.811583
3.11737
-0.538691
17.2755
0.82595
-1.7687
20.1324
0.573221
18.0113
-0.091677
-0.275962
-5.26441
-0.246331
-2.663
4.61475
0.164218
-1.41393
-0.287515
-1.08911
6.52025
-0.787217
1.85148
0.0898509
-14.377
-0.157835
0.939192
-11.2461
1.29078
9.21253
0.215935
-1.40409
154.779
-3.18979
0.166144
-1.01115
0.608911
0.11983
1.40405
-6.0323
0.161697
-0.642398
-1.03419
1.85992
-0.740233
0.927988
-0.222324
0.791577
0.125805
-2.77489
-0.0661274
0.836408
-3.24344
0.25618
0.312014
-0.101461
-0.827792
-2.30897
0.267338
0.435649
0.468732
-1.23406
1.36719
0.359563
1.24317
-0.806688
1.07808
2.35215
0.233342
1.38769
-2.477
1.00517
1.71495
-0.611696
-0.0581584
0.0615
1.06713
-0.0265598
-0.122968
1.885
0.520167
0.32248
0.66262
4.77893
0.0472358
0.243083
1.31806
0.0779286
-0.44275
-0.525607
-2.52323
-0.120815
1.10209
4.92239
-4.961
-1.90078
-0.0784276
0.741169
5.89154
-1.23388
1.80786
1.12558
-3.98988
0.911467
0.52581
0.786022
-3.09994
1.6057
-1.69219
0.359597
7.90299
-0.0106183
4.06059
-1.13935
-0.530332
2.17904
0.598124
-0.817132
-1.99554
0.306306
1.45657
0.639583
2.93529
0.483708
1.18047
-0.386026
0.811903
3.80504
0.215898
-4.01482
0.299976
0.427776
-1.40966
-0.385384
2.08226
-0.0767187
0.95833
0.364725
-1.83697
0.439556
-0.512694
-0.839323
1.00225
-0.881992
-0.501105
0.0469169
1.55706
-0.0745412
-4.41222
-5.41916
1.24399
4.82795
2.17666
0.484804
0.746748
-0.197256
0.998007
-15.2358
-4.35275
0.760104
1.13401
-0.103468
2.50547
-0.753959
-0.632352
-2.25742
0.167897
0.143665
-6.89245
1.59229
0.15425
-0.896139
0.697494
-0.766474
0.407791
-0.330453
-8.9399
2.32478
-3.65361
0.137718
-2.37502
-0.323328
-1.69422
0.809183
-0.154816
-0.917763
1.86885
-0.370118
1.37463
0.581398
-1.6758
-0.397644
-8.59794
-0.167124
-0.224848
-2.18618
-0.242191
0.012027
0.320657
-1.53156
-1.47261
0.0291008
-5.64489
0.256393
-3.58398
1.00559
-1.04685
11.7098
-0.467253
1.15152
4.71833
-0.490597
0.817485
1.45792
-0.723688
-0.520723
-0.323237
0.512961
-1.00718
-3.07807
0.290052
-0.0771778
-4.15979
0.781305
-1.60158
-128.1
-1.36709
-2.83936
-8.37232
-23.0616
8.61185
-2.25153
1.1036
-0.421332
1.52299
-1.50378
-0.954234
-3.82544
-5.29585
-1.47865
-0.851555
-2.32104
1.29553
-0.554537
-0.185914
0.934561
-1.94578
0.222149
-27.4491
0.0444865
0.0330186
0.67741
1.28839
1.00656
0.517423
1.18582
-9.43302
-2.33452
0.00888934
2.59144
19.0356
1.73792
-3.10971
0.966976
-0.232007
-0.894901
-2.04833
2.09969
0.287669
-0.327033
-1.12187
0.396074
0.408483
2.28575
-1.53701
0.255439
0.189056
0.491695
-0.407681
-0.58172
5.69177
0.474759
1.17319
2.08495
-0.062924
0.359447
2.50982
2.14327
-1.16548
-1.99566
-1.96735
6.20873
0.146331
80.1152
0.517117
-0.450301
1.52207
-0.779274
1.08197
-6.02102
-0.439976
-1.30433
0.174218
0.0282346
0.171453
0.872407
1.72544
-1.12444
0.48583
-2.99861
-0.844414
-0.209799
-0.235573
-0.554039
0.093798
0.426815
-0.00426529
-0.104114
0.514089
2.70319
-0.0851821
0.890029
0.981346
-3.1874
1.83861
-1.50097
4.25081
37.4272
-0.747796
-0.624528
-0.37011
0.308472
-0.0624121
-0.216945
-0.332924
-3.45794
12249.9
-0.918843
-0.396451
1.71575
3.64346
-16.9789
-22.6419
5.45711
1.18693
1.77219
-0.901976
0.880531
0.918888
-0.456318
-3.28545
-0.415678
-0.0606245
0.462015
-2.80093
-0.702151
-0.417449
-2.36625
-2.77212
-1.38225
0.0836755
-6.84598
0.82439
0.0453126
0.166509
1.25144
0.498384
4.27226
-1.16376
-5.04427
0.979339
0.0469935
-0.861819
4.70876
-3.32323
-0.383776
-0.947723
0.496039
-9.65319
0.410508
-0.411549
-2.3093
-0.358107
3.69396
-0.325881
-1.85311
1.47747
-10.6894
1.34739
0.113563
-0.966918
-0.518043
1.78628
-0.311771
1.45807
-18.5233
0.126436
-0.0661098
0.554099
-0.816291
-0.16563
-1.65048
-2.34891
-2.54158
-9.46087
-0.326779
-3.23403
0.767264
-1.05798
2.77899
2.19564
-1.51267
-4.23417
-0.38445
-2.76353
-1.58612
2.04097
-0.869928
2.30653
2.67644
2.14247
0.647093
-17.3313
-5.70543
-0.211363
0.0965909
1.38216
0.390724
1.04791
-0.934809
-1.14821
0.006648
0.0673932
0.961197
0.385952
-1.38695
-0.535664
-0.148676
0.607145
-10.3097
0.689444
0.257329
-3.20158
-10.4081
-3.29149
-0.463838
-6.26292
-0.213224
0.143399
0.0691423
0.209752
0.902332
0.20665
0.0777289
-1.85728
6.18046
-0.260562
-2.04439
-4.533
-0.264229
-0.483247
1.31754
0.11348
-0.220798
0.740452
2.26486
-0.115217
4.40283
-0.688156
-1.71181
1.39559
-2.15067
20.9131
2.27582
0.210926
-0.0379001
-0.398363
0.312896
0.257164
0.312877
-0.279832
0.277516
-0.367064
-1.87577
-0.0142442
-0.226702
1.26275
0.675211
0.467364
-0.331892
0.879177
0.0717591
-1.00209
-0.441396
-2.00241
1.88692
-0.0697912
0.49829
8.69089
3.53274
1.40734
-0.732582
-0.795486
1.19908
-12.1572
-1.00016
0.676373
-1.14907
0.237694
-0.268879
-0.00650449
1.46593
-0.380156
0.232834
-2.5661
-0.545153
-0.444669
-0.0542792
-0.35396
-0.90989
-0.522035
-1.49622
0.113659
0.409427
-0.0754998
6.57101
19.62
3.54896
-0.120233
-0.118304
21.3545
2.58983
23.5922
-78.4458
0.0917111
0.80822
0.757975
0.899321
-0.241113
0.100812
29.4888
-0.772079
-0.349453
0.0929918
0.629661
-15.4837
-6.84668
-0.469213
1.01953
-0.370282
0.31519
0.210256
0.654747
4.42336
-1.80933
0.796761
-19.1567
0.246016
-0.650014
0.618187
-0.427856
-0.144355
-2.44707
-0.687614
0.00799189
0.562276
0.18171
0.211166
0.585643
9.24391
-2.51841
-1.25557
0.0373332
-42.5347
0.0496989
-1.94988
0.685074
0.362654
-0.648388
1.87517
-18.607
5.1393
0.715551
-1.1753
30.6252
1.29905
2.06488
8.23709
-6.06141
-5.55988
1.11028
0.184307
-4.94541
-1.23702
-0.0285723
2.81638
-0.377745
1.15261
-0.718257
-0.330394
-0.332701
-0.611982
-1.0516
-1.46909
-0.114837
0.667617
-1.86774
-2.01687
-0.186086
0.293895
-0.283293
-5.49495
-0.209688
-3.19035
5.56102
0.900123
3.85431
-0.365196
0.00570373
0.856699
0.577237
-6.7765
-0.672047
2.75247
0.503456
0.722541
-2.14744
10.1484
0.520495
4.61933
-2.13296
-2.59567
0.436796
10.2235
21.2423
0.707557
-0.321993
0.447128
0.0967313
0.907652
0.313329
3.40705
1.08887
-0.42038
0.0359794
0.44941
0.271029
1.77403
-0.341816
5.17887
-10.8309
0.852321
131.939
-0.205044
-0.722742
-0.118923
0.591671
-0.613929
-2.71336
1.45913
0.330061
3.65779
0.685459
0.369361
-3.51064
1.89357
1.12451
-1.92167
2.16128
-16.7107
-1.64721
-4.64478
-5.03596
-5.38154
-0.00250655
-2.03237
0.00616693
-0.397763
0.60153
-1.43774
-0.434218
2.54301
-1.09148
-0.500281
1.68543
-4.15573
-0.0705981
-2.81938
-0.478634
-0.668863
-2.13705
1.45207
1.29805
1.62809
2.46247
0.6692
0.0701447
0.57339
0.371525
0.643834
-5.24769
-0.305114
1.84312
5.70729
-2.04641
0.447544
-0.622151
14.4456
-2.65107
-8.44216
0.401957
-0.655483
-0.288438
5.97897
14.2484
-2.12497
0.44957
1.87984
-30.579
-0.747365
6.23176
-1.24873
6.23771
0.276646
0.869937
-0.561107
-1.12607
1.03962
-3.45263
1.78721
-0.323254
-0.8866
0.0594401
-2.91348
3.9969
-6.38017
-0.815601
0.321483
0.0813205
-0.345106
-0.256529
0.335738
0.0803455
1.18665
-2.82415
0.768851
0.966191
-0.43374
-5.53975
-6.21541
0.0979178
1.01541
-3.79737
0.577244
-1.14478
14.1809
-1.04698
-10.4451
-0.0884047
-0.653903
-7.4202
-0.475683
-19.6418
0.235747
0.541227
-0.428646
-0.512671
0.76452
-0.513693
-0.917366
-2.27153
3.23575
6.21097
-0.485333
-1.11675
0.733261
-0.720314
0.222482
0.399935
1.75076
1.87495
-1.72789
-1.56673
-2.67296
-0.961976
-0.544606
-1.33318
4.20487
0.20217
1.35494
-0.579179
-1.43531
0.937325
0.597836
-0.410512
-0.358424
-0.64067
-0.227351
-10.0781
-1.66578
0.0847966
12.0093
-1.62773
-0.0879871
34.4229
-0.176014
-1.58311
0.0508602
-2.45274
-1.13072
0.425967
0.993023
-1.1918
3.19764
0.568261
0.297976
-0.439061
-2.48905
2.2654
-0.880679
-3.69833
-0.514417
0.505837
0.214181
14.5939
-0.0639039
-0.574935
1.04537
-1.0725
-0.542947
1.23026
-0.230819
0.996796
0.0294058
-2.76454
-0.409103
-3.8196
-6.03581
18.1292
22.806
2.30916
0.352408
-0.16587
1.40872
0.813583
0.386108
-0.669452
0.58712
-0.661552
-0.063559
1.57065
-0.201062
1.66151
1.34348
0.737134
1.03306
0.494679
0.076779
-0.0832788
0.780987
-0.0903029
0.785955
1.08979
0.072632
0.799816
-1.39464
-0.486693
-0.0732176
0.691875
-1.90349
1.26124
0.0530541
0.664153
-1.22878
0.0957612
-0.417531
-0.250502
-5.59774
-1.97492
1.50096
0.556276
-4.57134
1.06974
-13.1613
0.344179
-0.600929
1.61598
1.25188
0.702654
-0.624779
1.22736
0.70287
0.985695
-1.2152
-0.222979
-0.248362
-0.0965534
0.905364
10.51
2.36688
-2.73529
2.04394
-0.42634
0.902994
-4.1284
-18.6081
0.278725
2.40242
0.755457
-0.190843
11.7824
-1.21339
-0.337154
0.0734448
0.348937
-0.783566
2.35618
8.74656
-0.969866
0.904733
-0.217926
2.19504
-1.30111
0.360855
1.27295
43.025
31.1144
-0.381885
0.199611
0.791326
-0.1273
8.83144
0.0588044
-0.641745
-18.2199
-0.579761
-1.1757
0.780131
-0.1293
-0.941959
-0.414358
2.43339
-0.193589
0.23778
0.910359
-0.0771291
-1.07033
0.0875255
-0.857789
-0.316563
-0.902925
1.80246
-2.25653
-0.860483
-3.04977
0.05915
0.176006
1.59233
-0.448456
2.10014
1.14349
2.38972
0.845088
3.37868
-0.939697
-0.851899
-2.40148
-1.32765
-1.91287
0.0447749
-0.396139
0.620415
-0.872236
-2.72758
-1.90889
1.83296
-33.6875
1.18077
2.71474
-0.45502
2.93938
6.22372
0.103763
-0.376329
13.8664
-0.221773
0.0975748
54.2664
-0.138657
-1.37557
0.588728
3.66373
-0.348087
-5.81021
-2.44323
-0.0705721
-0.6615
-2.40872
0.325732
1.78952
0.656987
-0.396128
0.356383
-0.904791
-0.617306
0.412022
1.16573
-4.41129
0.404292
4.61301
-2.01111
4.08697
-1.39926
0.105762
1.12883
-0.438882
-0.727949
0.153109
-0.00276232
-2.52778
-0.0480982
-1.29859
-1.58552
-1.50152
-2.66557
2.0593
0.707646
-0.667222
7.12847
0.389816
22.3242
17.1373
-1.11587
0.65718
-0.140084
-2.8598
-8.41117
-7.35989
-2.5372
-1.08226
-4.33864
0.998563
0.413756
3.71094
0.527234
1.47008
0.39774
4.09292
-1.74012
0.825962
-14.3104
-2.16908
-0.65793
-1.12041
1.67732
-0.539799
-0.186288
-14.6815
-0.0365337
0.247795
0.373082
-2.38851
-0.460443
0.322793
-0.293685
-0.400011
0.652183
-0.645799
-0.206916
3.44947
-0.80452
-3.32256
-6.48733
-1.42912
-1.17368
0.369362
-3.66454
-0.523764
1.49843
0.115334
-0.903994
-0.261332
-2.92819
0.949812
-0.570546
0.03153
-1.34861
-3.94036
0.776731
0.0658004
-9.27597
-35.3193
4.13469
-0.00710097
-273.529
-3.68085
-0.136057
0.296198
-0.729919
-0.744019
-0.196245
1.19219
1.10064
-6.24624
0.321354
-0.138574
-5.38796
0.829786
0.621852
3.03659
0.190778
-15.0503
-2.33072
8.9846
0.299987
-12.4527
0.433366
0.093603
-7.90498
0.476132
0.550227
-0.509525
7.57862
-0.434074
16.6481
0.00221975
1.15398
1.00901
-0.00650594
0.748293
0.823216
-2.55618
0.719521
0.467121
0.297231
-3.57271
-0.458284
-1.13454
64.3862
-1.83784
0.782957
1.13038
-1.1323
-0.855096
0.543526
6.15336
3.45767
-4.35837
3.36632
-1.01036
-1.04558
2.15324
0.259091
-7.86054
0.802368
-0.756301
1.18175
1.95775
-0.638372
0.33448
0.335532
2.52317
-0.607433
-4.06295
2.30844
0.709745
-0.101993
0.596031
2.55864
-1.33689
1.81698
0.881208
13.4782
-0.974418
-0.892724
1.42673
25.4339
0.390648
0.631488
-1.41801
-0.428524
-1.88596
-0.329931
0.847902
-11.1779
2.49263
-0.122634
0.114357
1.88404
1.57261
15.7384
-0.442664
0.648619
-5.88879
-0.312247
-0.428822
-0.594868
-0.108143
3.7247
0.802725
10.597
1.08432
-2.00288
0.691185
2.5528
-1.65702
-0.41245
-9.98268
0.526518
-1.16058
-1.20123
1.72484
0.106063
-1.714
1.41645
-0.150564
-2.68591
1.79446
-5.47499
0.383187
-3.28805
-0.171361
-0.0743543
1.50381
-1.37942
-0.371422
-0.144532
6.11586
-0.546568
-1.24235
-0.192519
0.156087
-1.6998
2.91414
0.5797
-1.13868
-0.923006
-0.0381274
6.49408
-0.477959
-3.14336
-0.563044
5.41393
-3.95175
20.3244
-0.445383
-131.533
-2.46306
-0.48184
-1.20109
-1.30345
2.18756
1.78849
-0.682521
-0.487448
-0.578057
0.705623
-1.57329
3.14467
-0.0319088
0.57739
0.96552
0.623549
3.81723
-0.938042
-0.642104
-0.249388
1.53916
2.75053
-44.0551
1.26834
-14.9166
-0.0776221
-3.23113
0.328712
2.4144
-3.27677
0.192607
1.60078
1.3425
-2.54744
-30.4268
0.881428
2.08696
-16.2224
3.36246
-1.47271
1.41596
-2.0096
-1.01237
-1.62273
0.145343
0.403335
-0.030231
0.266188
-60.5805
2.00254
1.50905
-0.257432
-0.0322824
0.535845
-1.64203
-13.7532
0.787657
1.34493
-0.127078
-0.122163
1.85792
0.590656
0.702168
4.51182
-1.59553
0.309898
4.85737
6.85658
-0.871286
0.449203
0.3766
0.111333
0.830037
-2.22387
1.02239
-1.60734
1.587
0.24327
16.4297
0.318022
-0.0815167
-7.35249
1.11818
82.1111
-35.7955
-0.0494811
5.46757
-0.481267
10.7659
-0.387005
-0.36492
-0.625326
1.12034
0.16226
-3.4348
2.75864
1.37472
-0.368356
-1.03298
-0.927231
-2.78105
-0.533704
-1.20697
0.501873
0.321613
1.76107
0.01667
-2.31485
0.344893
3.00112
0.375369
1.85671
0.125152
-2.07205
4.40255
1.31296
4.00692
3.1342
0.927278
0.0583712
-0.504406
0.478482
65.7896
-0.202399
0.893388
-1.87094
0.0614108
0.834554
0.842024
0.466691
-1.43246
1.03164
-0.52967
-0.782865
-4.98153
7.58626
0.548707
1.77523
0.799437
1.4964
-0.478477
-0.51887
1.22465
-0.686808
-5.38975
-0.0686812
-0.418755
-0.445165
0.0862007
-0.577296
0.018952
48.3428
-0.440779
-1.69878
0.54591
-0.68148
2.84383
10.3881
-2.50778
20.137
1.11932
0.971855
-1.05994
-5.92428
7.08547
-3.3004
0.963694
-0.718193
1.19601
1.10492
-1.25854
-1.63779
-0.215773
3.65011
-0.627317
-5.1773
0.486421
-0.962188
0.652874
-0.216087
0.895699
-4.00583
1.87817
-28.0714
-1.32553
-1.79878
-3.06875
-0.391193
3.47719
13.456
-2.03834
-0.505151
-0.898112
0.44727
6.78045
-1.12668
-0.474162
-4.37116
-0.229153
3.42145
0.790268
0.973328
-2.22313
-0.574489
7.56955
-3.13076
-0.681592
-0.159149
1.43449
0.0216887
-0.570196
0.921741
1.5153
18.3546
-1.19224
1.27721
-1.28
-1.8625
-0.278104
0.291974
-10.147
-7.29325
0.13184
0.728566
-0.55608
0.365319
0.429996
2.60043
-1.02187
0.392872
0.890252
-1.88639
0.337796
0.577608
-6.40582
7.78628
2.22587
0.451219
-1.49078
-0.599023
-2.72464
-3.36734
-0.755217
0.222406
-4.13249
1.51077
-0.795918
-10.824
-1.92633
-3.31434
-4.86642
1.60349
1.41807
-1.04823
-0.404947
0.788444
0.658479
1.254
0.411318
-0.616551
1.49515
1.47177
-1.43327
-5.22225
0.979762
-0.822875
0.227313
-9.67874
-5.21002
0.597228
-1.14311
-0.842162
-0.425775
1.23944
1.70572
3.10311
-0.322828
-0.627709
-0.999716
0.656638
-0.96612
0.66598
1.88934
-1.06364
-0.117945
-2.48054
-3.28392
12.5093
3.81312
-5.81581
-0.349094
3.94651
-0.378688
-1.54655
-0.555419
0.180857
0.472348
-2.64176
-0.269101
124.988
0.981938
-0.385161
-0.583875
1.81967
1.94213
-0.265533
0.125131
-1.86295
0.77254
-941.596
-0.420376
10.8448
-26.4426
-2.27896
1.30452
-0.011315
5.36507
3.98396
0.323357
0.301869
-0.321376
0.57108
-1.05718
0.184888
-0.144979
0.847095
-0.647981
0.0290391
-0.698203
-1.31942
4.28002
-0.791028
3.1065
-8.68604
-1.80678
1.09002
-0.0327994
-2.80822
0.216304
0.420037
-0.679771
0.142829
0.0716548
0.473221
1.07605
-2.5888
-4.89979
1.69529
0.160711
0.906149
-1.40569
-0.656202
0.39199
-0.517069
1.25959
-1.09517
-3.08815
-6.84943
-2.1367
-0.0275641
2.54533
0.530355
-5.7476
-1.07999
2.70352
-0.00372173
0.377219
-1.01185
-1.55128
0.151835
-5.04841
0.00176359
-1.97091
-123.167
1.59721
0.0631698
-6.68916
-1.68176
1.23292
-6.81037
-0.753051
0.365003
-0.518645
-1.89312
-4.33497
-21.5733
-2.25467
1.36849
1.51536
1.08875
-0.0257068
-0.61825
-0.0437097
-332.075
1.43562
-0.380225
-1.12902
-1.46213
0.448071
-1.34573
-9.33581
-0.477312
1.58885
0.13636
8.64056
0.385909
-0.374624
-0.747207
0.961671
-0.657763
1.719
-0.41194
1.79225
0.377808
-0.865454
0.0966515
0.686052
-10.4412
1.03087
1.42057
0.873757
-5.34435
-2.13892
-0.438177
-0.444351
-0.26679
-1.99393
-2.17196
0.100431
-0.0404079
-0.532697
0.0464887
0.609244
0.0912215
-1.82795
-0.333377
-0.620635
-0.419374
-2.09207
0.204596
8.06051
-6.44469
0.390703
-1.20673
-2.4396
1.51793
-0.366856
3.43478
1.18691
-5.67638
-3.36519
0.0454431
-1.11704
-0.160578
3.59225
0.258091
-0.695815
0.860077
-0.421253
1.87963
0.102094
0.189289
0.10881
-0.655605
0.259318
3.73146
19.2395
0.0749208
0.267119
-1.11171
0.916814
-2.16249
0.814516
0.509855
1.32544
1.21715
0.458742
-1.1395
0.242088
7.63502
-0.117965
-0.133879
2.0469
-12.396
74.0841
0.973459
-0.780857
-0.648193
-0.662941
-1.09156
4.43809
-1.10837
-0.594886
0.582848
-0.0848036
-0.901896
-0.22506
1.54681
-3.94692
1.12772
0.849111
-4.68878
0.0830572
0.354437
-0.348668
1.31377
5.26849
0.21462
-0.646647
0.802699
-0.762819
-1.35471
0.726959
-0.757383
-7.07242
0.104316
-0.370276
-1.30728
0.13266
3.30084
0.268707
-0.33898
0.76436
-1.06122
0.918339
2.92443
-5.47041
1.91008
-0.103403
0.355609
0.350903
0.228126
-3.16466
-0.812407
0.55068
-1.70611
6.10782
-0.0262244
-1.28841
1.28561
-2.48801
1.36566
0.0455766
-1.43793
1.13756
2.16681
0.617908
0.848215
-0.768274
2.91468
-0.00548246
11.7336
0.893434
-0.868353
1.29745
-1.23378
1.34472
-0.604065
-0.717487
0.497191
3.35595
-0.115864
1.52116
1.33789
-4.75022
-1.97257
-1.06462
0.689873
3.97819
-0.465189
4.79402
0.454006
-1.11155
-0.145318
0.0473606
-1.52048
-0.650158
1.65805
-1.19893
-0.702362
-0.610782
-1.28401
2.21422
0.0638441
-0.709103
1.90616
0.570365
0.0713791
-0.195369
0.629712
-1.83187
0.617046
-0.49917
-2.2955
6.50036
-1.34984
0.140949
1.50573
0.233773
-4.47964
-1.38516
-1.37688
-1.49339
-0.227108
3.8957
1.6531
-0.0572962
-0.653535
3.05784
3.43196
1.04348
0.566074
-0.152376
0.491628
-1.97443
1.15295
0.165703
-2.31969
2.76818
0.00580052
-0.791375
-0.447283
0.63294
0.596103
-1.1103
1.30591
-0.320428
0.165103
-0.198204
-22.396
0.0252295
1.4288
0.180846
2.77642
-0.660489
0.589851
-7.56721
3.1856
9.78671
-0.734202
-3.95894
-1.92189
1.63658
0.555871
40.6381
0.784576
-1.78722
1.15869
-0.0118016
-2.97705
-1.12572
1.8071
0.382183
-15.2489
0.0200548
-0.263275
-0.832353
17.8392
-13.0652
-0.572323
13.902
-0.0241557
2.07583
2.28654
14.6476
0.401298
-0.270888
7.75332
-1.33029
-2.44552
-1.5936
0.396802
-19.7683
1.02681
-41.4489
0.185509
-8.4146
-4.10323
-2.7694
0.953411
-1.02381
-0.0821171
-0.966661
-0.721768
-0.137915
-0.146955
0.750067
-3.96655
-53.0472
0.273932
0.765372
-2.09346
7.3144
-3.29278
3.2316
1.42279
0.953837
-0.208136
1.38746
1.44093
0.214222
5.44253
-3.19686
-1.00992
0.330747
-0.0893982
-1.33685
-4.22558
-0.945622
2.67072
-0.883833
-1.46894
0.348815
-0.98167
-0.389706
2.10831
1.89338
-5.22458
4.45148
0.0812008
-1.12253
2.99056
-2.30212
0.574293
2.24108
0.224094
-846.22
-2.93095
-0.783203
-3.7479
-0.341806
-0.635012
-0.788506
-0.58446
-0.190337
1.88107
-2.9235
0.31137
0.434571
0.249725
-2.679
-0.764904
-1.00139
1.29369
6.48305
-1.90724
-0.330556
-1.41397
-1.13247
0.610697
4.2843
0.665619
0.365132
1.08205
0.909619
-0.582091
4.11443
-4.2971
-1.05684
1.68041
1.98906
-1.23624
-2.80498
1.17618
0.428436
-1.11208
-0.130625
-0.0435626
-0.51723
-0.00868557
0.0603143
-0.274632
-0.146892
-1.73628
1.83645
-31.1148
-0.432353
1.47843
-0.196025
0.306471
-18.2894
2.22798
-0.421872
2.90869
-1.382
1.18538
3.63077
0.208679
-48.2984
-0.535184
-1.09485
-0.0161845
2.38917
2.66249
-1.66401
-4.02649
0.75659
6.51525
0.203632
2.99162
-0.312881
0.928771
0.119196
-0.466567
0.0893475
-22.8596
-0.159851
-0.00752211
-3.33413
1.5564
-0.268675
-1.28859
-0.880527
0.640999
-6.64546
-1.03043
-9.92446
0.203759
-0.298223
0.673999
-0.068087
0.326481
7.25647
-1.2461
-1.50707
-0.450488
-0.240359
-3.35013
2.61625
-0.011997
1.35455
-1.51663
1.51448
1.07304
3.60626
-1.24002
-0.361089
-3.78049
-2.64762
-1.14812
-1.54411
0.289279
4.27844
0.846679
0.177716
1.7675
-0.528283
9.25214
0.912785
-2.52266
3.29796
-0.142953
3.85363
-2.57097
0.628652
-3.06025
9.98533
-0.731208
0.226746
2.35727
1.59066
2.24907
-2.23355
-3.54482
-0.557032
-2.07783
-0.865394
0.0754836
0.691586
0.568047
-2.55565
-0.297913
0.022841
-8.59502
0.333777
-0.393094
5.32919
-0.531661
-2.50162
1.27047
-1.86138
-1.12977
2.35159
-1.28608
0.999915
0.013143
-96.0271
3.65844
-0.0789156
-1.76668
-0.350892
1.05247
-1.71395
-0.802063
0.394549
0.839289
-1.24313
-0.256106
-1.50998
-0.222357
2.93916
0.316441
-1.6348
-2.21074
14.0813
-4.46015
4.77704
-0.286551
-2.23887
0.326614
2.35447
-0.592204
-17.604
7.13108
0.210663
0.696109
1.04646
0.595623
9.68756
44.6302
0.137821
-5.67987
4.18391
-0.447633
3.27376
-0.433649
-0.517955
1.99638
7.90268
-0.0390834
-0.222771
0.592425
2.11504
7.43252
-1.31158
1.57611
-4.77519
3.81653
0.165169
1.71168
1.18714
3.13487
-0.960114
-0.0398071
0.301691
-1.50404
-0.78281
-0.114435
0.0492487
0.00647351
-1.07256
-0.28819
2.30406
1.3121
0.305559
-0.136068
-0.554227
-0.931335
-0.880681
0.51743
0.601068
0.198878
7.3449
0.678719
1.87164
6.0433
0.801311
-0.468277
0.304205
-0.885744
9.41782
0.441629
2.74894
-0.261223
5.87269
1.69496
-0.288666
-0.861074
1.68026
8.87338
0.773709
-1.25325
-0.32582
-0.260151
-5.45475
-0.53329
-0.671797
0.674907
0.915622
0.663565
1.85735
21.6244
2.50911
0.84314
0.238842
3.09398
3.18404
21.4234
0.827611
-3.96701
1.3429
-1.13343
1.13799
-0.529575
-0.157914
0.359319
1.55722
-35.2946
13.2982
0.835041
-2.3435
-1.22199
-0.499397
-0.270852
-0.668789
-2.29622
-0.172355
0.233716
0.106953
-0.985514
0.381413
11.3692
0.030721
-1.48028
2.90177
-21.6611
-0.549158
-4.75099
0.635597
14.9936
-0.706975
-0.284362
0.526936
-2.80046
-0.703595
58.0037
-2.08028
-3.8142
-0.0654925
-1.72555
0.0703252
7.46635
-1.95241
-1.85998
3.26405
2.08833
0.235437
-0.100861
0.73786
-0.703796
-0.819764
-0.369807
0.659325
-125.575
-14.6503
-0.446933
0.738064
-2.34144
0.556887
1.60129
0.320248
1.43535
0.880216
-0.453167
0.0234368
-18.9982
1.21281
-0.21187
-1.10121
2.89588
-2.35848
-0.457456
1.20316
-1.68913
9.70366
0.260135
-0.762287
2.61353
-5.81572
-0.446452
-1.39021
0.786374
-2.56596
1.24626
-0.244303
-2.45581
0.291747
-1.52077
-0.44084
0.50281
-2.69737
-0.591519
-0.146969
20.105
-1.99517
0.806714
4.80239
-0.791048
2.22003
-5.30997
0.378254
-0.671241
1.01233
-1984.21
1.1296
-1.24526
-6.18528
1.02703
1.55401
0.228567
0.0763024
-1.08496
-1.94343
-13.9454
-3.3219
2.31242
-0.655173
26.9406
2.51413
-1.48904
9.43072
2.29716
7.48847
-5.2484
-0.322255
0.106964
2.81157
23.6957
3.49346
0.826435
0.879557
3.58363
13.1467
571.322
0.564415
-0.936681
0.417253
0.312127
1.21833
0.436473
13.8497
0.234649
-0.453529
0.666464
0.133245
0.147115
0.473117
10.239
0.897756
-0.488804
1.70748
0.350426
-7.93989
-1.50766
-0.375354
0.783812
-0.531399
-7.29914
-0.495646
-1.80237
-1.07573
0.484048
0.171679
-1.7539
-2.0763
0.565014
-0.444921
0.166368
-0.208892
0.0355825
-1.81472
0.803749
-1.6945
0.505159
-0.456743
-0.00871099
1.45493
-14.215
-0.174612
-0.481932
-0.106202
1.61888
-0.594692
0.666368
0.239723
-5.94221
-0.128508
-0.915455
0.845781
4.06592
-0.14256
-1.66768
-1.02513
1.34811
-0.00763751
13.1167
0.176952
-2.12674
1.09256
8.43159
-3.1227
11.7999
0.943902
0.172707
-0.678868
2.91681
0.330686
2.07805
-0.691878
-0.792419
-0.923625
-1.45826
3.1541
0.0626187
0.707114
0.0531283
0.0141491
0.0325202
1.14414
-1.82226
0.70376
2.11379
0.694049
-2.18171
1.13144
-9.74745
-2.38886
0.993043
2.93258
4.10668
0.716162
0.797486
-1.14774
147.532
1.08877
2.16461
-0.567223
0.590122
-0.260321
2.12073
0.176056
-0.932163
0.763576
-0.611069
1.97392
0.856855
-11.2672
-0.43483
0.902419
-0.793894
1.50734
0.401457
0.823164
-0.127554
1.21302
-0.479763
-0.325835
1.82168
-0.709043
1.06228
2.13253
-1.9654
1.66014
0.463629
-6.19195
2.21428
0.0205526
-0.831267
0.374745
-1.26113
-0.090306
-0.991408
-1.06961
-0.932377
94.3383
-47.1035
-15.3123
-0.145686
-0.443806
0.152107
0.670768
-0.106477
-5.62318
-3.01906
0.120896
-3.18576
2.26009
-4.16801
-54.6349
0.679526
0.133323
-1.69584
-3.36635
-26.4446
1.85646
0.494608
-0.513441
-0.168303
1.89328
1.08226
-1.0078
8.5266
2.33673
-0.184844
-388.241
0.412018
0.533163
-0.135071
-2.05197
10.5752
0.74651
0.947247
-0.373816
0.890876
0.926498
2.21871
0.185211
5.88435
-0.506618
16.9544
0.103265
-1.40878
1.51547
-0.244776
-1.02198
0.447123
-24.0003
-1.23938
-0.267182
0.357858
-13.4905
0.359621
-0.811042
0.198179
-0.274253
1.14
79.4041
0.550862
-1.48788
-0.564841
0.993001
-0.965944
1.61817
2.67275
-9.09785
-1.67022
-0.438438
0.743554
0.419528
-1.21016
-0.885199
-0.0265513
-4.39825
-2.98403
1.644
-10.9287
-1.22255
-0.394499
-4.25695
2.59246
-7.1319
0.642763
0.45175
-2.62186
1.40346
0.221076
2.90135
-9.69018
-1.15836
3.83768
0.736135
-3.56965
0.250006
-0.255135
17.1378
0.116794
-1.98142
0.56381
5.23636
1.23785
-1.30588
0.300397
-0.80236
1.15008
-1.3661
-3.62749
1.00255
0.81955
0.0258247
0.386532
-0.178664
0.926149
0.0691969
194.123
1.5393
2.16232
5.02345
2.0541
-0.00700953
-0.943065
0.494231
1.21491
-0.00237152
-1.76045
0.552759
-5.3146
-0.265269
0.974468
-1.44628
1.60442
1.96657
0.427993
8.22803
1.68811
-1.01295
0.0855422
0.357664
-0.400131
-0.248756
63.2945
0.960048
3.65711
1.26944
4.9203
0.594008
0.0275949
0.51611
0.463642
1.05453
0.749992
-0.760475
1.06394
-8.41659
-0.443475
0.422395
-1.99078
-10.7828
0.16443
0.762441
-0.168346
0.980726
0.0796128
0.11877
-1.12661
0.786401
0.332102
-0.500867
0.134205
15.547
-1.20934
59.1488
-5.27355
-0.53409
0.712927
3.24052
-1.27538
2.88533
-0.125849
1.2484
142.139
-3.98846
0.33229
1.36775
-0.258832
0.579248
1.13227
-0.364262
0.915572
-3.62244
-0.672651
6.02936
-0.506141
-1.39533
511.158
1.63812
-0.730467
1.61896
0.0103253
2.34641
26.6813
-1.86415
-2.65344
-5.84495
-2.45537
-0.561793
-0.566993
7.8526
-0.327147
-0.974725
-1.98578
-1.00931
-0.171843
-2.03048
0.844696
0.479111
-0.971124
0.768436
0.330928
1.52071
0.400994
0.378665
13.3143
1.19346
-0.522764
6.32219
-0.0426086
15.068
0.457807
10.5728
-0.94711
-0.0422825
-0.0696316
0.271422
4.07101
-1.38525
-3.1184
-0.621942
0.68529
-6.71817
9.41607
0.231505
0.944418
-0.00773358
-0.942195
-1.05703
-2.6162
-0.730444
-1.14886
-0.180031
2.28297
-3.17533
-0.976813
-0.156956
0.146345
-1.07377
-0.287168
-1.78908
-0.0816855
-0.0911707
0.526571
-0.718089
-2.30839
-1.44521
2.70558
-20.6139
1.10728
-3.95046
0.632276
0.274192
-3.18485
-3.3608
0.158218
0.162494
-1.71632
0.543588
5.35697
-1.69692
0.253329
4.18344
-0.640247
-1.1155
-1.82972
18.0308
-0.0597609
1.22737
-0.101739
-0.111329
-12.5062
-41.6672
-0.00535083
-0.120753
-21.4365
-19.9108
0.0531409
1.36719
4.40336
-0.0105099
1.00287
2.8452
1.34643
-0.499144
1.28767
-3.54557
0.0131639
3.94555
-3.5984
25.0319
-0.700476
0.515178
-1.11515
-0.886211
2.00569
-0.916777
-1.85284
-2.36781
-4.13362
-2.51794
0.549274
-1.24494
-3.0263
-0.136446
0.0523274
22.7601
-0.287781
-0.632314
1.00656
-33.3687
-0.0451846
0.418971
0.0524368
-0.515405
-0.118048
-1.30714
1.2634
0.575847
-0.146937
0.358707
3.51897
0.122239
-1.40117
0.373164
1.2891
0.604297
-3.45187
-4.50704
-0.0807424
-0.27711
-2.08031
3.0869
-0.0346517
-1.06421
-0.276164
0.271409
1.97991
2.02648
-0.0794055
1.36484
-3.50146
-3.36421
0.735595
-3.64214
0.345217
-3.53646
66.5162
0.489994
-1.32861
-31.1727
2.04076
4.93148
4.05881
-6.76501
1.88086
-0.40528
0.0588167
-1.83118
-4.60687
1.58366
1.37177
-1.15258
-0.284872
0.94867
0.665637
-0.063822
0.131944
-0.329343
0.735433
-0.926974
1.60623
-1.6682
2.9417
-2.2745
1.72247
-0.184387
0.495887
0.20474
0.417356
1.17615
-10.677
-3.2755
0.214839
1.6663
-0.208455
-20.3337
1.84719
0.969395
3.10505
0.33185
0.763702
-0.348769
-0.416908
0.692869
-0.289128
-0.500032
-1.24438
-2.94192
-0.657466
-1.41446
-1.129
-2.67921
-1.1328
-0.124955
-10.3486
2.37082
1.95955
-1.13444
-0.459533
-0.361996
-0.0320469
-1.53851
-0.620903
-0.894925
-0.226271
-5.29913
-7.72012
-14.1457
1.13482
21.8863
24.2023
24.1366
-1.68248
-1.31407
1.24252
2.3964
0.0689455
-3.74721
-4.14083
-0.372408
1.15546
-0.20345
-1.24248
-5.93776
5.33536
0.137
-0.254976
-2.06707
1.44632
-0.726841
-0.317316
-2.20471
932.805
4.2601
2.63709
-1.69738
1.86846
0.0534373
4.57232
-1.13519
-0.179056
0.815998
-0.173252
1.02197
-0.0620143
1.82198
-4.31143
4.74648
4.12149
-2.34771
-5.11271
-0.286862
0.425569
-2.0521
-0.853639
-1.30428
-2.80029
-2.61768
1.73465
2.27182
8.68619
-0.17689
19.0807
0.328758
0.330075
0.677667
-0.503849
17.5113
-0.426727
-0.0445182
-0.859347
-2.76826
1.34059
0.697387
-0.688408
-1.1588
-0.337642
-0.273993
-1.65724
-0.976928
-0.280176
-0.404824
-0.119338
0.39598
-1.08312
1.73933
0.559097
0.491371
-0.420617
-6.67403
1.91303
0.574813
0.55124
-0.747777
-0.450399
0.116265
3.60096
-3.76519
0.979125
-17.8659
-0.578652
7.92046
0.594179
-0.391826
-0.343066
-0.0690271
-0.290927
-2.27256
0.158327
1.04945
0.563764
0.0495897
-2.86158
3.64203
0.752244
-1.43193
-3.78645
6.84522
0.436154
0.11
0.203297
-2.25023
-36.9763
-8.90794
8.48687
-0.00420531
-2.19503
1.72319
-1.00452
-3.43977
-0.0876805
0.492436
-0.273649
13.6274
0.644998
-1.95937
0.292247
-11.657
0.0773227
-1.39525
1.75676
-0.577648
1.83473
0.970444
-8.81046
-1.76066
6.10588
-0.882874
1.04172
2.1136
-0.432112
-11.6589
0.137757
-0.995703
-1.39621
-2.45313
-5.92182
-1.88369
-0.626567
-1.74871
0.0615601
0.577799
0.981604
0.155775
-0.782774
11.9107
-0.241032
-0.864146
-0.735858
-1.71989
-1.41673
1.8736
-5.32642
6.47179
-2.62593
-0.663389
0.36701
0.673325
0.376539
44.3823
-0.121025
-0.697948
0.0327671
1.82758
-1.57354
3.44126
-1.61691
-3.89084
-0.371741
0.137847
-0.650373
-2.83966
0.0706976
-0.052177
-0.0280268
-0.618011
-1.11105
-1.707
-1.10732
3.94248
-0.286048
10.9444
-0.924091
6.8672
1.93935
-1.02271
0.852528
3.17474
18.7377
0.435176
2.40466
-0.300815
-31.9864
-0.102731
-1.38283
0.187968
-0.150979
-1.34275
-0.55726
-86.8643
0.327883
-2.79278
0.437582
0.718364
0.3681
1.57318
0.52431
-0.295546
1.12577
9.56088
-0.317186
-0.475772
1.96427
-10.9984
-3.79068
0.918795
1.53432
4.68502
1.11775
-0.219828
-0.882417
1.45078
-4.34141
-1.58444
-0.568084
-0.0763218
0.9868
0.478125
0.66994
-1.87176
0.525424
-0.108592
-1.51259
0.896036
-0.109181
-0.0894802
1.01775
0.348633
27.1323
-0.493366
-0.748922
-0.377961
22.1578
4.84833
-1.06266
0.415681
-0.173454
0.592991
19.3754
1.71194
0.198536
5.0947
0.657923
-0.148611
-3.1928
-1.81092
0.0422819
-0.0422369
1.9243
-2.06456
4.89053
-0.0949954
1.47331
0.414988
3.5146
-0.908264
-3.22152
6.36
6.75828
0.384595
-0.873156
-0.233829
0.946831
0.0142006
0.632372
-0.805492
-1.15817
1.45767
-1.47532
0.113986
-0.119971
0.592273
-0.635012
-0.211883
0.114491
0.337364
0.728299
1.23485
-0.795732
-0.901941
-0.484927
-2.04407
-0.0947956
0.596531
0.138507
4.43952
-25.4423
-0.529189
-3.50404
0.317261
-3.57533
1.40171
10.0742
0.15416
-1.2197
5.79535
1.10665
0.908686
-0.262062
-0.470631
0.0191007
0.107063
-0.356192
0.54035
-2.11354
0.741617
-2.78947
-2.12759
1.0694
-0.758306
-3.15475
-0.706977
0.537412
2.91944
-0.23614
0.527281
-1.65932
-0.330789
-2.32217
-0.0618941
-0.59454
-1.12606
-3.35365
1.24564
-0.538641
0.232362
0.663069
-0.451045
-2.26989
4.83317
9.76105
0.560603
5.46429
-0.0406272
-2.20234
1.71914
-0.588745
-3.92024
-0.194229
-0.0894874
-0.0379564
1.57405
0.459086
-0.172609
0.270027
0.568613
0.23165
0.410049
-0.631996
-0.0118395
-27.8827
-0.291347
2.41912
2.95684
0.184462
-0.043599
-27.3613
2.92267
0.403471
14.5108
-0.485803
0.656263
1.20993
-0.10141
-3.05306
-2.28535
0.939721
-1.55259
-8.37459
-1.67618
7.22826
2.36544
0.252346
-0.834582
2.69306
-6.08266
3.96545
-0.681657
-1.27979
-0.208569
1.7979
0.289783
11.845
0.910676
0.419647
-1.35326
0.678245
3.79154
5.99296
-0.315077
0.728668
-2.99475
2.24469
16.2244
-0.467849
0.190541
-10.1184
-0.0302215
0.472387
0.125618
-1.29534
0.170496
-12.7848
-0.111606
-0.660834
-2.66894
0.64515
0.637738
-0.0905731
0.145136
-1.25136
-0.584498
3.88295
35.1242
-2.73562
1.66004
1.55464
-2.52219
0.547362
-2.75729
4.05071
1.04751
-0.0616667
0.870234
-1.68289
-0.884314
-0.782796
-0.63521
-0.630254
-0.56012
0.450033
-0.999086
2.27196
-0.252423
-0.486225
1.9356
0.338175
2.42034
1.18452
-0.767472
0.688765
4.86117
-1.43633
-3.5283
-0.282174
0.278454
-0.831265
-49.2058
-0.581621
-1.09016
-0.553919
-1.41134
-0.312292
-22.6764
-3.08991
-2.87311
-1.92976
3.79136
-0.600228
-1.5023
2.4597
0.953133
-2.77856
0.366731
0.779398
-1.38084
-0.690295
-0.382137
12.5712
0.426569
-0.273989
12.4036
3.33073
0.265672
1.35963
0.126047
-0.611904
-5.94258
1.54049
53.4046
1.7097
-0.0819443
-0.272602
0.456258
2.61361
0.248653
13.8703
-0.435631
-0.187421
2.68119
-1.69011
-16.5979
-0.300778
0.749462
0.0922261
-3.35781
-12.4907
-2.54453
-4.67163
-2.52577
0.0181301
-1.33034
-0.276425
-1.36908
-3.67261
0.133737
-1.93841
0.0705022
0.0931316
0.544936
-7.58505
0.471801
0.779988
-0.875597
2.7406
0.32822
0.58431
-0.0196743
0.0731315
-1.77566
1.99772
0.391729
1.46045
-0.501984
0.299566
2.37844
-1.64348
-0.658058
4.44443
1.00553
0.80111
-0.430454
0.762235
-0.78687
1.02774
0.325408
-1.51253
5.06801
-0.265843
-1.36418
0.538204
0.509931
-0.0105884
4.10066
2.3416
-1.2062
6.86084
-0.0159794
-3.03775
-4.07955
2.09292
-0.656492
2.94474
-2.09853
0.154878
0.175164
8.00398
-0.505304
-2.03141
1.59689
4.37244
0.0011845
-1.65218
5.27112
-0.524239
-0.597214
0.609475
-0.951801
-3.60352
1.3029
-0.0061698
1.42552
-1.44816
-1.17244
6.82134
-1.17124
-0.659152
-1.68635
-0.911864
0.440162
-1.08452
2.34146
0.117626
0.0485264
-0.485376
-0.421816
0.494684
2.75513
-0.169639
0.277544
0.413153
0.357711
1.32298
-4.80799
-8.9352
220.969
-1.23559
-0.6939
-0.846553
0.119389
-4.92188
0.203944
2.28138
1.03274
1.06575
-3.39289
-1.59897
2.35988
0.172167
1.27017
0.255708
-5.38734
7.85226
7.06049
-0.799045
-11.2044
5.50818
0.488517
0.264289
-0.131996
0.538812
-0.513318
-0.367427
-0.207996
1.0901
1.99867
-0.82689
0.331662
2.0329
-0.6312
0.470252
-0.230325
2.14716
-0.303258
0.127463
-1.44717
0.357237
0.371626
-0.164669
8.78372
2.0111
0.255296
1.31304
0.0771735
0.142414
0.22395
0.927049
-0.245177
-29.7685
-0.2125
10.6661
-4.95106
1.63703
1.33393
0.265424
3.06756
-5.22862
-0.486564
2.23828
2.21619
-1.37796
-20.4726
-0.188213
-0.293103
-0.654718
-2.48053
-1.81622
3.29656
-0.771951
0.129578
1.75466
-0.127664
-0.850983
-0.404056
-0.528416
0.341203
0.592022
-3.21562
-1.46785
-0.583087
-0.506151
-0.709408
-3.26002
6.7976
-0.123524
0.375496
1.06042
-0.701495
0.883981
-0.00946108
-1.26524
1.20792
-1.35704
1.92809
-3.8908
1.93849
0.187292
1.82795
-1.06225
0.54114
0.100918
-0.600543
-1.07291
0.15571
0.201304
-0.809063
-15.2584
9.28405
2.25015
-0.483265
-0.488903
-1.16598
-6.08455
-5.10742
-3.71635
-0.0815571
0.714195
-0.911292
-1.78688
-0.823354
1.43494
4.10489
0.191206
0.64915
-0.424232
-1.52169
-0.634312
3.59679
1.29701
-0.318297
0.0710423
3.24549
-0.699657
-9.59592
-1.55609
-0.762585
1.68991
-4.29249
-2.43612
1.24464
-0.25285
-0.918247
-2.36406
-1.21098
-0.220054
-2.53419
0.792824
0.380135
-0.572414
-0.753373
-0.838888
-1.51375
1.24263
-0.86419
-1.25753
-0.420493
-0.831091
-1.04736
-0.229941
-22.1871
0.393123
-0.156567
-0.0814957
4.03756
-3.28121
1.4771
-0.463521
0.107398
-4.04786
-4.92392
-7.77968
-0.669626
0.814431
1.32276
-0.484527
3.03891
-8.69298
-4.33057
1.9094
-0.127873
0.238185
0.985686
0.467967
-0.793326
-0.23457
-0.355023
0.603634
2.38757
42.686
2.0348
1.66746
1.08821
11.3198
-1.0464
3.76227
-0.610556
-0.511453
19.4508
8.22928
-3.47346
0.0933506
-0.179884
-1.55324
0.286452
-10.9107
-0.696317
0.422955
-1.73284
0.820733
-0.0560108
0.00699701
0.0717926
-0.143548
0.539585
2.83899
0.746822
2.56913
0.0594535
0.467181
1.92027
-0.0964154
-3.7897
-0.937734
-0.113135
0.256258
-1.77789
1.30083
20.823
-1.98688
0.753011
0.806473
-1.31988
1.30491
-5.58151
-0.675396
-0.700766
1.01558
-1.4588
-6.40307
-2.55405
1.16168
2.48706
0.192145
-238.452
12.9636
0.411823
-2.65041
-2.1575
-2.39295
-0.213091
3.45927
0.534948
2.72141
0.538176
-0.163944
-2.54001
-11.0112
6.62681
-6.67015
-0.523403
-7.4154
-1.32747
0.931452
-0.723714
1.62034
0.529918
-0.994274
1.51943
-3.50436
2.08565
-6.15633
5.19582
-1.88765
8.76099
-3.17252
3.49069
4.0804
-0.0609714
-0.331288
-0.463749
0.850898
0.171465
-1.87064
-4.212
4.16377
-0.926314
-0.856955
9.07104
-0.385714
0.496013
0.615907
-2.00068
-2.92632
0.404148
-2.94315
8.22157
0.931709
0.356725
14.9991
-0.775563
-1.71668
-5.6232
-1.50872
1.58754
1.04575
-8.86944
-0.492746
-2.33578
-0.361953
-7.72104
0.647237
-0.0254652
3.58406
-33.3759
0.244244
0.478477
15.7537
0.493019
-0.118009
0.0834962
-0.406999
-1.15639
2.24818
0.0918083
-1.70008
-0.252149
-1.47221
-1.10304
-0.262064
-4.05746
-3.10111
-9.60623
0.404991
0.115708
5.57652
3.34635
1.12351
0.378408
-0.54646
-0.595155
17.9344
5.14379
2.03011
-10.0022
-132.872
0.560186
-0.186022
0.619418
-0.538529
0.23827
1.12524
-1.38831
-1.56384
16.2894
-0.707178
0.15826
-0.889983
-0.324377
1.16656
-1.6297
6.60014
0.464639
0.739726
4.45099
0.33003
-7.09607
0.215124
-0.93152
-3.22902
-0.783249
-4.60409
1.60757
0.926793
0.154
-3.22826
0.666819
-3.1956
-3.1222
0.0583322
4.14555
-0.683134
0.395376
0.633305
-0.51158
0.901547
0.229169
0.291775
-3.17845
-0.910198
-0.839277
2.91157
0.625819
2.87786
-0.367623
0.344839
-5.77189
-1.1112
0.50832
2.66375
2.00966
2.06723
1.06324
-0.266962
-0.76837
0.847234
51.9841
-0.00596402
7.32492
-2.13654
0.239587
-0.407856
2.2636
-1.07003
1.2281
0.39417
5.90948
0.490745
1.63653
1.43807
-1.42048
0.624591
2.33847
-0.124883
0.246723
-0.554978
-0.0381279
12.3862
-0.242959
0.102319
-0.278492
-2.05619
0.242531
5.7994
-2.68416
0.463792
-0.253773
-0.557572
-1.05413
4.4633
-0.0164784
-0.84936
4.40806
0.248457
0.602664
0.197269
6.44742
0.564256
0.766394
0.60898
-1.20755
-1.34474
0.803184
0.750706
2.09924
0.420068
-14.968
1.62535
-1.52452
-0.588947
2.99389
1.01451
-0.354828
1.96036
-0.819418
0.581234
-0.780158
-0.0449604
-0.210706
-0.701487
-0.814728
-1.79299
-1.01499
0.113926
-0.156888
0.98305
1.32206
0.85948
-1.39735
1.06747
1.17786
1.13402
-3.32863
-12.0406
-0.0615534
-0.185645
-2.41712
4.07071
-2.45747
-6.76857
-0.80336
5.32927
-1.16224
-1.55179
10.9501
0.404787
1.84655
-0.18188
1.10287
17.7892
0.064591
-0.44861
-0.33781
-0.983597
-0.453296
1.80154
0.783927
0.102927
-1.20132
-3.27729
3.42684
-0.120341
3.57295
0.676531
0.172411
-0.088114
1.13706
-0.766257
0.719732
-2.05369
2.51912
-0.326132
-3.45348
0.285712
-0.980976
-0.356831
0.146095
-6.04222
-1.11579
0.263795
-0.134253
1.55379
-1.7251
0.557022
0.0158509
-1.47979
2.53876
-0.656934
-0.469611
-0.194997
-0.407849
1.24896
1.03743
-1.81217
-1.17333
-1.56519
-2.63528
1.20308
-1.16651
0.250221
-0.881605
40.1249
-0.436299
-0.571221
1.35115
0.868588
-0.950235
3.63557
0.0869309
0.213758
0.468521
-2.25315
1.59976
-0.385226
-0.380599
1.55531
0.359245
1.26885
-1.64545
6.77398
2.36818
0.158284
0.561471
-0.133072
-0.0291811
1.75215
-0.320166
0.947946
-12.87
-0.152926
-1.98802
-0.535528
-0.737648
-0.0555347
-1.22647
0.127776
-0.481191
-15.235
-0.145884
-0.358176
0.673627
-0.695601
0.292457
1.32887
-1.60896
-0.222176
1.71077
0.818975
-0.656712
1.96336
-1.41501
0.203359
-0.887802
-2.22841
0.526253
-7.10634
0.300306
-0.711527
-0.0393255
5.36866
-0.650697
0.37271
-1.34818
-0.5024
0.727679
-2.92666
-0.534944
5.38677
1.31597
-0.941005
0.428585
-2.19331
1.92818
-73.9931
-2.78299
3.24101
-1.14437
-0.416161
1.86769
13.5913
-0.195654
0.25872
-0.0776926
-4.9635
1.2588
-2.32452
5.38496
-0.237516
0.940724
19.4683
-1.67125
-0.629124
0.223174
-0.0054208
0.0475726
-0.82296
-2.2339
0.955036
11.0801
0.0626177
17.6499
0.580041
5.20207
-1.65335
2.66505
2.47474
2.91247
-0.0143606
1.4943
-1.20823
-0.50557
-2.95937
0.759451
-0.951919
2.93798
-3.878
0.0545411
0.0383447
0.405925
-5.90102
-2.49634
-1.7633
0.329045
2.09928
-0.396688
-4.48334
-1.72542
-2.72036
2.0703
-0.510578
3.95328
6.93449
2.95514
0.27235
1.97189
0.712005
-3.05615
0.0819371
0.0553824
-0.255418
1.8564
-2.39835
0.742232
-0.432807
0.116608
-1.7374
-1.03119
2.55566
-54.6192
0.163563
-0.183556
0.0544055
0.261472
1.19735
0.827831
-75.7505
0.116524
1.18681
-3.2368
0.805656
-1.60217
-0.377365
-1.67365
-3.79412
-0.698141
0.122594
-1.17924
38.4491
2.98259
1.75847
0.509733
0.164316
-0.07686
0.322257
-0.369823
-0.461787
3.23079
1.24628
0.132301
0.380992
1.4247
5.51666
0.253724
-5.44794
0.346925
0.682928
-2.30656
-0.773709
3.91849
-0.188352
-0.385878
0.435673
-0.024422
-51.5334
0.701387
-1.58962
5.56668
0.701967
0.176205
1.29311
1.49027
2.85835
-0.675427
-6.60043
-0.0631248
-0.608773
0.493418
-1.08538
-0.744205
-1.10957
-2.29549
2.61011
125.279
1.64445
-3.7189
-13.3958
-2.11742
-0.0384864
-0.0758489
0.0237848
-3.04926
-0.864898
6.55891
-7.98898
3.23529
-16.9834
0.212715
-5.15913
-2.38893
0.677845
-0.464064
-3.86902
2.44641
3.33166
-2.16468
0.68053
1.59468
0.433229
58.4161
0.582085
1.00612
14.4657
0.173869
0.395743
0.604778
0.662858
8.34534
-0.8514
-1.05184
1.20392
-0.500639
-0.150064
0.524616
-10.3698
0.530122
5.23562
-0.209271
0.275491
-0.512015
-44.5045
1.86578
1.95345
0.789495
-0.492642
-0.661106
-2.16126
0.642158
-0.764427
-0.132347
0.220412
0.45512
-0.033427
19.0448
1.30417
-1.38185
-0.708261
-0.424932
-2.167
3.44143
0.105678
0.234079
-52.1736
0.9194
-1.02018
-1.5234
-0.727031
1.09656
0.0311668
1.47412
0.691398
0.980246
-1.17694e-05
-0.718181
1.28429
3.68287
-0.70048
0.234718
1.72077
0.858248
-1.60496
-0.538056
0.54872
1.1612
-8.85097
0.3123
13.1727
0.778038
-0.0497008
-0.0459943
0.287306
0.699103
0.599695
0.866962
1.03193
5.59867
-1.17337
-4.77685
3.67244
2.1109
0.591307
1.95624
-0.423473
0.110843
1.27708
4.67316
-0.336312
-0.529407
10.734
0.718707
-1.68807
0.419835
0.867989
0.480303
-1.07336
1.6213
-1.63435
-0.401517
1.78069
-1.51572
0.42414
0.388163
1.32262
-1.54545
7.50201
-0.356279
0.267428
-2.95176
-0.35183
2.52958
0.0334324
-2.76022
1.80867
-0.246121
0.665561
1.10139
-0.876493
2.15251
-1.41561
-0.247521
-0.657833
-9.45604
-1.24262
0.631735
-135.284
-1.77117
-0.143733
0.0830023
-8.62309
0.66384
-0.244831
-2.14101
-0.793402
3.52552
-0.818092
-13.3045
-1.09641
-0.538497
-0.512852
-1.74777
-0.1362
0.265247
-1.35547
10.0652
2.71147
-46.1359
-0.108233
-1.06522
0.713481
1.74961
-3.19226
0.972945
-0.90605
-0.906839
2.48449
0.0219082
-0.229401
34.3592
2.86229
6.51439
-0.191968
3.66613
0.0567497
-1.06653
0.278401
-0.580893
0.603735
11.5908
-5.64668
-0.7897
-6.05906
-0.259633
-0.236959
-0.448713
-0.301403
-1.04747
-0.812976
1.56059
1.41594
-0.922284
-1.4424
0.36588
0.0828324
-0.46402
-1.48161
1.38052
2.5307
-0.0895078
0.184278
-0.567359
1.75725
-0.292587
-36.4902
-6.06012
2.76123
1.60901
-8.99814
3.5069
2.44243
2.24806
1.01397
0.0813508
-1.59132
0.151703
1.1857
-1.05777
1.28736
0.273116
-0.212875
0.130572
-0.638842
0.561177
-3.00552
1.52195
5.48663
-1.42189
1.49189
-0.0719166
0.899827
-2.77011
3.10752
0.316412
-1.97742
-0.973188
39.5434
-0.641608
1.39119
-1.62412
0.515153
7.15686
-1.6937
-0.995339
-0.126276
-0.117168
0.183586
-1.38997
-1.39698
-0.597637
-0.515554
-0.437597
-1.16335
0.44118
-1.81606
-3.44215
0.517568
-1.04792
0.887266
0.392812
0.295929
0.383339
0.834872
0.304121
1.60485
0.444926
1.48953
0.287625
1.13742
2.97083
1.21439
0.306635
-0.279439
-1.26198
-1.77673
0.501036
-3.77049
6.03968
0.847236
-4.03913
2.96645
2.09667
0.421377
9.77999
1.06276
-1.22675
1.22966
0.279198
-0.203353
0.47242
-0.0497493
-1.5979
0.0853321
-0.301799
2.86808
-1.29067
0.0502067
-1.06559
-4.61689
2.26584
-4.87931
0.956281
0.46859
-1.21637
-11.279
-149.851
0.48795
-0.0590542
-1.3594
-0.1479
1.25523
0.220709
-0.0545902
2.60186
-4.91375
-0.218408
-0.864303
0.236699
-0.0800214
-0.221979
0.826297
4.9705
0.568129
-0.136808
-0.258877
0.411176
-5.19597
2.25143
-7.60766
1.92211
-1.22756
-0.339786
1.74166
-0.0440656
1.06469
0.451422
-14.3007
-0.728322
-0.685968
0.482503
4.85805
-3.46337
1.44489
2.53468
-0.264285
0.734323
-0.0830909
0.19903
-0.885533
-1.42964
0.485461
-0.988971
0.205435
4.93202
0.505803
-3.08562
0.238185
0.683502
1.43233
0.416887
-0.193247
-0.250681
-8.0452
0.883134
2.4542
-0.282816
0.447254
-0.967955
-1.95675
1.31153
-0.436638
0.788257
0.921399
-0.145601
0.683251
0.747443
-8.58373
40.2298
0.547189
-0.368058
1.74529
-0.186142
2.16728
-0.242952
1.15587
-0.074566
-1.84487
14.3594
6.69308
-4.6758
-0.006587
-0.997317
3.40495
0.260183
1.8864
14.0412
-2.56623
0.114585
0.552486
-0.0919294
-2.38101
2.74106
-6.0749
1.59062
-2.05345
-0.644598
0.232447
-0.287829
-2.12033
0.542787
-1.81927
-9.98867
-1.92882
1.26041
0.58347
0.872715
0.528832
-7.33679
-4.79072
0.0109654
1.0919
16.3374
-0.666205
1.25104
-4.94023
3.86078
-1.73224
27.3855
0.324162
1.04897
-1.34418
0.247837
0.609873
0.670019
12.3145
-1.70074
-0.0929056
-2.00796
0.851716
1.05864
-1.8886
-0.377363
-2.33261
24.4677
-1.25425
0.446492
-2.41622
-0.775485
0.367937
1.95939
0.299286
-3.26667
0.0200343
-0.0275219
-0.899898
-1.89784
-1.00285
0.140836
-3.94527
-0.143568
-1.80782
-2.97703
3.19458
-0.0831638
3.00519
3.72289
-0.315335
-1.51131
-0.182987
-0.121726
8.48237
-2.23359
2.2624
3.28118
-0.523938
1.22869
0.85028
0.884801
-2.12147
1.28996
0.145109
-0.415946
2.63467
1.26229
-0.150562
2.83927
-0.984959
1.23924
5.29131
1.636
-1.9446
3.0911
1.54071
-5.62105
-0.999414
-2.22421
11.6337
1.57797
-0.332603
-0.533324
1.22934
-11.6459
0.207763
-0.699177
0.859852
15.7538
-0.454882
-6.1234
-1.38299
-1.75365
0.128288
6.24415
-3.81944
-0.469821
10.5197
54.1261
0.253742
-0.170292
-3.58754
-1.00444
-1.3804
-0.51019
-9.41152
0.239117
1.71252
10.5547
-0.283656
2.07408
-1.84151
-16.1629
1.79709
0.385518
0.928652
2.71464
0.715147
0.791372
0.793482
-3.81039
1.23271
100.265
-0.911433
5.96709
3.25478
-0.792788
0.38349
-0.855963
-3.00674
-0.262412
5.58986
-0.129742
0.201635
5.71307
-1.27214
-3.2617
0.623154
-1.05797
-0.0395868
0.221797
-0.619628
-0.829476
-2.33113
-0.608476
-0.587262
0.289034
0.170929
-1.14834
-0.528364
-0.88338
1.2943
1.38591
0.56549
-0.967212
-2.02582
-1.59398
-1.87061
-1.97904
-1.50034
-1.11908
-0.045306
-2.89022
0.0150294
0.664149
0.0517865
1.18502
2.75852
1.42953
-1.51915
2.23117
0.145999
0.115772
-10.8311
-1.62986
0.418751
0.0556743
-379.745
-1.26735
2.79888
-4.006
1.02784
0.699789
3.41941
6.7559
-4.47776
-1.8131
-0.492825
1.42348
3.40619
-18.6037
-1.8839
-0.412527
-0.389108
0.529714
-0.363475
-3.81469
2.74118
2.54146
0.132704
0.286667
-0.739157
-1.32685
-0.289053
-1.54079
-0.784289
-18.2103
-0.218697
-3.97956
-1.74015
-1.29012
-1.46561
1.93185
-0.394521
-0.453621
0.315216
-0.321165
0.962817
-0.31326
0.219027
7.7861
0.24972
-3.73124
0.811019
0.823477
0.329965
0.219281
0.33359
2.35945
1.46276
-0.468698
0.411486
0.78912
0.0248764
-0.767686
13.8017
-1.29987
-0.212592
-0.631483
0.544249
2.93099
2.90339
-2.29629
21.174
0.746653
-0.531496
0.692125
-2.76801
0.28238
3.71926
-3.34612
0.789879
2.64548
-1.06011
-2.98414
-1.14029
-0.1449
-0.408696
1.05605
-1.49268
15.9974
0.62976
-5.92025
0.151533
0.399913
1.53136
1.51459
-1.508
0.141681
-0.0312004
1.01883
-0.442441
3.86264
-0.179518
-5.99774
-1.95956
1.1831
-0.332862
-11.4759
-1.83223
1.20497
-1.01702
-1.27987
-1.15323
-0.159624
-0.928425
0.0596621
-0.473377
0.784895
0.385926
-1.41027
1.654
1.14144
-0.916506
-0.65395
0.213228
-1.84845
-2.83402
-0.308003
-0.89232
-0.799551
0.168942
-13.9873
-0.0112111
1.2488
0.265931
4.56529
-2.8573
-1.32915
-0.349756
-4.03447
-1.36039
-14.602
3.11081
-0.0805911
0.118528
-1.04523
0.599006
2.14168
-5.97813
1.29612
0.161081
0.788325
2.72048
-2.04855
1.3376
1.74664
0.895389
-263.738
-1.63484
1.538
0.637286
0.737946
-0.254105
0.12308
-2.59174
-0.351115
1.37037
0.326439
9.5325
-15.0718
-0.912621
2.06544
-0.676873
1.40485
1.02028
0.268912
0.80587
-0.935138
-0.699877
-0.26866
-0.623843
1.87235
0.958406
5.79418
3.83164
7.53114
-3.87523
-0.124036
3.80297
-0.679538
-0.474033
-118.957
0.981676
-0.516287
-0.0454603
1.88652
-39.3671
-0.159838
-0.373995
-0.26322
0.397294
2.17974
0.0513522
-1.85762
0.347063
-0.215916
0.888927
2.51885
-0.546791
-1.6394
0.719243
-1.61531
2.08517
-12.4856
0.0118074
-0.196296
0.274771
1.25846
0.378331
-4.69711
3.67371
0.258608
1.79232
-3.24224
22.8733
-1.04096
2.65115
1.62559
0.153709
12.8104
-0.282028
0.20129
1.17924
0.100309
-1.23472
0.136064
-0.91377
-2.39841
-0.789265
-0.342785
0.156562
-1.49681
0.93484
-5.84333
-0.146723
-3.05108
0.601967
2.58619
-5.71877
-17.3216
0.787139
-0.232325
0.322628
0.797819
0.116184
-0.827324
-2.1595
-1.94984
3.43014
0.649577
4.75015
1.09193
0.252322
15.7715
5.22482
-0.402144
0.00593522
2.24393
-3.42478
1.42701
-88.2304
-0.713083
-0.788314
-0.0716589
-3.78349
-0.40987
-0.930725
0.0493032
1.29344
0.0411725
1.64105
-0.779793
0.438798
-2.444
-1.75384
-0.741368
0.61906
0.227519
2.68248
4.77953
0.577474
0.738467
0.778047
1.48224
6.56128
10.4249
-0.543022
0.0914148
0.280892
-0.678886
0.579817
0.354442
-0.58503
1.11424
1.01632
-1.19181
-0.652139
0.509955
2.09087
4.27802
0.521387
0.507069
3776.13
-1.01445
0.829516
-0.0912891
-0.211898
-3.54617
6.77628
-0.0492323
-0.855565
-52.4887
-69.7328
1.10034
0.434088
0.719721
0.276695
-0.214131
1.45329
5.95165
-0.798309
6.38999
-4.41825
-2.86622
-0.117699
-1.48505
-9.34605
-1.2384
2.80351
0.329982
-2.18345
-1.43081
-1.0322
-0.374532
-76.5715
0.553342
0.194224
-0.0938782
-1.13802
0.824729
-0.500018
0.350371
1.56046
2.07695
0.695684
0.542763
1.6621
5.47657
-13.4424
1.05582
0.254429
-0.596922
-9.17267
1.91374
-1.85204
-1.07108
-0.576756
1.96771
5.98036
-4.61909
1.4093
-0.0404209
-17.6714
1.72183
-5.23887
-0.219651
1.02727
2.01591
-2.37873
1.22199
1.6591
0.368476
0.29877
-4.47487
-0.665056
0.615857
2.19898
-2.02619
-0.66255
-0.72195
0.642131
-0.461822
-4.40515
1.77596
-0.221273
0.512959
-0.251978
6.54052
1.07617
8.27968
-4.8456
22.9313
-7.97278
0.639715
16.293
4.21833
1.3936
-3.26256
-0.908292
-0.0510089
5.68008
0.847799
-0.0969972
-3.29569
-1.33532
3.5524
-0.566325
-6.2964
0.747999
1.54743
1.32504
-7.35941
-2.55718
2.35291
0.267444
0.586827
-0.872485
0.959307
-0.251958
0.166581
0.809408
-3.04494
5.29677
-1.93351
1.16935
0.106804
-0.282424
0.00515171
-0.0993976
-0.247457
0.760123
0.532584
-0.897192
-0.754573
6.65212
0.899738
-1.03924
-0.500798
-0.175223
1.05701
-0.277905
0.765368
1.42082
-1.59123
-1.51627
8.83515
6.63977
-0.117834
-2.87493
2.80365
1.20627
1.16717
0.835855
-5.65669
0.0992054
0.615264
-0.582355
0.0150632
1.23327
-0.448722
1.56715
-0.0540369
3.22547
-0.446434
-0.989075
-1.25145
-0.786521
2.68137
0.443317
5.98412
-4.39851
0.491658
-0.272922
0.695756
-1.70984
0.507749
-5.27856
1.89856
-1.94922
0.113313
-0.756679
-0.230133
0.996061
0.159892
-0.361252
-5.06861
1.49959
-2.12331
3.04937
0.219462
0.453124
-0.327357
-1.17172
1.33677
-0.804321
-0.77984
-2.02156
329.442
-0.231576
-0.157124
-2.14899
0.556623
-2.80368
0.258185
1.64126
0.543072
1.15298
-0.0591192
-1.8168
-0.370863
1.68929
8.7115
0.213146
8.3106
-0.49609
-0.00303231
-3.3846
-0.18304
0.290358
0.885564
-275.804
2.93798
-0.333438
-0.653602
3.08826
3.71439
-0.898478
2.89805
-0.0483377
-6.89984
-4.89236
1.69255
18.4249
1.64472
-1.38695
0.0255537
-1.53077
-0.201574
0.576208
2.92695
6.09661
3.11997
1.46048
-0.0305113
-2.84303
0.329134
-3.31964
-2.49687
1.04254
0.476644
0.015674
6.30351
0.900407
1.40413
-19.8788
2.50197
0.0628376
-1.76363
-3.01933
3.19052
-0.779687
1.01595
-0.00164567
-2.63692
-3.73204
235.057
0.75873
0.257423
-0.203013
0.0856034
-0.066861
-0.384391
0.353869
0.235955
0.0317497
-0.835353
-2.34747
0.764711
-1.15283
0.767089
1.44827
0.554807
-1.07458
3.8386
1.00066
19.1646
-0.296019
0.265515
-1.23806
0.000714578
-1.95904
-3.82158
-0.823292
0.528102
0.269267
-0.0979264
4.51755
0.844991
-0.329245
-0.415422
-1.59072
0.261381
-1.87105
0.947112
0.369999
0.121321
-0.558078
-0.0214118
7.81132
-1.66675
0.404071
7.90951
-1.16015
2.85395
3.3328
-0.913114
-25.2759
-90.2154
0.920073
1.28912
8.0688
0.169563
0.370392
-0.453976
-3.19035
0.282791
0.855533
0.857761
-3.24576
-1.49817
1.49145
-1.36619
-1.81749
0.571511
-14.7178
-4.74983
-1.68802
0.337829
-73.9255
0.839045
0.50418
-1.27705
-1.6891
-0.659706
1.0256
-0.515034
0.53337
0.298372
-0.7569
-3.99961
0.0034509
-0.56957
-0.59957
1.33879
0.737583
-0.627604
0.0532348
2.36505
10.7293
-1.35296
-0.439168
1.18371
-0.641156
-0.026011
-7.81121
-0.753761
-1.9262
0.776763
0.174821
0.419225
1.36343
-1.11686
-4.92722
0.694754
1.21348
27.0808
-1.18778
-0.763429
-0.170532
0.145357
-0.185869
-2.62064
-0.147909
0.27361
0.481402
2.21673
-0.935368
7.19423
0.715232
0.078161
-1.90792
0.825788
0.115086
0.0952482
2.68799
-0.836895
-0.297963
-1.04878
-3.88282
-1.36892
-0.629227
0.107068
1.40887
-5.06189
0.0196822
15.6816
5.25745
0.873022
-14.7816
-0.89831
-8.11586
-0.152916
-0.327201
-7.56703
-0.586664
8.2952
0.0282952
-8.57648
1.61245
1.80419
-0.281454
-0.0430819
-2.56779
1.71442
1.26834
-0.0252086
0.115355
1.03037
-5.98679
-2.45695
1.46934
-2.59127
-0.332338
72.9428
-5.60786
6.16296
1.71137
-0.739577
1.86368
-0.858114
0.696548
0.0664278
-1.6496
0.156948
21.4059
-0.366812
-0.27997
4.30724
0.841257
1.88205
-2.36374
0.259921
-0.712301
2.56566
-47.0628
-0.871566
0.99904
8.39667
-0.0261761
4.28564
0.00348604
0.971644
-1.83602
4.50589
-4.58067
0.94768
0.525629
-3.29373
-4.02245
0.429798
-3.32391
0.0966195
0.582348
1.74691
5.30316
1.47175
-0.231796
-1.77528
2.86224
-0.231121
0.212945
1.92183
-4.78092
0.468755
-2.23857
-0.738807
0.40585
0.336938
-1.75238
0.49757
-12.7227
-0.522394
1.42047
-1.04452
-0.264523
1.4089
1.71637
0.0946107
1.43949
1.07851
0.323992
-2.28395
11.6911
-0.1501
-2.48989
0.949136
-0.498258
-0.562331
0.549817
40.5282
-4.15943
1.36379
-0.0321305
0.150961
-3.62871
-0.121196
-5.31535
-3.68059
2.1534
-3.56584
-1.44627
0.752193
-358.192
4.65403
0.287283
13.2771
-0.590047
-0.50016
-1.98859
1.09713
1.7257
0.815717
0.806604
-4.36096
-0.787092
0.470598
14.1246
-1.90585
-2.83798
-0.485578
-0.420276
0.0934893
-0.361476
-2.26265
-1.74144
-0.136639
-9.25189
8.49303
2.93906
0.652804
-1.26542
1.02877
-0.519346
0.707553
-2.71243
2.45513
-0.473538
-1.31601
-0.345363
-0.439229
-4.89833
1.05338
-3.01134
-0.00908694
2.09306
-0.75937
1.18167
0.48653
-9.6572
-0.399206
0.154442
1.28919
1.63324
-1.98431
-1.14607
-2.89904
5.17558
-0.689696
-0.165105
-0.542786
-0.319035
14.4158
-0.583274
0.708341
-4.37635
-0.249434
1.50773
0.462789
-4.90161
0.155953
-0.0586354
0.00199629
0.848689
0.492645
4.04502
0.0477728
-1.12872
-1.37647
-3.30434
20.2991
-1.19922
0.132065
1.56812
-0.262416
-0.298955
3.08482
0.328673
-0.89586
0.509299
-0.261371
-0.789815
-1.12122
0.213915
0.552553
0.645927
0.184607
4.89386
0.609412
5.96065
-16.6496
3.77033
-1.45901
1.20896
3.11602
1.08555
5.82721
-0.413635
-30.4158
15.3839
-0.899195
-0.462598
2.43899
-41.4986
-0.326828
-1.25713
0.412375
11.7349
0.992377
0.365361
1.27915
1.86976
-1.35622
-2.57878
-1.49935
3.38134
0.457026
-1.00219
-0.995853
-0.0695049
2.33815
-4.64652
-0.579978
-0.0693889
2.80351
-5.65995
1.67419
0.2649
1.14479
-3.50174
1.62218
2.21075
-4.28877
-0.743857
0.592216
3.70346
0.186487
0.846562
0.87178
3.75412
-3.93719
1.02698
0.605359
-0.456598
1.64365
0.914781
0.0181459
1.16121
-0.194585
-0.624894
2.2679
0.592219
0.331039
-0.128093
0.513145
22.2975
0.974673
-1.1123
-1.24983
0.0251437
0.665959
9.24132
-19.8258
-0.169253
2.08567
2.93287
-158.594
-1.47391
-3.46659
1.18664
3.20652
-15.531
-0.0688347
-10.0046
-0.22935
-0.610163
-16.5453
-1.0676
-0.368381
0.523575
0.608677
-0.522733
1.5483
-14.3654
-5.16748
1.98673
-2.09328
7.51533
0.917503
-0.733472
-1.45875
1.71083
-1.23985
1.97989
-0.652404
1.16109
0.329809
0.754955
0.520704
0.272989
0.117954
-1.60947
0.653943
-6.7537
1.27958
2.81926
-1.40351
-0.0773072
-10.9631
0.143466
-0.223741
0.0041333
-0.0384445
1.97124
-1.7829
-0.65789
-0.366492
1.63471
-0.0250642
-7.69506
-7.70716
0.0700009
0.247266
0.9116
81.0056
-2.03612
-0.285257
0.265399
0.426595
0.534807
-2.49724
-0.745326
-0.568757
-1.12441
-6.02228
-3.07065
-0.193737
19.8226
-0.500355
4.46126
0.85234
-0.511786
-0.135596
-5.20296
-5.70284
-0.202401
-1.64327
10.0277
3.17053
3.84781
-0.275396
-2.46935
-2.35654
-309.454
-0.601212
-3.14344
0.264475
-0.455133
-4.38616
-76.9461
0.902898
-0.122075
3.2868
-19.6778
0.369669
-3.83981
-2.62856
0.937043
-7.42098
0.939884
0.158467
-0.729048
1.97814
0.110791
0.667986
-1.38006
-3.25211
1.90547
-3.35039
-7.43937
-1.08737
-0.228885
-1.04516
0.715654
0.380446
0.0679521
5.62132
-1.51448
3.06853
0.482557
-2.93294
1.19009
1.74326
0.309931
-0.00187781
-2.37455
-0.314481
-1.1958
-0.433584
1.98159
-0.858083
1.1349
-1.03468
-1.4184
-0.226621
-12.6517
-1.09526
-0.963924
-0.305629
-3.2315
-2.97695
2.30082
-0.442267
3.0862
0.36797
-0.00719456
3.56128
0.962096
1.86536
-1.18035
-0.535021
-1.48803
-1.86942
11.4974
-2.10257
1.8078
-3.36238
-13.1792
-0.994914
-1.19977
0.144311
-0.83557
-17.5708
-3.8261
0.569793
-2.57169
-0.697335
-3.94191
6.36637
-0.375953
-0.234824
0.630618
0.0677973
-0.634887
0.15335
-0.618226
-1.17956
-0.423611
0.416562
0.749024
0.684736
1.99387
0.0899882
0.595374
-0.554376
-1.22201
2.10662
-0.35365
26.5358
0.239937
-1.23826
0.443501
-7.18924
-1.28804
1.2844
-2.57305
-0.992699
0.873318
2.02651
-8.62164
0.290266
4.05147
1.59849
1.89463
-1.49113
0.735181
-2.16071
-20.6449
0.718303
-0.213584
0.954621
0.477327
0.692037
-0.114574
0.660371
0.217142
0.72079
-0.181802
-0.311577
0.187441
0.890688
0.765348
-0.83604
-2.96082
7.06782
-0.606784
-0.223633
0.394243
0.168379
0.0118625
1.52855
0.0192944
-0.587454
0.981143
-3.51893
5.48312
-4.13535
-0.766858
-0.604825
-1.37465
0.0405248
-0.154365
0.295447
-2.15385
1.9199
-0.23757
0.770547
-0.162108
0.0639585
-2.61231
-1.96431
-43.7116
5.67333
-2.19782
-2.18239
0.623818
0.571702
0.736652
-4.07775
-0.723072
0.284997
1.16215
-0.728664
112.046
0.37927
0.530084
-1.53539
1.74065
-2.86035
-0.000926856
1.09355
-0.787653
-12.3498
0.0543849
0.221159
0.282228
-1.79975
-1.54265
1.94264
-1.32657
-0.112536
-51.4295
0.704282
0.29191
2.38979
-1.27326
-0.284226
-0.754192
-6.66416
-0.0996845
-0.313725
-0.504793
0.560457
-2.09244
4.13276
-568.22
-0.581095
0.975824
-1.52308
-0.379123
-1.52645
0.573802
-3.79994
1.86518
0.274561
7.02077
0.496222
14.0794
1.63897
-1.03243
-5.74259
-1.13094
0.137017
-0.201511
0.524998
0.972084
0.517338
3.78036
-1.04319
-0.0504873
-1.06535
-1.12091
-2.18027
1.03622
0.509474
-0.787915
-2.77292
0.0381954
-0.564517
1.46484
8.42277
-18.3117
-0.227648
-0.0294796
-0.646628
-0.964074
0.861711
-0.0160883
0.488216
85.7871
-0.513242
-5.78548
9.98153
0.117339
4.65161
-5.35714
10.3072
-0.127174
-0.903939
21.32
-0.790903
-0.963705
-31.5053
-0.988711
1.90549
-0.209325
0.909647
-1.92397
0.0585575
-135.718
-0.722843
0.843358
2.58939
-0.550721
0.430047
-3.15314
-1.10293
-3.1258
-0.152798
0.752977
-0.798153
-0.131775
0.539697
0.945406
0.189318
1.6716
0.384647
-2.39052
1.01642
1.44487
-1.06857
-1.95779
-2.75712
-1.53384
0.744086
-0.414832
-79.9229
-1.34389
0.376886
0.0296775
0.479411
1.7032
3.36254
2.11816
0.10341
1.8361
3.31563
0.87954
0.138513
-1.49667
0.323324
0.641709
-18.0537
-6.39799
-1.94404
1.03339
-0.263391
0.0255252
2.38105
-0.826674
0.487028
-5.56982
-13.3973
0.129404
26.3134
0.662176
1.21097
0.869072
-0.619897
0.182239
-1.78089
3.56943
0.131647
-2.84366
-0.41287
-0.00260503
-0.10071
0.551594
0.273732
-4.11924
-15.587
-0.575587
-0.740388
37.4116
0.366105
-0.348207
0.847475
-0.372179
0.667938
0.468979
0.292891
1.84373
0.717595
-0.518901
-3.02922
-1.41542
-3.45034
0.00210021
4.8624
-1.71602
-0.444873
-0.892554
0.170229
-9.09406
0.886022
100.543
-0.648848
-0.995729
19.356
-0.247181
-0.855651
-1.1039
0.0634998
1.3036
0.00131005
2.54415
0.104206
-0.19515
0.951931
-1.75846
0.514618
1.93763
-0.246602
0.367683
1.28822
5.27334
1.38077
0.813599
-4.08269
-0.486506
1.44692
-0.0256474
-0.227437
1.45693
1.92695
-0.395812
-1.27706
-0.0973709
5.28134
-0.0599311
3.40777
-1.97868
-1.72286
-0.700197
2.927
-0.316777
0.393354
0.909685
-3.63714
-1.75278
25.554
-2.09143
9.3092
-1.6819
1.22012
-1.57673
0.153899
-9.83763
1.55668
-5.45352
-3.61623
1.77666
-0.874154
-0.322
0.691313
0.304507
-8.4083
-0.369508
0.53255
-0.00956489
0.264697
1.00935
-0.231738
-1.11706
0.130058
0.393813
1.44119
-0.217068
-1.14128
1.36979
-0.595405
0.362665
0.181373
-5.14631
0.134443
1.92794
0.550277
0.923709
1.48914
-2.00586
-0.132727
-0.20292
-2.48989
-0.16993
-0.645312
-1.16778
0.545401
-7.07039
0.179476
3.5197
0.921841
0.709059
0.243868
-0.920661
3.70656
-0.0349642
-0.0733157
0.306655
-0.197168
-2.8873
2.26332
-1.86488
1.14971
-1.20845
0.863617
-0.314264
-4.04407
-4.92892
-0.73149
-0.311196
0.337742
-3.27936
0.241194
-0.355716
1.80113
2.1628
0.0563522
-0.301589
1.9638
-0.101588
-1.03315
-3.41498
0.357981
-0.279279
-0.13181
-0.686157
1.49414
-0.85515
1.24447
-1.12141
-2.98543
1.80617
3.83325
8.66191
1.75827
0.0344654
1.16899
-0.635698
-1.1381
0.4378
0.643997
-5.47478
0.460648
-0.011215
-1.09297
8.63303
0.873128
-0.367337
-4.09261
0.918155
1.25308
1.07071
1.21077
0.293697
0.111999
-0.96178
0.0306622
0.895645
0.00535961
0.620665
-2.07192
-1.07931
1.03887
-1.84446
0.262022
5.47804
-3.42336
-4.95281
1.10888
-0.163495
-0.159028
0.399083
2.3579
0.606211
-0.549428
2.79625
-3.70906
-25.3972
0.732958
0.330351
-0.107158
-0.495216
-1.1154
4.84132
0.2161
-1.05641
0.561397
-4.29322
0.445176
-0.325811
-1.12879
1.14318
-0.164872
1.24836
-0.326067
-0.617198
4.17171
-2.21263
-0.873461
1.66202
-0.728447
0.357815
-0.14329
4.84698
-1.56157
-1.66773
-0.319135
-0.334876
-0.25148
0.581866
-4.60447
-1.403
0.521308
0.00161567
0.877372
-0.129703
-3.4285
-6.9182
6.13615
-0.420436
0.213173
0.596494
-7.58028
6.87174
-0.426807
3.11945
-0.364149
0.492151
-10.6534
3.41964
-5.22994
1.01698
-1.27937
-0.372907
-0.506089
1.69694
-1.61986
1.15144
1.9204
7.80552
-3066.21
3.3983
3.88491
-13.8299
3.23064
-9.0408
-0.392039
-0.251848
0.833686
0.257952
-1.11496
-1.39577
-0.214888
2.70985
0.892312
-0.546182
-2.22607
-0.018314
0.454679
-0.0286541
-1.25422
-1.14993
0.487364
0.915345
-1.03532
0.289802
-0.298762
-0.39097
0.0661239
2.06217
0.441413
-1.88899
0.0641735
-0.815367
3.29419
-0.656707
-1.52987
0.736178
4.59627
0.0540158
92.2958
1.15741
-0.127455
-0.222397
0.404893
2.13235
1.76308
-1.07874
-0.0419896
-42.2149
0.788384
43.5595
-0.516222
-1.67385
-6.30246
2.83355
0.624208
0.333832
-0.0707171
2.83922
0.534796
-0.559667
1.08204
0.24215
1.90039
0.989512
-0.283342
-2.41016
-2.2405
-1.80093
-2.86952
1.96562
-0.511933
-4.73317
-6.54454
0.179586
-16.8264
-0.423544
0.436393
0.645656
3.11857
0.779013
1.9813
-0.158902
-0.988643
0.841214
-1.01997
-2.08128
3.56142
0.356887
-4.75064
-0.979627
-0.671327
0.129202
4.87315
1.1988
4.18431
0.560469
-2.25503
5.7493
0.462316
1.17012
-1.13493
0.188005
-0.705828
8.15166
-0.289055
2.28027
0.165585
0.651476
-1.7217
-5.82853
14.0671
0.39796
1.87683
-0.244528
-1.58167
1.42791
-11.9802
-2.38551
-11.8649
0.760424
-6.46284
-1.04955
2.07599
0.282153
0.762751
1.45463
-0.230866
2.75733
-6.62952
0.0811785
15.3282
-1.9553
-2.6541
-0.925549
-2.24521
5.92152
0.388421
-2.69344
-3.30399
-6.69266
-0.633386
1.039
-5.67624
-5.5287
1.8358
0.0940112
-0.354685
0.270452
0.531733
-0.225586
-0.819932
3.11293
-8.27429
1.14434
-0.0389346
-0.778713
-1.55775
-0.791647
-3.56716
-6.66428
1.30329
2.81162
0.243026
-0.177868
-1.15024
-0.621613
11.4682
1.47481
-1.22587
0.282548
0.650791
-1.12721
2.22248
9.72927
-7.44086
1.69214
-6.85042
4.1936
1.47625
-17.7083
-0.722295
-2.20397
0.312564
16.9562
-0.332912
-3.93605
-1.02311
0.160432
-1.19063
-4.04648
1.05108
2.78968
-0.23508
0.155209
-0.697955
-0.259417
-2.37883
4.85257
-0.329959
-0.586613
-1.41138
0.6282
-3.14819
-6.39117
0.255544
-0.111855
-0.162567
-5.12319
-0.674229
-0.0263176
1.09055
0.619061
-1.14235
0.715727
17.8758
-0.815949
3.23911
2.28012
2.57109
-0.842537
-1.46813
0.0451967
-1.53692
1.55358
0.356565
2.92
-0.260297
-0.906068
-1.68575
-10.449
-0.0961222
-0.482953
-3.41752
1.92138
0.982136
3.11612
-0.457831
0.0442343
0.451621
0.457837
0.433689
0.780164
1.49372
1.47125
1.19389
-2.33834
4.73205
-0.607882
-5.03589
-0.364448
0.133258
1.32167
-1.35149
-1.29765
-0.0843809
0.0649446
-1.83652
1.50887
-10.1502
-1.64349
0.0129531
-128.779
-1.19315
-0.923273
-0.997004
-5.19629
3.62468
-0.654435
-0.370841
1.7565
-0.872398
-0.761883
0.0961049
-1.06079
0.568404
0.632729
-2.91817
0.039808
1.25179
-0.513418
-5.28471
-0.111017
-0.707618
1.13254
3.72254
-0.259154
-0.771443
1.05112
-13.5603
-0.0811364
-1.2932
0.588192
-0.650043
-0.963619
0.443703
1.32375
-1.02276
0.575291
-0.602943
0.0204249
-0.933705
0.444468
-43.5732
-0.565257
-0.462249
-1.56278
-1.60045
-2.05731
0.747151
1.78743
-11.605
0.768269
-0.40096
-0.0953429
0.122923
0.513782
1.74494
59.9679
1.03521
-0.890425
0.484436
-0.629744
0.465001
0.736553
-0.427927
0.229799
-7.89343
-0.771315
-0.231042
0.797311
-4.652
4.78445
-1.14299
0.735196
-0.511399
69.4285
-0.0404321
-7.96293
-0.178659
0.0155207
0.72832
-2.00999
0.262118
-1.62439
-5.96986
-1.03868
-2.64908
0.330834
-2.20468
2.75787
-6.09274
1.50392
0.800276
-0.934916
2.43078
-0.00733314
1.48758
-0.745838
-12.7102
-0.748152
0.426648
0.845479
1.51234
2.43083
-0.380758
0.318278
1.03841
-0.307536
-0.44898
-0.362798
8.1579
0.3587
3.66135
-26.3707
-7.8676
-2.81106
0.227374
7.7552
-0.211847
6.56937
-11.0341
-1.02865
1.01006
-0.501946
-0.513369
-7.38118
-1.45666
-1.78623
-1.07674
-0.526644
1.03598
0.137642
-14.8447
2.85183
-0.239525
-526.017
3.47634
2.65941
4.96025
-1.18051
0.13203
-1.18975
2.89537
-1.27516
0.760124
-0.611553
2.19601
0.0335333
-0.216548
4.33466
-0.708082
-1.89287
0.430012
-6.52806
1.91539
-0.503114
0.447258
1.79079
65.588
-6.48316
-5.14969
-8.27696
1.29643
-0.563457
-2.48188
1.05402
2.02143
7.49402
-0.52464
-0.163037
-0.444214
2.62857
0.084821
-146.123
-0.269905
0.288921
0.269702
-0.280757
0.131838
9.94748
-0.526432
-0.47925
0.515777
-1.00036
-0.473905
-0.510027
-0.0219601
-1.14462
0.293122
-36.1051
1.92303
2.45608
-2.43767
0.934005
-0.527766
-0.729998
5.08822
-0.742379
-0.324192
9.92238
2.2823
2.4626
-27.3745
-0.0726453
0.264123
-0.30588
-2.12534
-0.247994
0.293241
-0.0995003
0.781406
-0.0799893
-3.68961
-6.04494
-4.87625
1.77065
2.33203
-4.93606
-0.114583
4.03551
0.0983855
-3.94748
-5.41677
0.381299
0.33579
-0.589635
-19.9806
0.0541624
-0.87215
-0.0904453
-0.723842
-0.240398
0.350952
3.99549
-0.938755
-0.909865
-0.32888
1.09593
0.449354
4.20101
-0.0973745
-0.69511
-1.06409
-2.20255
16.5796
-5.71327
-1.65042
0.162686
-0.0139619
-0.591225
-0.652296
0.342066
1.48841
2.9189
2.32499
-2.50096
-1.58491
-0.000779516
9.84532
-5.27422
-1.75425
-1.1632
0.512971
0.0107791
14.2019
-16.9207
-4.34869
1.74012
0.623585
-1.3601
-12.4225
-1.06338
0.291628
-0.199492
-0.885843
1.0456
-4.04307
-1.05128
2.31642
-5.37487
-1.27583
-0.153143
-0.897671
0.0546681
24.1602
20.7915
-1.12169
0.0937858
-0.056535
1.95588
0.2674
2.61132
-0.00543284
4.08704
0.580108
1.18317
-8.69674
2.64679
-0.573291
2.36692
0.34362
-0.12308
0.657228
-3.65675
0.562688
-0.127213
-1.24742
-0.652702
3.86014
2.05059
-0.468982
0.137094
-2.11268
-0.329492
1.22056
5.87703
-0.46605
-2.7443
-2.00766
-0.27245
1.46966
1.64918
0.222862
-2.49336
0.910206
-1.14136
-0.814596
1.81785
2.20707
-1.52404
-0.22612
0.284531
-1.11706
-0.212209
-79.6387
0.560795
-1.25797
1.18765
0.907482
-0.660129
-177.578
24.5793
-6.06442
0.806699
0.205319
2.65351
2.29418
-0.60001
5.1796
-14.9322
0.408885
0.718675
-2.50353
-0.0904194
0.0966925
1.00638
1.52142
-0.195936
-4.05478
5.53367
10.7056
-0.906352
-25.2495
1.01509
0.972863
-0.398577
-0.984168
1.64208
1.81727
0.441534
0.509975
-19.9321
2.13342
-106.738
-0.821023
-0.621763
-0.109133
-20.4361
-3.253
-0.0411395
1.1659
-0.361476
-1.40619
-0.652665
-0.727911
28.6564
61.8501
0.505046
-1.41502
-0.978632
0.152563
0.434423
0.813189
8.88674
-81.4985
-0.387748
0.477167
1.88145
0.0813484
-0.000306535
-1.08062
-0.120177
1.76442
0.210162
1.50854
3.74263
2.36842
-1.75245
0.295697
0.00115862
-0.733012
-41.3048
0.801513
7.58738
-7.04083
0.50467
0.703654
-2.14484
3.40179
-12.2721
-7.11515
-442.026
0.793879
-0.365468
1.17418
-0.04942
1.26211
-5.97115
1.36258
-0.865089
1.1754
-0.45579
-111.487
0.23285
-4.84204
43.0278
-0.502895
0.75864
0.118778
0.414419
-7.18559
-0.17728
-12.1212
0.933192
0.162635
2.34554
0.671761
0.755743
4.73522
-0.170681
0.290538
-1.02508
0.239726
-0.742329
-6.20833
-0.719882
0.309796
-0.540609
0.397125
1.85384
-0.176628
-0.661622
4.33204
1.28506
-1.33503
-2.16445
1.54144
-3.33147
-1.63311
0.24551
-2.92482
0.733946
-0.364982
0.737233
0.597885
-0.221591
0.183729
-1.31874
-0.854312
-4.61509
-63.771
-1.11797
-2.1508
-11.349
0.11367
-1.84669
1.16067
0.799286
3.35056
-0.374898
-0.925966
3.5174
-11.934
1.628
-3.60841
-8.40771
0.900661
0.0364927
-6.64805
-1.37796
2.52997
-1.738
0.294588
0.162897
-0.774724
1.45449
-0.592935
0.0100356
-0.20172
0.712258
-0.151193
0.278582
0.399331
-0.105797
-0.664047
-10.9196
1.91934
0.17918
-0.179697
3.28695
-1.05318
2.55365
1.39055
0.797554
14.3399
0.218772
1.59058
0.790208
-0.251384
2.26897
3.81531
1.73931
-0.746628
0.73699
-2.9093
0.126155
0.595748
-0.0871575
-0.468635
6.46877
0.540635
0.533148
1.6222
1.86861
1.94523
-0.198975
2.25337
1.49908
-0.388919
-0.255435
3.7507
1.09638
-0.0842917
0.595939
0.743085
1.82979
-0.392528
0.354884
0.149619
-0.0776945
5.11105
-1.88118
-0.0391744
-1.09252
-0.11055
-3.15785
0.287091
1.3655
-0.351941
0.504734
0.565742
-0.403325
-1.39057
-3.42556
62.1101
-0.443077
-18.2475
-1.02714
-0.542538
-1.39217
3.12329
-3.86781
0.434878
-0.0694827
-0.356584
-0.314244
-4.88292
-0.011744
0.102569
-0.339705
17.1774
-28.5971
-0.133415
-0.409625
-0.465163
1.23749
-0.843012
71.8872
-0.349665
-0.767479
-0.129249
-1.63156
0.570844
-1.76166
0.638165
-23.6709
-1.39482
0.343952
2.96297
-2.63569
-0.604005
49.4156
-2.22662
-1.80086
-1.22
-1.16255
-0.780334
1.67184
-3.98779
0.35807
-0.308183
0.169674
0.693406
-0.938746
-3.1081
-1.55591
-0.690354
-0.771349
0.990309
1.05196
0.679705
-0.368021
0.993396
16.0111
-26.9338
1.13071
3.3568
6.362
0.03716
0.541664
-1.96892
0.0858062
-1.60096
-2.76065
-43.1526
3.79011
-0.0951832
2.64072
0.263709
-1.68196
0.79559
0.24135
-53.5907
-0.483807
0.911891
3.11745
-2.07899
1.30583
1.67618
-1.47852
6.42527
-0.323121
0.84588
5.56417
-0.917628
2.19812
17.2476
-1.7532
1.35842
0.474319
0.552312
1.10647
-5.11414
-1.6751
-1.4405
-4.90658
-14.2916
-17.8851
0.391026
0.909972
-0.17939
0.208795
0.335638
0.435257
0.464841
3.28304
-0.44816
-3.19884
-17.7983
-1.11716
0.710439
0.302236
0.285186
-0.0897971
2.81406
2.80423
3.23836
1.91934
0.326573
-0.320003
0.817456
4.96129
-0.318956
0.189053
0.116852
0.829553
-0.955239
1.99154
1.228
1.12432
11.5346
-1.55837
-0.100964
0.222083
-2.13799
2.15392
-5.52605
203.216
1.97549
-0.0258377
-4.88151
2.86979
-0.164654
-1.01238
-1.18323
2.4721
0.577339
-0.566369
1.1469
-3.46522
-0.0859182
-0.689214
-1.24973
2.86805
-0.00442026
-5.07156
-0.413478
-0.244563
5.20948
-1.20809
0.582904
1.29393
2.41223
-0.066453
-0.48345
0.944581
1.27245
1.89222
0.0729833
0.691073
-0.484715
-0.0744455
-4.64601
-0.297789
1.83802
-0.475955
-1.96659
0.525746
-0.493386
-1.79433
21.6466
-0.39099
-0.630223
-0.614723
-2.05425
-5.38865
-0.827767
-0.144858
1.52916
0.0634066
-5.49792
-0.684659
0.5431
-2.22508
-61.8705
-0.112271
0.418691
-0.779975
0.351593
4.04275
1.06718
0.217512
4.18958
0.723605
0.213542
1.98869
-0.860513
-0.705481
3.70548
0.63443
0.64289
-2.08164
-9.92344
-1.34373
-1.07865
-0.102606
-1.37341
7.10982
1.24388
0.306147
-0.474257
-0.0836266
0.715588
0.646131
-0.705762
1.88766
-24.2501
-0.723956
-0.54513
1.33813
16.99
-2.87326
1.42802
0.649553
0.129512
1.88774
5.11375
-0.928778
-1.8225
-1.1006
-0.0122177
-0.551772
-1.13424
0.200593
0.446501
-0.47774
0.503688
-0.234302
1.84271
1.07643
-0.0248506
-0.737395
2.13737
-12.2934
0.739596
0.950479
1.9333
10.3001
-0.0294199
-1.18064
2.30185
-64.3286
0.189624
0.393035
1.06962
-1.17205
-0.855868
0.56773
-1.00317
-0.0747521
-0.8811
0.150459
-2.83476
-2.34676
0.70033
-0.520114
-2.12204
-1.70598
18.8783
1.35246
0.383814
-1.5554
0.472483
-0.428068
3.00658
-4.26549
0.370873
0.0606264
-0.0275132
-29.3935
-0.835501
-0.719202
0.559876
0.657389
-0.274669
-4.78038
-0.184624
2.03773
0.0678331
-0.900146
2.71329
-0.752916
-9.74112
-0.993682
0.64331
-1.33657
24.8169
0.702128
-0.174415
-0.98209
-5.06
-0.182485
2.68596
0.0560524
-2.35076
-0.2919
-0.291133
-0.468368
-4.20912
2.07052
1.49641
1.67958
-2.79819
-1.39546
-5.58018
0.190429
-0.310048
-1.07539
4.28974
1.01651
-0.630107
0.578213
8.62803
7.45413
1.31257
-1.30398
13.7215
2.68068
-1.66724
-1.17829
-0.240194
2.17484
-1.466
33.2571
6.0858
4.66058
-135.036
-0.523888
0.369571
93.6454
0.741884
9.64913
-0.581378
19.0686
0.279075
5.8006
-3.08742
-0.678817
0.987985
0.175859
-126.181
-0.501389
1.08772
0.295744
-0.0460767
6.07406
-8.72069
-0.913701
-0.532702
-3.28936
-1.08848
0.41049
3.16874
1.35719
8.97331
-0.116587
0.170976
3.47818
0.110953
1.09358
-1.51121
1.29171
-0.271445
-0.406039
-1.153
0.0726253
-0.000219704
0.865491
-0.319117
0.494053
1.50904
-2.30605
0.0225488
1.16105
-0.0552918
0.13577
-0.678556
-2.72521
0.230183
-0.959798
-2.09784
0.920228
0.727457
1.51461
-2.24814
2.68456
1.27846
-8.23039
1.70056
3.56158
2.59044
8.40763
0.906429
-0.30208
-1.24924
-0.970917
-1.4495
-1.18583
-0.0783858
0.55992
-53.3139
-0.160377
-2.65679
-0.0756698
0.243478
6.6517
-1.10517
-2.51186
2.20543
-3.10313
0.615234
3.32525
1.32312
-6.76855
-5.44523
0.366455
1.50705
-8.14481
-2.98459
5.79832
0.31713
-1.16448
-0.581333
1.225
0.0661198
-0.537866
-0.187326
-2.59329
-0.157621
-0.918726
8.21061
0.346621
-0.791746
23.1941
0.0571486
1.83475
1.22049
-0.122615
0.193888
0.32668
0.474099
-2.40001
-1.42535
0.320446
0.0115692
2.0561
-5.29459
3.29885
0.380325
2.30715
-0.623952
-0.0253867
-3.82643
-33.8778
-2.21399
-1.46777
-0.0752269
0.857735
-0.0577943
4.12541
3.55801
-0.484641
0.171989
6.42139
2.29061
-1.46816
0.572059
-1.58619
-1.64893
-11.2381
0.134298
1.15253
-0.101061
-5.77681
0.378342
-9.40048
0.355046
1.58195
1.64229
-0.537528
-1.0417
2.82829
-0.0402331
-1.18056
-10.5475
0.114844
4.08402
0.398292
-0.0700884
4.31113
5.4887
0.167646
-0.0417739
-0.652007
0.523321
-0.194562
0.226478
-20.1282
0.328387
0.995938
-1.22539
1.01251
0.438778
-8.97624
0.166676
1.36697
-3.56886
1.16879
0.287408
0.28855
1.38194
0.0422642
-25.5081
-0.834118
0.40566
-1.21204
-1.15705
0.430919
0.81203
-4.35105
3.30787
-74.7997
-0.821861
0.526753
0.0955213
-4.10048
-0.131456
18.0199
-0.426811
2.14849
0.376822
-0.497928
0.444144
-34.5736
0.246425
0.995398
-0.742261
-7.16978
-0.281001
0.587049
0.844009
3.79298
0.116392
0.525686
6.76383
-1.38244
1.48695
0.0517951
-0.324176
-0.761901
0.0356637
9.16927
-0.0822906
6.74516
3.00701
2.93265
-0.133338
-1.9516
-0.736385
-0.0296186
-0.322275
-4.91346
-0.758254
-1.38208
-2.40186
-5.26696
-0.220661
1.91875
2.70057
-0.774444
85.2523
-1.88323
-0.359917
0.868972
-0.627883
2.00108
-0.195156
0.83643
13.4919
0.585085
0.106372
0.121505
-0.14303
1.0603
-0.6211
1.29079
0.689786
0.261652
-0.0245904
0.132175
-0.739581
0.750907
6.63583
-0.116497
1.24534
-0.300223
-13.3795
-0.525858
0.486387
0.737355
0.542546
-1.24274
1.01008
-0.144868
-14.1808
-2.74733
0.448692
1.07684
-0.575737
-0.788361
-0.419781
-0.19485
0.236898
-0.291623
0.362762
-0.630543
-0.30863
-0.162624
-4.06663
0.560779
0.211956
-3.37894
-0.395483
-7.42481
0.0686228
-8.90406
-0.882458
-2.17978
1.46887
-0.039005
-1.02933
-0.966772
-1.1397
-0.469659
12.3183
0.469183
0.75981
-0.820309
-0.181139
1.60162
0.590406
1.04242
1.34773
0.409425
0.117324
-1.39926
-0.699545
-5.52286
-2.42094
-0.007038
-0.147897
-2.4578
-0.419282
-0.827543
0.349444
-0.169346
2.23688
0.325858
0.510286
-0.481173
0.15923
11.5042
-2.83776
-0.330963
-0.277016
-2.33209
-1.66433
0.308291
-0.214728
-0.101968
-0.570002
38.7264
1.83865
-14.1783
-0.0187603
-29.8453
-23.7478
2.02958
-4.99091
1.39242
-0.902953
0.640108
-1.96532
1.01207
0.205435
-0.102006
1.95775
-1.03048
-3.50652
0.301419
-0.184001
-1.04134
-1.16656
0.130283
-0.722937
0.38065
3.23123
-2.61923
2.10399
1.99146
30.6752
1.03984
-0.0476996
18.1668
-0.602501
-1.40402
1.31191
-0.10127
-4.44369
0.330468
-2.46055
-0.118313
-1.52202
-0.844086
1.56116
-0.730982
-3.26472
0.271851
1.38721
-17.4341
0.966513
3.57777
2.62438
-1.29306
7.35403
-0.886166
0.0870055
2.66142
0.87004
0.99734
-0.70052
-0.683183
0.0422745
2.43201
-0.138339
-44.9751
4.78081
-0.444384
-0.198762
-1.722
0.175514
0.903833
0.154265
-0.244913
-0.837624
-0.850342
-0.750995
-27.0969
0.822921
-0.92145
-0.625712
-0.0905134
12.4962
1.79178
-0.96952
0.228742
-2.25777
-0.542853
0.509557
1.7628
-0.071984
-0.965695
-0.958675
1.8071
0.63582
4.4271
1.85216
-10.0507
0.206082
3.84581
0.466303
5.35676
1.32492
0.386738
3.81574
0.762548
0.857024
-0.388363
3.7322
0.174365
0.457439
-0.2658
-2.4745
-0.643838
0.535639
-32.9687
-0.318403
1.90207
-0.215819
0.0820275
-0.739617
-1.81968
-0.659879
5.56657
0.341537
1.15173
0.156193
-4.47584
0.941812
0.115182
0.0228408
-0.20036
1.71204
1.1292
0.685588
2.62622
0.333164
2.89277
0.0208838
1.73673
-0.702177
-0.658715
-0.825954
-0.896519
1.20423
-1.69405
0.271341
-0.0256449
-0.0603987
0.62887
0.996806
-0.557009
0.198777
-0.771904
0.990516
1.48238
-12.181
-0.890785
-5.83314
-2.44272
-5.0261
1.25444
-0.987887
-1.71578
-2.02566
-0.320389
-1.16588
1.59165
0.422228
1.36068
0.672361
-7.5367
0.348686
-3.73572
-0.943864
1.4565
-3.34178
-0.210346
0.586594
2.95303
3.30825
-0.295179
-24.2207
3.25002
1.23818
-0.589193
-1.5124
-0.0925963
0.251206
0.213436
-2.09559
-1.87589
0.646221
0.33639
1.65892
-5.33245
0.281981
-2.75347
-0.522593
7.29429
-2.40895
3.21894
27.0547
-5.959
-1.41598
-2.33317
-0.1693
0.86112
1.1493
-1.21446
-1.78647
0.253291
0.0461606
-0.922596
3.33325
0.066966
-0.282788
-1.06345
-0.970662
-0.34575
-0.947743
-2.43997
0.195588
20.16
-0.258101
0.539489
0.558332
-0.451872
4.48504
0.265223
-0.892371
1.7837
-0.431157
0.184081
0.358975
1.66804
1.78134
0.494894
-1.23001
1.0434
-0.108655
-1.00777
3.31926
3.42757
4.73803
-1.52272
-0.035194
3.18176
9.21707
-0.79609
3.14429
-0.0638313
0.0689421
0.426485
-0.72294
0.456344
2.05491
-0.977828
10.4558
1.63704
-0.639559
4.56971
-1.8193
-46.9223
-0.326753
3.82973
-0.5019
-0.525157
-0.670511
0.295115
1.72983
-0.0258629
-2.53798
1.22143
0.341716
0.350804
-1.70221
-0.741947
0.748573
-2.20903
-4.66707
0.960371
-0.909428
5.13114
1.07764
3.21876
0.59215
1.01758
39.7702
0.446622
0.534759
-0.279202
0.268021
2.06063
-1.0655
-1.63881
-1.21229
0.575933
41.439
0.0758871
0.00634372
3.02035
14.1326
0.432302
0.621336
0.13229
-2.65275
-1.96662
-0.336595
40.1462
1.42977
-0.655224
0.229664
2.13413
-0.651843
0.00585762
1.006
0.692036
-8.57666
4.90794
0.925507
1.24716
1.01809
0.518822
-0.92122
4.12166
-0.927843
0.263455
0.33048
-0.101254
5.49781
7.94088
4.94174
-3.93488
-0.198838
0.601836
-2.73958
0.530467
1.12826
-0.995496
10.1968
0.563466
0.556568
2.8247
1.18694
-4.09486
-0.828507
5.91125
-7.46027
-0.635978
-1.31827
-7.24742
-1.07791
1.02952
-0.434444
0.0183045
-0.537932
32.2167
-0.310571
0.20726
-0.127326
-1.36335
-1.5855
-0.0155698
1.36761
-1.31051
4.84554
-4.82668
1.34046
0.303839
0.807992
-0.291967
0.435048
-5.09093
11.1508
0.716108
0.830381
-0.00054809
1.62776
5.72287
-0.578052
-1.03809
-0.148428
-0.231163
-8.71394
-0.0797689
-1.6366
1.75992
0.727012
0.978817
0.174596
-0.682596
1.53575
5.06045
-0.175883
0.309074
-0.337714
-0.813722
-2.86366
1.24108
-1.29582
-2.33586
-0.798708
0.0935692
5.87993
-0.778262
-0.415368
0.641895
0.200513
0.492651
-11.2978
-1.1301
1.26713
-0.0316031
-1.39704
-2.54941
-4.32196
-3.35796
-0.338754
-0.221341
-0.929309
-0.29568
135.196
1.40365
-0.496044
0.636746
0.859004
0.17893
-3.57484
15.0322
0.437243
-0.435825
13.4509
-0.776293
-0.412653
0.352506
5.10934
-0.239661
-0.128317
-0.590935
-5.46736
-0.232989
-2.66066
-3.5398
-0.630678
8.23473
-0.566094
7.33445
0.0529642
1.46009
-0.521106
0.350757
2.37352
0.0928447
-0.0225766
19.2984
0.158189
2.16306
-92.4159
0.0781021
0.595612
1.18265
0.0157223
-0.324817
-1.01952
-0.572599
2.24474
-0.0191293
4.91354
1.22181
0.591028
1.28149
-2.91641
-0.299175
9.48096
-1.83658
1.92095
0.472685
-1.26243
0.566933
-0.184771
-1.14672
-0.0790481
-0.401466
2.47621
6.51498
1.06744
-3.85356
-0.309513
0.327736
-0.856587
-0.537141
-1.04934
-0.0758473
-0.0991181
-0.258441
-0.298232
0.84222
-5.57178
0.829864
0.452431
1.35431
-2.71679
0.62847
-0.342195
-0.683106
-0.286972
0.235738
-0.0517266
0.577396
-1.0099
2.26312
-0.604011
-1.28667
4.6604
-1.43759
-0.297873
2.70549
-0.474125
-1.89301
0.965799
0.787006
1.9674
-1.26584
-0.00211748
-3.29831
0.251639
-0.719936
-2.2627
-3.01576
-2.55454
-0.313161
-0.433693
0.191783
-0.950271
0.3371
-2.26645
1.21724
-0.844595
-0.32907
0.818947
-0.723035
-1.31618
-4.97167
-0.31819
-1.10693
0.615521
-1.00694
-0.378142
-2.20919
8.99686
1.67015
-2.49684
-0.0598342
4.2196
-1.58629
0.0574843
-2.07192
4.43434
-4.92498
1.11025
-0.740433
0.274479
-1.27225
0.301028
8.61922
0.149773
-0.4737
1.96674
-0.24848
-1.15814
-0.304382
0.126392
1.13925
-2.51183
0.0868903
1.62069
-0.896504
-3.91867
-0.436022
-1.11265
-0.230892
-6.69998
-1.23657
-0.771438
-1.48231
-0.242474
-0.207829
24.8433
-0.745603
0.0757248
-2.35909
-6.47348
-0.673397
1.99602
-0.289548
0.227406
-0.0168503
2.74641
1.72666
-0.679952
-4.73816
-0.456889
-1.78764
0.0802152
-637.824
2.0955
-1.64318
0.692831
-2.01089
-3.7142
-0.135333
-0.718543
3.50486
5.72335
-6.33935
-0.823228
-0.318904
-2.69483
-0.171848
3.0949
-0.229125
-0.766949
-15.3392
-1.71952
-0.581769
0.770683
9.7864
-0.794914
0.550154
-5.23265
0.325572
-0.049464
-0.63999
0.35455
-0.189002
2.8082
-1.19564
-0.540429
-0.493911
3.08269
-0.118882
2.07079
0.0508733
10634.4
1.07527
-0.552538
50.1453
-7.37935
-24.1564
71.8311
2.94849
0.800359
-6.63176
-0.967562
0.0846485
-1.88755
0.983072
2.81773
0.94175
0.162426
-8.46455
-67.0173
-1.23477
0.430017
-0.476123
2.01205
6.14587
0.011178
-0.101075
-0.27273
0.33914
1.52949
6.46457
22.9169
-1.05915
0.478038
4.30168
-2.39136
-1.78414
0.689014
-6.71519
12.3357
-0.151585
9.20188
-2.9303
1.90662
-0.824713
0.37746
-1.73779
0.538956
0.849884
-0.566678
8.92875
-10.9834
-1.32956
-0.189157
38.2901
2.67329
-0.392223
1.99255
6.59297
-0.491964
-0.556651
1.46409
-0.324637
-1.46583
-1.58075
-125.576
-26.4115
0.661244
1.69479
-0.587998
-1.23055
1.27751
-0.507189
-0.532122
-1.50637
-0.436204
1.43583
1.27186
-0.152072
-0.373127
-0.41367
-0.713146
2.12197
2.94558
0.93013
-0.747311
9.31499
-3.40157
1.28131
16.6116
-0.606521
-9.05459
-0.0454841
0.354826
-5.76682
0.180533
-0.106031
0.272425
-0.802079
0.170185
-0.572331
-0.126507
-1.03099
-1.16512
1.40123
-1.07945
-3.31318
0.37073
-64.601
6.68331
1.05737
-1.35189
-115.083
0.175387
-1.62032
1.56499
-19.5249
0.268459
0.133775
3.9036
-0.867736
-0.38001
1.63894
0.945879
-4.331
-0.0225699
0.115002
-0.730357
-2.43894
0.315114
1.63478
-0.0471732
-1.6029
12.7158
4.86766
0.342389
-1.19841
0.864858
1.35219
0.370414
-3.76178
-1.78673
0.253162
0.403482
-1.1155
0.309515
22.7453
-0.494786
-0.553386
-2.58242
-0.615511
-2.12652
35.2829
2.1435
-0.765286
0.418847
1.00469
-0.622432
-0.891621
-7.44058
4.88516
0.485007
1.3878
4.04213
-0.626285
0.992536
-33.6688
0.111404
-0.894625
-6.67094
1.25025
0.185556
4.35015
-0.646645
1.33851
-1.20176
0.124259
-0.0178438
-1.35676
-1.50106
2.44087
0.461193
-0.527551
1.96777
-0.0131866
-0.593304
-3.66286
1.5885
-0.866806
-0.303764
-0.301389
0.42883
2.78133
-2.46336
2.51243
2.14356
0.640758
1.3738
0.706318
5.91827
0.817324
0.0335794
1.23327
1.98294
4.6391
0.234992
0.978242
-0.590928
1.9604
-0.876228
-0.229811
1.64538
-2.32207
-0.342858
-0.277327
-0.837124
-0.388109
0.344786
2.32425
-1.46257
3.3492
-1.38375
-0.806617
-0.165203
-1.4409
-0.557939
1.12285
-2.84658
1.44629
-6.85557
-3.91008
-0.342931
-1.93857
2.69513
2.19473
-0.671225
-0.959944
-3.54568
-0.768638
1.01007
-1.23141
-0.0477546
-0.180015
-1.51927
-3.36048
1.63676
0.803962
-0.53743
-0.929799
-2.12456
-0.734826
0.938762
1.44573
1.88115
-0.491262
-0.77846
1.99994
-0.632354
2.91708
5.71669
1.13955
0.496016
-1.28985
0.466703
-0.134971
-1.01585
5.0806
0.103309
0.133485
-3.18493
2.81396
-0.00463862
0.203909
-8.49314
-0.631218
-4.4088
-2.97354
-0.690155
0.611687
123.097
-5.7605
0.809505
0.175309
0.574025
-0.656373
0.139476
0.524429
0.834535
1.7101
-0.466359
-1.26819
-1.47047
-1.07716
4.23132
8.53765
-0.0199272
-1.78535
-0.884045
0.422456
-0.386682
-4.493
-0.565037
0.693059
0.187183
-0.00698021
-1.52058
-1.60683
0.209928
-0.333092
-45.6976
-4.3081
-0.550947
0.340468
-2.71027
1.44929
-5.12039
-1.2069
1.12925
1.0645
29.7634
1.16621
-0.975179
-2.06156
0.519617
0.970328
2.73435
0.57165
6.78879
0.259989
-341.804
0.0619088
0.535434
-0.472371
1.29245
0.402552
0.646232
-1.42924
1.09506
0.178219
-0.676362
-0.50862
1.42576
-0.245589
0.00296567
0.357637
0.81894
0.0729952
-0.91031
7.60698
-0.69987
-0.893659
-0.188665
-0.728496
-0.991161
0.525992
32.6211
-1.77479
-0.662956
-0.0808914
0.295526
1.21874
-3.60454
1.47153
2.44591
-1.2048
1.22227
-0.0519937
-1.45216
-0.496247
0.415831
-0.177976
0.657485
-0.26807
-0.644391
0.354335
-0.703393
2.4624
-2.52336
0.615209
2.11777
1.04301
-2.22632
1.11855
-0.0892953
2.23366
0.875743
-0.126939
9.00331
-0.458857
-0.181484
0.0486167
-1.12621
-0.410673
-0.147381
-0.632141
-1.07014
-1.04715
-0.341609
-4.35743
1.52741
-1.18197
-0.833726
3.81764
2.68782
1.12492
56.9299
1.12202
0.733852
3.05734
0.473782
1.73525
-0.632625
0.851187
-1.96647
-0.577234
173.451
-1.30765
0.197343
-0.441589
-3.26755
-4.33571
