0.0145146
0.0156684
0.0154943
0.0118018
0.00948881
0.00603682
0.00392506
0.00205495
0.00173303
0.00265201
0.00135442
0.000785225
-0.00108836
-0.00038792
-0.00112083
-0.00218588
-0.00178175
-0.00186368
-0.00112918
-0.00172039
-0.00220559
-0.00245179
-0.00218759
-0.00230016
-0.00192441
-0.00179346
-0.0021081
-0.0025491
-0.00200094
-0.0018978
-0.00197488
-0.00165378
-0.000862627
-0.00053194
-6.16592e-05
-0.000376261
0.000464662
-0.000234222
-0.000154757
-0.000209812
-0.000181097
0.000249145
0.000199179
0.000310944
0.00073975
0.000792729
0.00100892
0.000651944
0.000813265
0.00109496
0.00103379
0.000574038
0.000529482
0.000224889
0.00018707
0.000485943
0.000525179
0.000504926
0.000422975
0.000346618
0.000288057
0.000321162
0.000475239
0.000609697
0.000458414
0.000450003
0.000397487
0.000702136
0.000624414
0.000687724
0.00076488
0.000889482
0.00106316
0.00106495
0.00128417
0.00122465
0.00118998
0.00138427
0.00108594
0.00103585
0.00103812
0.001202
0.00096838
0.000887635
0.000732793
0.000813446
0.000783951
0.00063336
0.000642572
0.000409782
0.00039489
0.000370278
0.000154156
0.0001554
0.00019993
0.000285902
0.000245431
0.000326787
0.00063925
0.000656644
