0.729649
0.278176
0.975756
0.242162
0.138703
0.79517
0.817237
0.532239
0.394445
0.314842
0.340711
0.072361
0.710606
0.394952
0.867049
0.219311
0.184244
0.809811
0.44
0.371675
0.56042
0.413936
0.128915
0.783704
0.487287
0.492521
0.336262
0.456741
0.296417
0.311807
0.129578
0.97246
0.809344
0.573613
0.74444
0.0980321
0.698841
0.0756274
0.115914
0.00770822
0.997036
0.256227
0.362093
0.0925483
0.885358
0.539822
0.055123
0.790937
0.835762
0.982187
0.581442
0.543959
0.379403
0.0376632
0.341575
0.894952
0.60762
0.130219
0.617273
0.601003
0.279128
0.813274
0.00517633
0.251551
0.903703
0.760225
0.965668
0.797517
0.152361
0.656363
0.565714
0.241758
0.63162
0.687138
0.426905
0.84253
0.648247
0.0676176
0.464775
0.00678623
0.743085
0.669814
0.681727
0.726474
0.118966
0.920879
0.231417
0.22175
0.727897
0.814876
0.603526
0.33959
0.785161
0.0589261
0.199892
0.310445
0.379628
0.422383
0.119876
0.441236
0.156433
0.542909
0.697331
0.128356
0.734805
0.439628
0.505163
0.77385
0.533508
0.371149
0.156407
0.5024
0.421375
0.441367
0.491979
0.382899
0.47141
0.391265
0.582608
0.689693
0.923702
0.619174
0.532238
0.784259
0.0732037
0.850249
0.217839
0.804015
0.480359
0.639631
0.9199
0.512986
0.911616
0.560347
0.0917241
0.557415
0.477434
0.420467
0.305493
0.792589
0.241062
0.00428292
0.439035
0.275794
0.284076
0.875738
0.388515
0.581431
0.965358
0.86159
0.686335
0.0710587
0.498477
0.495591
0.267143
0.0830035
0.56662
0.408484
0.872994
0.288829
0.531472
0.253103
0.0555447
0.949376
0.878588
0.0269537
0.971365
0.899475
0.351438
0.770134
0.947431
0.862216
0.202859
0.654416
0.60802
0.361598
0.0481262
0.92611
0.910379
0.943334
0.819214
0.413504
0.162524
0.660895
0.644589
0.158061
0.63877
0.526805
0.431516
0.882255
0.132393
0.713687
0.295308
0.577251
0.27409
0.21729
0.518325
0.49816
0.00242171
0.123193
0.655128
0.717131
0.719671
0.864242
0.922661
0.435261
0.643736
0.387993
0.78761
0.229343
0.13282
0.0992985
0.318051
0.951659
0.49249
0.0859191
0.502849
0.158934
0.370642
0.414195
0.428242
0.675512
0.420275
0.29297
0.473839
0.556895
0.79673
0.399144
0.0557067
0.580817
0.307879
0.54565
0.876921
0.127601
0.924233
0.716685
0.0892671
0.499945
0.871179
0.0164781
0.635843
0.360677
0.876699
0.653614
0.713943
0.928128
0.262531
0.24623
0.620448
0.161255
0.591431
0.673629
0.0363319
0.595786
0.383156
0.762809
0.35998
0.369571
0.0709573
0.285971
0.266568
0.817782
0.691604
0.215467
0.977506
0.750264
0.806583
0.750361
0.463164
0.974418
0.580511
0.264435
0.135899
0.0337395
0.753844
0.656154
0.649734
0.637151
0.118454
0.389831
0.807348
0.406356
0.933037
0.243676
0.852877
0.822754
0.115839
0.0200598
0.63733
0.473205
0.858879
0.478309
0.288185
0.642814
0.0733382
0.928739
0.57045
0.156663
0.571685
0.342968
0.536625
0.211179
0.608541
0.710516
0.23957
0.245874
0.04833
0.582174
0.106237
0.0801803
0.431046
0.319967
0.391103
0.376755
0.214607
0.211019
0.264341
0.697121
0.848367
0.144093
0.32835
0.0990926
0.661471
0.494908
0.453195
0.405776
0.134635
0.877772
0.00123188
0.376723
0.485988
0.811002
0.967244
0.363311
0.881146
0.582835
0.954769
0.368776
0.433708
0.819918
0.87288
0.401249
0.672471
0.73527
0.870117
0.654378
0.712501
0.706268
0.391814
0.329808
0.0939148
0.801394
0.890987
0.190192
0.478774
0.88924
0.146962
0.468163
0.175734
0.932643
0.324728
0.229624
0.0653554
0.559468
0.784904
0.278828
0.916625
0.72998
0.641363
0.184443
0.526166
0.666046
0.541785
0.892642
0.503617
0.702728
0.965339
0.974077
0.0161784
0.557584
0.309698
0.031462
0.257607
0.0329828
0.463726
0.78473
0.906022
0.373833
0.688371
0.368926
0.183367
0.555565
0.181122
0.34998
0.34893
0.489419
0.372183
0.715335
0.289996
0.474831
0.955455
0.866436
0.273624
0.828865
0.0252859
0.570892
0.572375
0.263451
0.070401
0.472482
0.470039
0.702121
0.537835
0.562267
0.706288
0.424635
0.259086
0.84512
0.565708
0.952412
0.234066
0.0606247
0.109508
0.34807
0.570261
0.909345
0.258936
0.663294
0.218202
0.875003
0.058229
0.351196
0.442089
0.906454
0.180777
0.439378
0.596881
0.323074
0.0228498
0.171262
0.100188
0.132143
0.20119
0.355269
0.807071
0.202076
0.299218
0.659926
0.10555
0.532194
0.875595
0.0598481
0.706125
0.21588
0.361059
0.230996
0.524445
0.0330114
0.0464161
0.22808
0.445908
0.259855
0.146412
0.723254
0.776404
0.986223
0.370064
0.570143
0.455627
0.62342
0.715519
0.764095
0.737849
0.421004
0.733156
0.937727
0.0982573
0.640855
0.379716
0.456078
0.137936
0.924746
0.152653
0.709929
0.743165
0.604144
0.500471
0.257299
0.679656
0.91214
0.822913
0.596277
0.112791
0.847361
0.694859
0.287816
0.65322
0.794693
0.478582
0.261948
0.813967
0.820252
0.158322
0.968206
0.0802375
0.127175
0.185526
0.760369
0.954689
0.689434
0.227729
0.882632
0.636197
0.184388
0.0529419
0.650937
0.674897
0.538788
0.157305
0.0576668
0.745221
0.611188
0.178082
0.884683
0.285046
0.586353
0.367157
0.459394
0.325064
0.790554
0.390935
0.0582904
0.508999
0.99321
0.148691
0.435196
0.681805
0.389023
0.0595346
0.466938
0.0679832
0.810575
0.973352
0.0629181
0.0126739
0.165716
0.347431
0.529036
0.520107
0.39449
0.150728
0.918949
0.871918
0.570661
0.883241
0.610985
0.885164
0.213245
0.619146
0.638083
0.788631
0.910056
0.80802
0.0476798
0.13718
0.380814
0.126512
0.81185
0.996917
0.92058
0.609583
0.234545
0.13739
0.470352
0.971273
0.258347
0.947768
0.471795
0.0337521
0.0594833
0.00808206
0.194947
0.822951
0.495403
0.918514
0.805167
0.680867
0.648171
0.312968
0.388568
0.928836
0.36026
0.619686
0.22015
0.651751
0.413745
0.712467
0.378319
0.238037
0.142783
0.220613
0.43225
0.8007
0.731981
0.00254517
0.309843
0.636167
0.335513
0.674064
0.954949
0.783892
0.205636
0.623471
0.270895
0.583597
0.152743
0.616745
0.796793
0.160014
0.436741
0.840081
0.153822
0.987269
0.332092
0.456399
0.516936
0.305722
0.493158
0.847898
0.105897
0.110717
0.405905
0.527802
0.246846
0.851936
0.835842
0.049662
0.137134
0.739016
0.616109
0.408887
0.662869
0.727824
0.365788
0.674581
0.988437
0.665017
0.945014
0.634731
0.0837842
0.717686
0.454748
0.777835
0.708633
0.85031
0.345854
0.131121
0.869426
0.691803
0.341367
0.46061
0.547123
0.338985
0.180691
0.710903
0.110922
0.365697
0.10447
0.891154
0.739634
0.164374
0.109652
0.935293
0.230031
0.573078
0.567805
0.385115
0.547696
0.0885323
0.22427
0.538828
0.544543
0.606135
0.945635
0.418617
0.508227
0.051378
0.0790643
0.450596
0.108618
0.182681
0.806146
0.000289668
0.257778
0.680974
0.44927
0.215908
0.201431
0.0430159
0.00970109
0.318699
0.516709
0.12857
0.129022
0.331502
0.714427
0.0602395
0.671581
0.00934384
0.851765
0.841622
0.883065
0.653919
0.376939
0.0661011
0.903896
0.750647
0.681218
0.67512
0.77643
0.624613
0.261882
0.350331
0.108951
0.201071
0.64496
0.966167
0.530323
0.576898
0.327688
0.98476
0.926428
0.529743
0.932619
0.858845
0.288818
0.848767
0.879608
0.7544
0.579306
0.970719
0.44598
0.266046
0.229759
0.822143
0.772929
0.545991
0.318542
0.946207
0.767703
0.392014
0.814605
0.34309
0.932663
0.550428
0.934097
0.356859
0.816515
0.713988
0.145793
0.248987
0.328652
0.57878
0.879977
0.627439
0.789775
0.733424
0.886518
0.937678
0.922039
0.172532
0.453541
0.0239192
0.527503
0.656903
0.496637
0.06006
0.288492
0.00699245
0.674387
0.623288
0.777674
0.453914
0.149761
0.5016
0.625492
0.342697
0.02574
0.120101
0.00077019
0.463335
0.620413
0.839706
0.665507
0.972987
0.0512962
0.394021
0.322305
0.882535
0.666458
0.422907
0.643771
0.246809
0.94311
0.440336
0.0252159
0.072631
0.980837
0.114254
0.908874
0.314125
0.711138
0.880695
0.56974
0.650533
0.647972
0.575336
0.0163076
0.747199
0.292675
0.823991
0.536589
0.813044
0.214039
0.738826
0.209577
0.134381
0.0399542
0.337618
0.109936
0.250357
0.966623
0.826393
0.0704183
0.123861
0.416806
0.217
0.74993
0.355939
0.818094
0.915372
0.80915
0.713231
0.440304
0.106573
0.550165
0.226862
0.298407
0.641508
0.168098
0.336556
0.420946
0.32811
0.433734
0.173292
0.5868
0.146616
0.22553
0.494006
0.884955
0.01251
0.812181
0.117907
0.248245
0.838951
0.514453
0.299967
0.204904
0.308936
0.614902
0.365681
0.389296
0.930604
0.810092
0.393904
0.419914
0.560381
0.692215
0.761527
0.309342
0.0501815
0.691846
0.164111
0.994267
0.387504
0.503541
0.227939
0.397058
0.500542
0.549916
0.177844
0.843361
0.612812
0.722847
0.0868681
0.00822119
0.940339
0.083811
0.0921844
0.848493
0.884969
0.926672
0.419669
0.35985
0.4146
0.529359
0.138351
0.28705
0.728297
0.875818
0.00608163
0.0869786
0.743551
0.852797
0.52803
0.12226
0.545207
0.0599142
0.107807
0.0321851
0.300398
0.964997
0.823653
0.926735
0.839602
0.144851
0.52435
0.0743413
0.167744
0.635812
0.445419
0.356614
0.606954
0.746205
0.948415
0.351863
0.558818
0.227985
0.0561956
0.548192
0.452065
0.547537
0.685243
0.0970771
0.223655
0.622026
0.571333
0.5765
0.54819
0.190618
0.274896
0.472146
0.33188
0.76791
0.983734
0.195387
0.0414852
0.58535
0.468592
0.283324
0.0327173
0.176389
0.0754278
0.471215
0.932451
0.320346
0.359819
0.249134
0.53932
0.352196
0.405219
0.62737
0.831278
0.700857
0.258058
0.609403
0.168524
0.673334
0.717875
0.434373
0.286755
0.598899
0.117539
0.285901
0.288597
0.535124
0.113642
0.810438
0.628597
0.771181
0.9956
0.541672
0.58654
0.70463
0.947765
0.939916
0.440836
0.583597
0.114795
0.134961
0.462994
0.770527
0.498037
0.172141
0.899097
0.176782
0.640011
0.324987
0.696768
0.325439
0.944254
0.230755
0.257364
0.0154078
0.25649
0.760615
0.792512
0.082224
0.146829
0.843696
0.760039
0.484618
0.0467237
0.269334
0.634033
0.502639
0.0926586
0.79659
0.182851
0.730194
0.0138222
0.862755
0.212228
0.706258
0.694711
0.617363
0.0714091
0.284747
0.886068
0.886191
0.280602
0.429493
0.88766
0.617488
0.54891
0.180439
0.561959
0.163679
0.812832
0.618996
0.655234
0.845346
0.304757
0.219437
0.717167
0.226183
0.0957966
0.870698
0.755832
0.649753
0.0535866
0.856503
0.694452
0.259476
0.188003
0.365159
0.481307
0.00679388
0.369423
0.743839
0.83466
0.269596
0.307309
0.201906
0.789662
0.530685
0.352414
0.396483
0.88157
0.137554
0.483328
0.0998355
0.595794
0.169446
0.0758553
0.657295
0.00544142
0.721307
0.518895
0.307754
0.885257
0.978764
0.188909
0.67373
0.339737
0.961868
0.951443
0.258552
0.634379
0.0724972
0.4157
0.944334
0.712601
0.0616979
0.289138
0.00248389
0.275932
0.865835
0.994175
0.65109
0.479272
0.227411
0.318092
0.769457
0.642912
0.0572428
0.338348
0.964425
0.0237523
0.20511
0.735972
0.137207
0.953847
0.437849
0.385317
0.290936
0.597607
0.885523
0.763785
0.221679
0.4714
0.572061
0.203629
0.529546
0.700944
0.617412
0.721643
0.0578758
0.971907
0.660729
0.492343
0.310043
0.185178
0.541599
0.825739
0.903926
0.106848
0.478299
0.590347
0.908636
0.669326
0.244226
0.67281
0.578023
0.118088
0.167922
0.543243
0.0683755
0.711175
0.32674
0.0248013
0.127388
0.187125
0.883628
0.640328
0.297985
0.461778
0.101397
0.590457
0.130338
0.95439
0.786191
0.636941
0.380851
0.25634
0.544916
0.522034
0.746998
0.438053
0.729426
0.617689
0.796633
0.756672
0.879245
0.304322
0.261142
0.712606
0.116229
0.13379
0.541138
0.859991
0.697212
0.609647
0.295129
0.275895
0.858745
0.862994
0.425833
0.62596
0.412186
0.526506
0.13181
0.0390828
0.144629
0.593318
0.346549
0.948473
0.984697
0.340971
0.641771
0.317441
0.791441
0.822002
0.231646
0.610784
0.365258
0.758982
0.191221
0.0806732
0.363804
0.688898
0.413105
0.712219
0.891514
0.104154
0.595266
0.0398737
0.933013
0.328683
0.00972814
0.241781
0.989137
0.609657
0.683297
0.904062
0.376392
0.0290383
0.56981
0.798601
0.949711
0.444276
0.357652
0.332598
0.443725
0.8222
0.691371
0.121279
0.2952
0.571698
0.153669
0.740649
0.46073
0.314966
0.621223
0.187767
0.287412
0.938558
0.248692
0.183229
0.494561
0.677531
0.929863
0.184575
0.502184
0.820804
0.619574
0.04919
0.0739431
0.764217
0.267373
0.618653
0.0618717
0.429361
0.612633
0.239924
0.136598
0.32943
0.926225
0.25747
0.106024
0.0851097
0.567005
0.888363
0.769222
0.22989
0.470083
0.432344
0.378977
0.419664
0.321771
0.492243
0.510326
0.369413
0.0333951
0.527264
0.424414
0.142399
0.439199
0.591467
0.503847
0.945281
0.0547792
0.199992
0.800766
0.9357
0.790882
0.812724
0.621513
0.295445
0.177912
0.0443838
0.967672
0.999342
0.780527
0.23543
0.814518
0.323555
0.836818
0.00245662
0.0425191
0.661448
0.916578
0.601369
0.410148
0.0940361
0.638171
0.871841
0.487448
0.307408
0.699832
0.896314
0.836563
0.742177
0.0614284
0.728877
0.960987
0.649657
0.855648
0.275221
0.339048
0.334415
0.218304
0.999707
0.0548655
0.0701784
0.817295
0.183508
0.643578
0.741755
0.446307
0.261344
0.435326
0.4141
0.0564608
0.845218
0.228674
0.954474
0.35676
0.641786
0.0196343
0.196713
0.358878
0.0447968
0.88406
0.569013
0.615938
0.912873
0.242282
0.707742
0.457472
0.322519
0.564727
0.418183
0.208632
0.0316787
0.20171
0.955685
0.562419
0.334489
0.191606
0.493556
0.216699
0.985854
0.52722
0.791502
0.266913
0.196485
0.00508368
0.424136
0.240806
0.335425
0.167062
0.884951
0.059432
0.136792
0.345231
0.828138
0.50182
0.818185
0.972517
0.498311
0.23772
0.726499
0.312639
0.844952
0.378989
0.797911
0.939108
0.211263
0.396673
0.336631
0.656373
0.0820947
0.675245
0.184249
0.264928
0.897141
0.851757
0.289819
0.440613
0.077176
0.245682
0.740225
0.997379
0.334787
0.361546
0.430081
0.559139
0.177658
0.783473
0.417945
0.963448
0.861696
0.327417
0.527649
0.996882
0.481412
0.528151
0.525157
0.914983
0.433143
0.275403
0.0666241
0.880365
0.158811
0.444438
0.124955
0.369258
0.348462
0.864638
0.531618
0.813905
0.0923353
0.0154707
0.108024
0.486423
0.739627
0.9188
0.31539
0.766052
0.322392
0.202479
0.851422
0.499307
0.68878
0.0414084
0.812842
0.850806
0.278303
0.3437
0.290009
0.697326
0.55032
0.25277
0.147599
0.740729
0.201125
0.798479
0.576248
0.765093
0.699662
0.775836
0.295776
0.154163
0.530228
0.988244
0.291203
0.387671
0.514768
0.60019
0.127363
0.876315
0.328264
0.144221
0.394178
0.458207
0.918005
0.767816
0.0790344
0.104084
0.0594181
0.542473
0.760537
0.960041
0.264915
0.451282
0.803065
0.547045
0.213546
0.290038
0.256874
0.644199
0.762916
0.834388
0.205356
0.67212
0.38406
0.821663
0.83979
0.984497
0.936985
0.557328
0.791472
0.747012
0.460131
0.174806
0.139158
0.566343
0.930819
0.0528227
0.182922
0.917582
0.584041
0.831311
0.398864
0.0516128
0.640988
0.476657
0.0467949
0.446901
0.452222
0.447345
0.497612
0.160837
0.828042
0.125519
0.500203
0.448822
0.403787
0.138892
0.0595075
0.725242
0.432556
0.236957
0.306868
0.966458
0.543052
0.148306
0.388724
0.785026
0.345561
0.880759
0.876518
0.0760487
0.882821
0.688128
0.124681
0.946583
0.841778
0.277992
0.208641
0.839286
0.172923
0.541578
0.113769
0.760198
0.780603
0.323392
0.490503
0.382223
0.693709
0.594816
0.0307518
0.741096
0.513727
0.33877
0.0651691
0.146493
0.84699
0.884308
0.757613
0.830514
0.209781
0.149509
0.928673
0.438618
0.867093
0.963292
0.439696
0.57984
0.0153832
0.453237
0.796291
0.795793
0.402468
0.424574
0.488617
0.139644
0.118452
0.139165
0.0962646
0.391587
0.0835037
0.262581
0.588514
0.246795
0.363607
0.718551
0.00517991
0.722591
0.494959
0.415781
0.986847
0.826661
0.591
0.341221
0.832539
0.147117
0.211622
0.301312
0.0130225
0.563722
0.328884
0.999998
0.692958
0.489636
0.733582
0.436849
0.867762
0.842763
0.866705
0.464361
0.472753
0.879713
0.272697
0.340439
0.263236
0.824133
0.069508
0.236624
0.603557
0.261787
0.394597
0.807246
0.468573
0.0903809
0.56591
0.388342
0.0989599
0.592197
0.510795
0.382849
0.727504
0.287929
0.150895
0.511634
0.691017
0.632476
0.143199
0.385931
0.864461
0.486237
0.391159
0.209557
0.721851
0.452964
0.74857
0.178911
0.182606
0.588274
0.504721
0.551617
0.701408
0.278406
0.693189
0.543271
0.481841
0.0499186
0.608002
0.734951
0.135807
0.137269
0.708248
0.987027
0.186981
0.402252
0.382561
0.818681
0.361566
0.919066
0.834192
0.595001
0.175862
0.619522
0.110145
0.838375
0.689361
0.899109
0.477504
0.628257
0.93429
0.236894
0.858727
0.859532
0.166825
0.557615
0.756119
0.487269
0.139321
0.295939
0.373644
0.593417
0.713251
0.600251
0.799929
0.874066
0.684487
0.682113
0.936985
0.0755817
0.259936
0.479702
0.100553
0.0218557
0.510193
0.21734
0.104818
0.596796
0.848249
0.422984
0.369765
0.706267
0.3896
0.982124
0.815846
0.578136
0.393362
0.98678
0.66876
0.410611
0.0449534
0.765424
0.886584
0.396363
0.0149681
0.493139
0.810602
0.488222
0.63139
0.276913
0.367103
0.292729
0.467132
0.340488
0.215996
0.448176
0.724884
0.804987
0.627885
0.437779
0.267815
0.13996
0.517722
0.586354
0.488102
0.365304
0.382327
0.976662
0.634446
0.89464
0.261808
0.092056
0.662547
0.0583858
0.120905
0.44394
0.27529
0.0193742
0.0437798
0.481043
0.447467
0.341202
0.641983
0.31382
0.467214
0.891417
0.346014
0.739106
0.175627
0.216446
0.51077
0.641194
0.668815
0.827224
0.207504
0.905965
0.983162
0.954561
0.361871
0.750816
0.173724
0.898291
0.660047
0.987486
0.395304
0.887388
0.9824
0.746425
0.00228247
0.829035
0.605108
0.054934
0.911916
0.0486534
0.0715733
0.238529
0.360614
0.362264
0.483357
0.173155
0.276374
0.985322
0.469219
0.12907
0.564507
0.932871
0.704099
0.395309
0.148426
0.925188
0.479594
0.543106
0.331352
0.257983
0.354551
0.469961
0.376283
0.659886
0.688401
0.062116
0.78677
0.531839
0.199173
0.127038
0.975309
0.988853
0.379882
0.290481
0.413393
0.306283
0.406962
0.842396
0.270271
0.368581
0.30734
0.476156
0.487646
0.842816
0.809882
0.826387
0.445238
0.522839
0.154426
0.408478
0.306218
0.739732
0.798332
0.640076
0.96981
0.193371
0.546035
0.130553
0.697293
0.967951
0.199758
0.313428
0.032479
0.946902
0.926597
0.130555
0.942431
0.0917299
0.664307
0.122996
0.211531
0.00310668
0.0200771
0.615788
0.303406
0.405508
0.19659
0.282343
0.151
0.40954
0.919949
0.225265
0.854104
0.985739
0.525413
0.706647
0.983814
0.563336
0.128921
0.101042
0.261003
0.236614
0.993529
0.733609
0.656346
0.065831
0.0771398
0.615481
0.536561
0.401187
0.577217
0.216037
0.158244
0.195069
0.794133
0.241079
0.60825
0.714467
0.510724
0.747124
0.948466
0.892509
0.493675
0.0514517
0.801785
0.392628
0.79335
0.93769
0.593107
0.0840481
0.852304
0.156499
0.0304982
0.482582
0.597161
0.635338
0.792679
0.391828
0.721161
0.00176257
0.613635
0.738706
0.271092
0.758673
0.576125
0.842103
0.907315
0.90141
0.214729
0.148621
0.252401
0.0154536
0.475971
0.0357882
0.49475
0.426245
0.397065
0.497492
0.749185
0.181731
0.973604
0.422133
0.94663
0.332598
0.736592
0.440376
0.547905
0.839752
0.415799
0.802277
0.93947
0.594909
0.313527
0.94476
0.727588
0.505578
0.9532
0.9883
0.526331
0.794241
0.722222
0.670472
0.42763
0.923117
0.838604
0.654691
0.810116
0.616963
0.494751
0.871753
0.118837
0.959413
0.647472
0.842976
0.82955
0.532242
0.0270241
0.736343
0.0675855
0.00680854
0.645214
0.316609
0.819407
0.843975
0.727082
0.719013
0.86072
0.0807217
0.625425
0.0120189
0.403014
0.252235
0.173614
0.382056
0.974037
0.897559
0.0803142
0.193061
0.609085
0.81124
0.578569
0.522833
0.419933
0.125426
0.539221
0.589935
0.876371
0.735336
0.791104
0.948531
0.500044
0.721043
0.323197
0.789971
0.418644
0.881421
0.46099
0.150893
0.616418
0.799448
0.81325
0.446495
0.468991
0.925688
0.797912
0.338732
0.960021
0.828796
0.616953
0.483338
0.00637622
0.254528
0.619004
0.803642
0.698074
0.100743
0.74274
0.39636
0.588937
0.40388
0.0702959
0.424382
0.0220101
0.397633
0.0533011
0.989698
0.877433
0.508278
0.538607
0.25799
0.095508
0.560874
0.869114
0.433278
0.32878
0.66028
0.838792
0.620772
0.557348
0.260637
0.630257
0.38945
0.37357
0.332931
0.767096
0.829872
0.786541
0.675176
0.999254
0.130432
0.162955
0.0823707
0.55474
0.856224
0.627421
0.00877872
0.699804
0.054603
0.679284
0.62463
0.636711
0.532251
0.700135
0.810593
0.735882
0.80847
0.651339
0.0701285
0.469096
0.662768
0.787188
0.902223
0.422772
0.332499
0.299011
0.601337
0.884159
0.40511
0.0894367
0.380233
0.886234
0.572814
0.453749
0.193518
0.66571
0.614595
0.385169
0.630396
0.348103
0.337084
0.0600863
0.105407
0.658193
0.494007
0.303627
0.573701
0.616217
0.821782
0.460036
0.806166
0.791256
0.840855
0.0395786
0.459868
0.733701
0.699279
0.196146
0.756871
0.907444
0.453757
0.888263
0.4323
0.717236
0.327108
0.340463
0.0292719
0.224009
0.839358
0.970292
0.809117
0.726036
0.628032
0.565663
0.121493
0.640688
0.25379
0.443792
0.558122
0.852887
0.488402
0.32107
0.519821
0.923655
0.317737
0.366338
0.78923
0.0157071
0.133589
0.560298
0.557654
0.051737
0.961765
0.171941
0.246129
0.152681
0.863133
0.48869
0.937162
0.704306
0.288645
0.4686
0.749614
0.0861458
0.764564
0.757764
0.90614
0.00114299
0.0819838
0.539653
0.328258
0.0200176
0.573676
0.430322
0.522013
0.172936
0.145537
0.54741
0.367773
0.672641
0.710369
0.873878
0.68688
0.846898
0.425185
0.990265
0.518635
0.521569
0.693008
0.511544
0.701953
0.0753999
0.945608
0.454738
0.322219
0.548883
0.620557
0.0684989
0.966705
0.116323
0.986271
0.131621
0.548943
0.225274
0.210597
0.598644
0.137467
0.292237
0.626448
0.930642
0.0875624
0.25821
0.992649
0.160035
0.5622
0.0113324
0.806526
0.330792
0.883015
0.854135
0.680054
0.529173
0.122607
0.226437
0.382976
0.343688
0.890875
0.906742
0.480004
0.803205
0.741688
0.239254
0.296903
0.145107
0.299716
0.622985
0.150115
0.13559
0.754328
0.82537
0.931208
0.0450111
0.368355
0.63559
0.971301
0.184747
0.0904287
0.161405
0.998926
0.519174
0.133171
0.62544
0.480504
0.126704
0.784563
0.97905
0.885437
0.0157113
0.961385
0.889336
0.793179
0.291754
0.70309
0.7516
0.259777
0.177573
0.459404
0.1382
0.644252
0.631581
0.569101
0.536936
0.975376
0.987278
0.591017
0.097961
0.887617
0.307339
0.367548
0.356786
0.798137
0.142925
0.0184508
0.2099
0.118026
0.710626
0.0273281
0.685445
0.329825
0.714718
0.64998
0.889412
0.315608
0.188293
0.904083
0.751986
0.637327
0.80901
0.161012
0.401692
0.962032
0.638505
0.0268952
0.928376
0.553433
0.582084
0.851241
0.449999
0.938685
0.979451
0.324037
0.481743
0.382327
0.498625
0.608697
0.0467506
0.69106
0.263612
0.107377
0.412421
0.823115
0.220087
0.9722
0.149802
0.629868
0.91943
0.971989
0.98025
0.317229
0.935871
0.316937
0.895886
0.538224
0.24876
0.956982
0.839962
0.730681
0.315483
0.0335844
0.0502882
0.865591
0.892438
0.31551
0.462358
0.299683
0.562561
0.229613
0.516452
0.212969
0.497782
0.556372
0.71133
0.0982431
0.291915
0.952084
0.411309
0.0501799
0.280848
0.546573
0.0776371
0.928913
0.128424
0.214482
0.311738
0.754899
0.572734
0.403668
0.138723
0.492968
0.0419107
0.205819
0.814681
0.424424
0.773203
0.658661
0.319695
0.963839
0.484808
0.968439
0.528031
0.584998
0.406393
0.734686
0.973969
0.667728
0.389706
0.551675
0.0215325
0.90983
0.182365
0.163652
0.182929
0.467899
0.0115553
0.181695
0.11654
0.355794
0.114716
0.15248
0.492312
0.654219
0.464595
0.333589
0.180593
0.740097
0.828475
0.112532
0.0588973
0.657107
0.606747
0.749937
0.81736
0.702047
0.213979
0.580247
0.374421
0.735109
0.664496
0.420835
0.504635
0.231392
0.541425
0.584009
0.864512
0.927929
0.669002
0.323508
0.332672
0.493496
0.0472522
0.95166
0.228804
0.0217769
0.3894
0.315384
0.0322321
0.54298
0.837521
0.305082
0.394222
0.0415255
0.0020151
0.982699
0.956369
0.691261
0.724922
0.552688
0.396817
0.864199
0.224421
0.467381
0.592039
0.77977
0.325031
0.567629
0.388384
0.940929
0.0710267
0.328196
0.527281
0.409432
0.383935
0.428973
0.282442
0.819563
0.752106
0.337828
0.58677
0.288348
0.893297
0.10508
0.310016
0.177721
0.540904
0.775754
0.0732057
0.283427
0.0704575
0.772814
0.949051
0.406145
0.673714
0.247516
0.714068
0.498049
0.740113
0.0932372
0.322097
0.424769
0.525531
0.344151
0.0129119
0.746675
0.0506323
0.703833
0.225307
0.369043
0.419134
0.551274
0.241451
0.158638
0.792034
0.9393
0.457629
0.0515798
0.478185
0.7255
0.283324
0.317185
0.854126
0.357379
0.0624236
0.684303
0.925147
0.176596
0.952521
0.32616
0.572332
0.02316
0.474633
0.238845
0.152598
0.92696
0.259059
0.495563
0.855152
0.694733
0.38494
0.0280133
0.761702
0.0657163
0.38163
0.948519
0.0712599
0.0550348
0.38826
0.60873
0.564377
0.272936
0.831511
0.376051
0.695655
0.949177
0.177226
0.93693
0.285906
0.560185
0.454183
0.402356
0.673327
0.21349
0.172228
0.847469
0.382484
0.0568009
0.51467
0.572127
0.355346
0.121992
0.0478877
0.387189
0.00341677
0.267013
0.149763
0.832776
0.696269
0.727922
0.621745
0.296842
0.680452
0.631222
0.944857
0.558257
0.173279
0.442443
0.0142614
0.017679
0.816907
0.445444
0.305281
0.647503
0.596397
0.0695669
0.870126
0.991073
0.477037
0.226151
0.641577
0.029335
0.625649
0.205817
0.749197
0.724617
0.341313
0.453423
0.17532
0.0170063
0.395017
0.41508
0.551281
0.115738
0.995978
0.283535
0.396656
0.379396
0.164503
0.903572
0.0323008
0.853918
0.965542
0.292816
0.86687
0.732181
0.380613
0.546774
0.100268
0.365224
0.0745634
0.597808
0.158872
0.901146
0.922058
0.0596708
0.64784
0.717891
0.840318
0.792451
0.265644
0.271126
0.641459
0.853557
0.184088
0.175313
0.650695
0.0512474
0.781248
0.807886
0.585297
0.687143
0.471483
0.66285
0.471876
0.468035
0.571155
0.426599
0.483381
0.596642
0.754927
0.307453
0.758119
0.23322
0.498214
0.67938
0.245549
0.77896
0.988078
0.414183
0.101163
0.598013
0.0577459
0.345694
0.287324
0.104094
0.718009
0.761271
0.959535
0.73242
0.4998
0.433243
0.527728
0.747262
0.982645
0.925454
0.548266
0.554439
0.17876
0.333322
0.861434
0.0582658
0.706273
0.491898
0.64725
0.391131
0.470079
0.423396
0.803926
0.225027
0.646768
0.458091
0.701724
0.927905
0.631037
0.271041
0.84233
0.540199
0.954043
0.908671
0.141078
0.310597
0.457018
0.767167
0.796037
0.144212
0.842594
0.118235
0.332431
0.485605
0.496925
0.00281057
0.200261
0.99504
0.76188
0.631757
0.0131657
0.896542
0.940945
0.502585
0.372116
0.504463
0.766597
0.577295
0.411811
0.50159
0.0809964
0.539221
0.40283
0.782538
0.544822
0.483288
0.569439
0.733924
0.468806
0.677442
0.841143
0.746423
0.755319
0.202788
0.613949
0.498282
0.558647
0.431773
0.291976
0.476697
0.956169
0.18955
0.917348
0.579974
0.721412
0.971676
0.550894
0.143729
0.475262
0.32602
0.181381
0.938298
0.0537794
0.168763
0.228902
0.578626
0.0790256
0.770787
0.549604
0.264573
0.380852
0.954646
0.0935936
0.127743
0.239129
0.873169
0.834199
0.905657
0.26275
0.94433
0.561629
0.806667
0.177784
0.0952029
0.873599
0.787057
0.665265
0.578853
0.92405
0.959086
0.690585
0.086329
0.902201
0.315433
0.241762
0.652246
0.969876
0.62785
0.0017225
0.573702
0.61619
0.398481
0.89816
0.0116765
0.694947
0.660036
0.599746
0.56109
0.359734
0.69091
0.474906
0.45599
0.741942
0.194747
0.132918
0.471937
0.533531
0.958425
0.97947
0.406685
0.113991
0.621849
0.0115645
0.327206
0.942942
0.0473014
0.840021
0.786683
0.538289
0.351785
0.370664
0.816239
0.355657
0.3554
0.125518
0.716086
0.627595
0.801079
0.489317
0.198914
0.0290987
0.921104
0.589579
0.120442
0.696496
0.875076
0.644562
0.369972
0.395485
0.279916
0.745109
0.145871
0.735784
0.918938
0.695365
0.121471
0.45771
0.0841414
0.963758
0.386714
0.632293
0.609835
0.448503
0.656887
0.751944
0.139265
0.818897
0.35523
0.243021
0.57778
0.0513815
0.74047
0.973079
0.981367
0.552918
0.359155
0.391346
0.669436
0.287698
0.508041
0.536894
0.403101
0.649254
0.00178972
0.249629
0.708754
0.720244
0.920494
0.468018
0.431476
0.0266493
0.880615
0.906488
0.360184
0.130962
0.108832
0.0555516
0.168865
0.347796
0.734232
0.1885
0.264705
0.651759
0.439677
0.708393
0.629405
0.34658
0.273792
0.0150813
0.995851
0.360434
0.0227221
0.370081
0.236113
0.927776
0.233874
0.711781
0.572364
0.93442
0.586729
0.718193
0.989771
0.0801468
0.78912
0.791199
0.266053
0.210924
0.168203
0.176059
0.478834
0.368519
0.406753
0.732228
0.257919
0.195388
0.886986
0.504812
0.870314
0.932494
0.441442
0.247314
0.322512
0.191067
0.225577
0.421494
0.804789
0.519091
0.327787
0.423898
0.159994
0.29087
0.684059
0.30422
0.71441
0.113707
0.087053
0.960185
0.247283
0.478477
0.450108
0.598079
0.490956
0.208391
0.0385796
0.486896
0.144138
0.0290951
0.803626
0.0257309
0.651711
0.658559
0.0926514
0.675615
0.0670016
0.78109
0.368105
0.134381
0.184133
0.428848
0.800415
0.480833
0.232842
0.168071
0.02595
0.0760289
0.0959789
0.315959
0.447775
0.446793
0.977213
0.656881
0.332505
0.820646
0.35577
0.960916
0.904025
0.531703
0.965195
0.430304
0.593668
0.242168
0.379175
0.125289
0.672284
0.360879
0.940843
0.784138
0.414512
0.6949
0.500081
0.305551
0.637673
0.216863
0.400196
0.776679
0.481424
0.813209
0.960864
0.296817
0.370443
0.408544
0.324885
0.174488
0.607865
0.320052
0.864507
0.291861
0.515136
0.932796
0.677818
0.681681
0.653903
0.6202
0.252001
0.513381
0.78318
0.551133
0.739352
0.820862
0.822283
0.881667
0.00158849
0.227115
0.365124
0.550354
0.551869
0.652143
0.0388368
0.174171
0.592162
0.270517
0.190076
0.540156
0.742559
0.772581
0.642662
0.0361099
0.931318
0.956293
0.383723
0.662159
0.808718
0.731718
0.441528
0.581844
0.41927
0.372233
0.512638
0.543778
0.576808
0.129752
0.33058
0.938742
0.20302
0.698372
0.751406
0.226862
0.985949
0.233253
0.127475
0.41874
0.170905
0.199605
0.970444
0.135009
0.598528
0.949169
0.0446705
0.381857
0.645835
0.0265367
0.916189
0.914933
0.304998
0.441256
0.299645
0.239367
0.956226
0.869393
0.141697
0.696272
0.566933
0.553893
0.75644
0.472051
0.0968614
0.859495
0.144478
0.960679
0.231852
0.526639
0.196962
0.904189
0.537596
0.899854
0.279762
0.795044
0.455266
0.238709
0.838072
0.7767
0.896027
0.831087
0.441187
0.825176
0.579858
0.415939
0.040577
0.403042
0.660965
0.500947
0.237249
0.585248
0.948687
0.863651
0.798797
0.369251
0.436737
0.905381
0.440674
0.474803
0.568701
0.857187
0.554476
0.354711
0.274055
0.106119
0.849198
0.789099
0.29287
0.327763
0.146381
0.702994
0.561382
0.604443
0.370073
0.580059
0.753634
0.424617
0.286992
0.862331
0.671445
0.262846
0.126942
0.314069
0.657371
0.415311
0.850303
0.743023
0.090744
0.715955
0.686568
0.439361
0.239002
0.704413
0.459784
0.904322
0.105581
0.499137
0.114192
0.0596861
0.677827
0.00660462
0.383176
0.286057
0.276391
0.847891
0.490185
0.932501
0.0901315
0.40367
0.570842
0.940518
0.902802
0.283168
0.756918
0.968825
0.341051
0.145642
0.816977
0.897814
0.465095
0.697418
0.313658
0.308457
0.357647
0.62476
0.478084
0.91321
0.623426
0.693252
0.638592
0.878204
0.877087
0.956749
0.950653
0.397629
0.764355
0.401221
0.390929
0.112241
0.628279
0.0472896
0.19011
0.322766
0.304974
0.915318
0.932343
0.222758
0.822282
0.902403
0.945654
0.320002
0.998079
0.834435
0.00585728
0.0554676
0.51622
0.259841
0.0906637
0.557518
0.327577
0.185091
0.421599
0.148584
0.917447
0.374432
0.445976
0.282759
0.741492
0.225376
0.0226781
0.135346
0.00909649
0.983678
0.823379
0.157625
0.940648
0.292167
0.940767
0.0891384
0.00515554
0.110781
0.659251
0.691515
0.724327
0.953254
0.1998
0.806763
0.0826189
0.430612
0.563367
0.192562
0.989861
0.263164
0.0875253
0.359384
0.590257
0.430018
0.375461
0.710138
0.391368
0.896051
0.38848
0.512159
0.497969
0.537201
0.902202
0.431967
0.883516
0.341131
0.558282
0.822565
0.227656
0.775781
0.399846
0.926876
0.9094
0.195769
0.217957
0.373879
0.19599
0.317492
0.0728785
0.489489
0.337347
0.878417
0.958364
0.184306
0.401428
0.563351
0.376549
0.645866
0.409635
0.808214
0.368587
0.353683
0.202241
0.0764678
0.741292
0.619364
0.936834
0.260177
0.438503
0.968711
0.0593272
0.820535
0.479574
0.233687
0.754678
0.704516
0.0345679
0.684116
0.456976
0.726411
0.0908163
0.345373
0.0560773
0.475705
0.009175
0.731164
0.466757
0.615043
0.947614
0.450656
0.619081
0.0915751
0.677788
0.876402
0.484117
0.948352
0.426525
0.601901
0.17231
0.45478
0.884358
0.562505
0.544254
0.760561
0.939321
0.196555
0.172573
0.518608
0.674384
0.109581
0.313272
0.440801
0.025639
0.56675
0.115097
0.786218
0.706278
0.439282
0.352565
0.793692
0.685564
0.600473
0.154995
0.236994
0.955558
0.305542
0.568875
0.997951
0.460747
0.865429
0.289291
0.935808
0.00268691
0.474752
0.889357
0.713957
0.415249
0.884452
0.632044
0.680607
0.244221
0.694668
0.140498
0.659526
0.122365
0.326581
0.410806
0.580834
0.728261
0.625332
0.861647
0.47905
0.0312686
0.93062
0.220843
0.433815
0.989022
0.176765
0.3484
0.674484
0.167405
0.968252
0.794269
0.178349
0.241658
0.907183
0.597996
0.747529
0.0131214
0.981513
0.0744354
0.554338
0.59733
0.281968
0.0183854
0.520741
0.620105
0.39467
0.731617
0.384416
0.569806
0.677608
0.764535
0.861122
0.522794
0.403251
0.414254
0.618152
0.0687263
0.0363071
0.380019
0.723121
0.851985
0.283254
0.000696642
0.441474
0.310994
0.0359573
0.0488905
0.55886
0.190441
0.941274
0.899616
0.35363
0.630575
0.536627
0.202272
0.711701
0.167403
0.1415
0.0429311
0.151043
0.0283137
0.898737
0.476068
0.415195
0.556447
0.398323
0.623327
0.232098
0.477226
0.539546
0.0806556
0.462758
0.721256
0.0134658
0.849119
0.548937
0.485016
0.803586
0.52035
0.494315
0.64641
0.16434
0.0224397
0.882007
0.214426
0.869134
0.289909
0.164494
0.495398
0.315521
0.0924214
0.90018
0.573357
0.996833
0.677286
0.212823
0.655637
0.527995
0.49324
0.693887
0.110485
0.948013
0.116296
0.649724
0.560341
0.481061
0.547612
0.130813
0.288486
0.859304
0.659818
0.902985
0.219689
0.199503
0.999516
0.483306
0.755768
0.25655
0.0835862
0.837724
0.348791
0.593868
0.335632
0.313781
0.598936
0.225081
0.882624
0.0687287
0.24755
0.974451
0.463178
0.578978
0.232083
0.0248412
0.986767
0.927424
0.167589
0.689801
0.0325401
0.326076
0.565283
0.64788
0.398726
0.826567
0.793983
0.968285
0.22629
0.203243
0.39351
0.962173
0.147564
0.584123
0.674624
0.906519
0.18189
0.294341
0.558547
0.169763
0.952429
0.52366
0.94763
0.351173
0.373572
0.512088
0.360247
0.328645
0.805824
0.861929
0.547262
0.160905
0.249622
0.946109
0.929871
0.64685
0.312664
0.0251789
0.211425
0.012924
0.204441
0.161902
0.827027
0.153641
0.0608201
0.104102
0.068878
0.533892
0.560524
0.48387
0.983071
0.186722
0.550781
0.663172
0.351877
0.0876397
0.64365
0.770155
0.28768
0.905846
0.276556
0.56349
0.860035
0.0423714
0.25531
0.0991558
0.601593
0.75221
0.426863
0.339119
0.193786
0.767802
0.879587
0.137179
0.77739
0.419474
0.365109
0.985244
0.480879
0.977876
0.807407
0.743819
0.381464
0.486257
0.54863
0.772355
0.336959
0.337473
0.0192994
0.596248
0.234215
0.38143
0.862101
0.894003
0.131314
0.491722
0.138481
0.275712
0.621773
0.812527
0.466982
0.386558
0.271487
0.8543
0.0493042
0.359147
0.0814318
0.18405
0.208333
0.82773
0.175516
0.6063
0.871797
0.595933
0.0242692
0.866466
0.372251
0.82649
0.868135
0.410014
0.891245
0.224401
0.132273
0.448146
0.151673
0.260398
0.717355
0.332196
0.762442
0.894845
0.453626
0.311496
0.555223
0.597167
0.72043
0.399101
0.841463
0.515371
0.418609
0.0210202
0.683228
0.4557
0.953274
0.0708437
0.843504
0.624044
0.609935
0.0950196
0.296998
0.817656
0.314985
0.725345
0.183539
0.615395
0.0451424
0.754139
0.421902
0.993979
0.529207
0.982375
0.327247
0.311464
0.964994
0.198939
0.35174
0.581687
0.506638
0.375923
0.262871
0.967156
0.670683
0.865165
0.861358
0.214562
0.628077
0.498381
0.800359
0.83681
0.813952
0.93937
0.686387
0.917259
0.274962
0.29274
0.812358
0.903477
0.718057
0.189021
0.393488
0.315691
0.0144582
0.659246
0.752326
0.284513
0.793875
0.870229
0.64138
0.837435
0.238708
0.970693
0.81823
0.176725
0.914215
0.122683
0.522424
0.354227
0.762945
0.455763
0.976
0.991376
0.720792
0.845403
0.176477
0.474511
0.90475
0.712556
0.71512
0.554008
0.262104
0.568382
0.183166
0.887331
0.896804
0.854703
0.879426
0.906117
0.0967837
0.294163
0.365715
0.789746
0.128079
0.970159
0.199406
0.345352
0.0458664
0.679916
0.578888
0.498289
0.663465
0.688037
0.247974
0.877987
0.138676
0.264529
0.805573
0.850841
0.759436
0.701568
0.449911
0.232059
0.970926
0.716736
0.450983
0.948691
0.673418
0.0854883
0.495868
0.991651
0.679911
0.289267
0.100409
0.169354
0.957109
0.173936
0.0450129
0.262413
0.0405219
0.81052
0.195906
0.199135
0.629071
0.630108
0.946141
0.565528
0.797136
0.629202
0.0892361
0.0902418
0.139496
0.141729
0.365223
0.381939
0.270255
0.948904
0.742888
0.0406449
0.870141
0.916566
0.17811
0.930758
0.513102
0.94854
0.97788
0.725708
0.0549662
0.829994
0.770307
0.36539
0.842216
0.981065
0.606572
0.579003
0.462137
0.691829
0.981405
0.60801
0.427404
0.976885
0.0406112
0.425558
0.945594
0.652381
0.340003
0.517659
0.800242
0.949839
0.0286376
0.314167
0.0544853
0.257936
0.955633
0.999296
0.626649
0.212634
0.0552823
0.27623
0.281334
0.0935812
0.467395
0.0108001
0.887878
0.555074
0.622481
0.0569694
0.234887
0.316536
0.294741
0.211988
0.725604
0.222449
0.136061
0.620711
0.0411856
0.685893
0.09402
0.224339
0.630606
0.0528828
0.435008
0.42529
0.606441
0.93489
0.795123
0.132228
0.390887
0.591475
0.127799
0.0915049
0.0179243
0.509583
0.875752
0.956074
0.263885
0.395506
0.8396
0.161875
0.314113
0.81302
0.626552
0.364915
0.198763
0.0790118
0.226117
0.148858
0.122947
0.146743
0.0685406
0.870546
0.608598
0.916462
0.174326
0.0160053
0.247107
0.531694
0.904985
0.157449
0.178614
0.0343151
0.987252
0.616414
0.167811
0.518323
0.423057
0.0523624
0.495431
0.365667
0.539449
0.431192
0.643705
0.960932
0.606322
0.92444
0.893633
0.627212
0.391743
0.206496
0.0990082
0.534033
0.877316
0.0315752
0.839777
0.599225
0.668304
0.781091
0.325128
0.50872
0.860155
0.490546
0.410317
0.948232
0.126014
0.527202
0.162565
0.984796
0.336335
0.148284
0.968707
0.728564
0.285599
0.395824
0.284997
0.389628
0.162595
0.668641
0.00831763
0.532922
0.745908
0.563493
0.974997
0.607444
0.327886
0.623666
0.301589
0.0336116
0.867201
0.120887
0.860941
0.593006
0.547228
0.290501
0.982207
0.365055
0.886246
0.124479
0.977213
0.751343
0.823417
0.204612
0.985893
0.444697
0.215484
0.650847
0.214923
0.730455
0.253257
0.307189
0.386727
0.913396
0.180473
0.249065
0.247903
0.57663
0.0131899
0.749156
0.589773
0.897864
0.764281
0.38
0.348844
0.44226
0.929905
0.0763291
0.0770794
0.256735
0.0544371
0.0621693
0.153
0.213762
0.324709
0.619894
0.452964
0.368286
0.0275188
0.0121873
0.381987
0.542468
0.916135
0.45346
0.895829
0.851858
0.0583925
0.0736865
0.807749
0.814047
0.473495
0.25257
0.79757
0.886471
0.105592
0.671954
0.316868
0.582299
0.634744
0.804653
0.35797
0.999152
0.90126
0.412387
0.827971
0.920858
0.835273
0.767016
0.200306
0.341937
0.663535
0.759235
0.0200451
0.0115881
0.639908
0.557578
0.685724
0.56053
0.851226
0.986941
0.347073
0.091216
0.928633
0.987651
0.527746
0.379056
0.29506
0.289768
0.644466
0.617925
0.357226
0.408216
0.544636
0.984359
0.666741
0.0662556
0.77536
0.197423
0.297225
0.740696
0.936149
0.189745
0.686526
0.963398
0.219897
0.4232
0.0553311
0.800394
0.332525
0.19209
0.721964
0.271307
0.278229
0.338435
0.580555
0.795327
0.0374284
0.507696
0.494889
0.702484
0.638013
0.717236
0.0881365
0.795335
0.372849
0.381261
0.490741
0.470664
0.449792
0.790667
0.062441
0.315922
0.832809
0.608832
0.353709
0.902587
0.758696
0.408183
0.946769
0.948412
0.864058
0.299574
0.0531602
0.571881
0.158496
0.927913
0.486192
0.192614
0.515758
0.622679
0.921274
0.137618
0.86412
0.369384
0.160257
0.310288
0.936489
0.044733
0.788749
0.700957
0.0413052
0.540072
0.425576
0.117322
0.745738
0.95933
0.384894
0.56165
0.187167
0.96238
0.584045
0.169639
0.668364
0.944714
0.920388
0.762041
0.623001
0.480358
0.000632044
0.772456
0.494346
0.156707
0.335436
0.749563
0.740757
0.415757
0.11537
0.654636
0.412465
0.573181
0.072987
0.86957
0.537173
0.0706975
0.227398
0.999476
0.0654007
0.952793
0.426167
0.21873
0.174637
0.239508
0.374603
0.810383
0.285027
0.454711
0.510999
0.645043
0.82545
0.194987
0.790609
0.314505
0.390551
0.887526
0.729954
0.373916
0.886196
0.35461
0.391573
0.269491
0.168441
0.514531
0.218828
0.870592
0.791547
0.509908
0.528433
0.638163
0.201947
0.239049
0.208891
0.117575
0.111881
0.1175
0.835978
0.132985
0.0793013
0.827448
0.488197
0.491561
0.38668
0.702983
0.418305
0.606838
0.183564
0.598995
0.210423
0.867754
0.225755
0.919128
0.830911
0.178716
0.253376
0.720662
0.17653
0.460273
0.602915
0.227554
0.352921
0.332547
0.70271
0.891495
0.40401
0.225767
0.971779
0.538292
0.888586
0.0144865
0.79906
0.785142
0.300427
0.41316
0.851017
0.444388
0.495461
0.97861
0.223309
0.140603
0.0724184
0.0358408
0.856366
0.928925
0.00731796
0.293059
0.270871
0.850273
0.128276
0.673469
0.799359
0.599577
0.503089
0.018296
0.00250571
0.790821
0.171675
0.0789117
0.427783
0.621038
0.468817
0.606239
0.0145528
0.476429
0.436076
0.571705
0.650449
0.568433
0.407809
0.543645
0.172153
0.885409
0.0737735
0.142772
0.668948
0.414988
0.374869
0.175234
0.635343
0.0201932
0.0905315
0.576018
0.331642
0.795061
0.443729
0.491647
0.806756
0.907177
0.406174
0.710743
0.230201
0.548775
0.462449
0.954447
0.440978
0.826889
0.62348
0.224712
0.576608
0.357302
0.609802
0.154966
0.0794282
0.58643
0.902169
0.0110608
0.728597
0.0180481
0.236349
0.265931
0.210991
0.605121
0.961713
0.353063
0.374094
0.58672
0.257098
0.8444
0.107417
0.480776
0.676181
0.66918
0.840292
0.228509
0.958369
0.581649
0.143863
0.538009
0.976257
0.606638
0.760573
0.173341
0.489676
0.0702596
0.588773
0.63146
0.838038
0.705155
0.412584
0.660397
0.532134
0.570768
0.333596
0.185807
0.0151703
0.733302
0.433317
0.184816
0.668122
0.109855
0.831718
0.100934
0.860316
0.118317
0.322168
0.724755
0.822612
0.0291395
0.627264
0.734584
0.0839343
0.646097
0.160475
0.929697
0.804804
0.328281
0.278276
0.696332
0.612779
0.801401
0.306169
0.49114
0.449379
0.80818
0.215115
0.645674
0.837476
0.749185
0.464701
0.094524
0.139917
0.119683
0.123725
0.683549
0.478013
0.026349
0.492518
0.466503
0.592705
0.360323
0.80477
0.260553
0.0479076
0.519032
0.556919
0.084397
0.687377
0.836195
0.133443
0.796612
0.462284
0.243935
0.856227
0.104882
0.851523
0.0182396
0.7311
0.41587
0.712035
0.833042
0.996754
0.996729
0.0396222
0.571737
0.2587
0.347017
0.715708
0.439438
0.328138
0.22763
0.692331
0.625009
0.853328
0.623274
0.462697
0.0378042
0.056224
0.157868
0.220393
0.167856
0.152964
0.737738
0.375781
0.786519
0.782688
0.0338539
0.52811
0.632428
0.590925
0.868767
0.448002
0.249154
0.263239
0.652264
0.874545
0.308801
0.190284
0.186582
0.148334
0.841514
0.631276
0.880741
0.966301
0.284648
0.949871
0.586237
0.342524
0.876236
0.101465
0.773889
0.583958
0.0730209
0.0873052
0.963585
0.539984
0.0203105
0.247781
0.51348
0.264915
0.00433023
0.890822
0.859885
0.654513
0.861752
0.343134
0.829577
0.598616
0.80827
0.730492
0.94713
0.156128
0.600014
0.952788
0.924453
0.535837
0.598496
0.890769
0.410212
0.993198
0.630583
0.991337
0.223984
0.771898
0.697507
0.310106
0.80348
0.97856
0.987572
0.783104
0.521378
0.734384
0.401274
0.0497361
0.418267
0.460227
0.238969
0.308392
0.25585
0.989164
0.882779
0.362516
0.594415
0.0367572
0.497563
0.773106
0.784115
0.974176
0.970722
0.594085
0.74284
0.829318
0.716445
0.906823
0.555254
0.878686
0.51428
0.822391
0.117647
0.386909
0.381318
0.974496
0.089794
0.206394
0.456908
0.127991
0.585283
0.678183
0.0927107
0.379525
0.591544
0.0939932
0.59176
0.686344
0.784725
0.812748
0.349583
0.941022
0.885969
0.802475
0.258455
0.484646
0.156655
0.136781
0.101618
0.445682
0.181639
0.956684
0.965487
0.389592
0.341089
0.162247
0.330894
0.904726
0.891485
0.0793152
0.0847117
0.528762
0.401872
0.415969
0.0544812
0.0889886
0.42838
0.748782
0.363938
0.497186
0.232985
0.734237
0.707853
0.370282
0.50474
0.306037
0.0407636
0.761925
0.335548
0.780611
0.874876
0.664746
0.0186258
0.443687
0.815416
0.811386
0.925912
0.629019
0.773504
0.353992
0.0990298
0.231391
0.852448
0.0823706
0.0442242
0.131204
0.787134
0.452393
0.310772
0.164787
0.330768
0.496724
0.979299
0.477027
0.649989
0.993991
0.384671
0.670846
0.848578
0.55074
0.909664
0.858092
0.6507
0.63003
0.141391
0.160795
0.214407
0.324345
0.182087
0.459604
0.411663
0.758236
0.51758
0.192434
0.817552
0.513382
0.107902
0.132326
0.432566
0.147513
0.780678
0.586869
0.870809
0.63716
0.553925
0.0359588
0.654879
0.976833
0.133996
0.440415
0.355543
0.934758
0.938744
0.297222
0.809937
0.474653
0.966379
0.880585
0.47369
0.137396
0.51664
0.290352
0.256598
0.925269
0.991049
0.135823
0.823453
0.290521
0.0403924
0.524705
0.395348
0.70112
0.445907
0.0218176
0.365031
0.0980881
0.0406933
0.313598
0.564046
0.185105
0.392842
0.292947
0.529817
0.87282
0.0438962
0.400472
0.576398
0.964574
0.956319
0.465598
0.551161
0.100094
0.0712923
0.532918
0.757577
0.508707
0.0817427
0.690827
0.256845
0.859402
0.722103
0.602059
0.462294
0.683622
0.071848
0.0370025
0.163063
0.896173
0.0388582
0.404229
0.628949
0.914558
0.774579
0.138808
0.7468
0.998072
0.18781
0.333862
0.929398
0.572138
0.848679
0.577145
0.248105
0.503712
0.758529
0.380918
0.517184
0.239726
0.023416
0.575231
0.265878
0.258065
0.195793
0.683181
0.257962
0.911518
0.696647
0.629328
0.760381
0.127644
0.523389
0.573165
0.644221
0.876054
0.580602
0.538312
0.862804
0.29991
0.103406
0.561346
0.352229
0.0574381
0.407559
0.954418
0.116843
0.0151363
0.69611
0.0118908
0.592523
0.916619
0.94778
0.0482782
0.439305
0.115328
0.54444
0.393988
0.0361029
0.657663
0.769816
0.164505
0.186426
0.843598
0.603696
0.931368
0.16685
0.439038
0.288547
0.439821
0.249665
0.688742
0.370922
0.224518
0.416568
0.557487
0.699023
0.263915
0.0793292
0.743579
0.0400147
0.984582
0.382369
0.152176
0.38444
0.183926
0.946549
0.0319535
0.917549
0.394876
0.807037
0.869348
0.314285
0.38663
0.60367
0.558118
0.180801
0.805387
0.821294
0.132817
0.813955
0.238153
0.790276
0.443554
0.14344
0.467616
0.202832
0.1832
0.889861
0.519182
0.756674
0.440103
0.21583
0.831529
0.100249
0.87887
0.0342698
0.96441
0.138726
0.344624
0.705894
0.553383
0.800971
0.394188
0.111882
0.498085
0.117606
0.389205
0.502935
0.802599
0.690529
0.405656
0.545364
0.153307
0.835083
0.542296
0.520845
0.707851
0.55646
0.124196
0.569797
0.0708629
0.509615
0.829956
0.548568
0.846966
0.833461
0.611858
0.816228
0.194127
0.610588
0.272732
0.864699
0.562178
0.267259
0.21383
0.91226
0.309741
0.797691
0.832519
0.619581
0.571772
0.793041
0.641683
0.15284
0.929499
0.119493
0.87508
0.572232
0.851047
0.18014
0.261402
0.597128
0.167061
0.189918
0.0777241
0.290927
0.0700368
0.188037
0.469796
0.187607
0.233823
0.723412
0.447982
0.385258
0.00234939
0.609589
0.685467
0.66526
0.46148
0.909212
0.167933
0.733953
0.258937
0.645755
0.43561
0.16995
0.854509
0.642237
0.340182
0.00673394
0.452583
0.561969
0.287483
0.46781
0.0840191
0.602722
0.385287
0.0499893
0.463328
0.519636
0.95346
0.737726
0.555101
0.58883
0.826805
0.914992
0.852011
0.857115
0.791164
0.776703
0.713026
0.3561
0.498905
0.453909
0.658568
0.912896
0.125263
0.34917
0.0993405
0.504662
0.822869
0.492804
0.823663
0.739552
0.335069
0.207968
0.827106
0.679811
0.722597
0.612354
0.286704
0.750376
0.482188
0.0550526
0.115236
0.51359
0.985586
0.52594
0.440224
0.471527
0.395006
0.387632
0.305092
0.334676
0.424653
0.941307
0.0600836
0.140797
0.581929
0.790728
0.378197
0.710964
0.0570285
0.625926
0.0828864
0.900039
0.112808
0.789854
0.402117
0.363838
0.691263
0.167708
0.666462
0.77161
0.688127
0.867771
0.552304
0.905253
0.798703
0.631689
0.846222
0.490056
0.508044
0.676982
0.390838
0.198337
0.34515
0.959792
0.789652
0.578631
0.258508
0.844887
0.928764
0.929358
0.369617
0.544761
0.153136
0.816102
0.549223
0.0712376
0.656892
0.203476
0.52095
0.930839
0.359797
0.432631
0.468301
0.45778
0.200627
0.638837
0.49938
0.052749
0.743962
0.00441375
0.561064
0.187691
0.537636
0.533177
0.398931
0.821029
0.447315
0.0850948
0.495489
0.787667
0.812811
0.214184
0.307916
0.195741
0.703777
0.11784
0.944385
0.258239
0.693234
0.659505
0.19859
0.162078
0.714582
0.115316
0.79448
0.348134
0.926522
0.88439
0.123348
0.230353
0.691974
0.975677
0.68517
0.17625
0.299158
0.444549
0.0337067
0.229362
0.839421
0.121021
0.0847253
0.270003
0.537099
0.688949
0.149604
0.246087
0.0381732
0.400635
0.629398
0.891591
0.849158
0.121849
0.730406
0.586186
0.824453
0.894715
0.280876
0.26392
0.784375
0.395503
0.335328
0.588703
0.868532
0.385104
0.000166452
0.985688
0.857771
0.0545605
0.209798
0.024923
0.606373
0.827931
0.091031
0.540336
0.994604
0.190315
0.29564
0.645277
0.926505
0.168934
0.133697
0.356347
0.251432
0.637535
0.536752
0.209675
0.879217
0.285569
0.509634
0.36657
0.493013
0.25876
0.638316
0.0456508
0.252134
0.720887
0.91077
0.441993
0.737239
0.210511
0.236375
0.82517
0.545684
0.192522
0.93159
0.44065
0.726053
0.873012
0.545957
0.834942
0.383913
0.615975
0.860157
0.915025
0.938448
0.349601
0.979754
0.536567
0.710565
0.574766
0.114154
0.761611
0.7324
0.104128
0.965687
0.671818
0.2473
0.800851
0.41062
0.273978
0.58575
0.404261
0.240515
0.564864
0.630355
0.2971
0.713171
0.175941
0.501775
0.7757
0.257975
0.607207
0.393943
0.239451
0.268017
0.26418
0.553396
0.646935
0.0237797
0.182592
0.5331
0.739741
0.620209
0.279861
0.260643
0.776282
0.656109
0.498149
0.755669
0.931077
0.39411
0.556575
0.0292417
0.902548
0.269067
0.934487
0.722551
0.655939
0.827163
0.857126
0.223857
0.347761
0.387916
0.611461
0.577311
0.293102
0.56361
0.614428
0.607752
0.0250562
0.0287075
0.887821
0.880677
0.95281
0.0448887
0.532044
0.851304
0.466869
0.811268
0.471909
0.692426
0.400478
0.97603
0.177572
0.595053
0.0882256
0.0233351
0.717092
0.982605
0.637585
0.80242
0.817383
0.14862
0.937029
0.414943
0.509576
0.805977
0.0742595
0.898917
0.293899
0.315079
0.657829
0.676015
0.927739
0.738056
0.671436
0.253347
0.236866
0.0510334
0.307705
0.0364127
0.561111
0.948029
0.311297
0.819014
0.327786
0.705877
0.0124572
0.22657
0.0235967
0.973323
0.973097
0.415911
0.701941
0.429403
0.238464
0.148102
0.779549
0.762533
0.0473165
0.0779221
0.875127
0.995143
0.680119
0.0276755
0.922752
0.867871
0.314442
0.0733666
0.822508
0.75751
0.424918
0.563702
0.00738596
0.795253
0.745554
0.468815
0.0146765
0.744033
0.157833
0.624273
0.426509
0.459607
0.350225
0.0611983
0.331295
0.979664
0.703755
0.41608
0.167597
0.444901
0.80314
0.770788
0.825381
0.048337
0.181381
0.717874
0.0461373
0.332899
0.524156
0.167732
0.301568
0.617695
0.454021
0.758369
0.727291
0.741546
0.267424
0.697377
0.599389
0.186049
0.412431
0.617315
0.992096
0.903387
0.0935189
0.374713
0.337866
0.656386
0.911868
0.639779
0.788678
0.616347
0.854419
0.235838
0.680431
0.500422
0.910192
0.277526
0.630424
0.213661
0.0144927
0.664419
0.419439
0.246403
0.515927
0.007705
0.862049
0.826696
0.761558
0.853726
0.357246
0.807554
0.254816
0.527868
0.21098
0.65387
0.930389
0.119853
0.576095
0.763805
0.900523
0.287696
0.875451
0.200804
0.266953
0.549355
0.741756
0.117575
0.689714
0.591618
0.172217
0.521316
0.00497669
0.544597
0.0761192
0.265174
0.653895
0.992839
0.475735
0.365816
0.607335
0.22268
0.0616657
0.958492
0.149976
0.498144
0.827188
0.833099
0.84309
0.328885
0.305977
0.877442
0.45862
0.214122
0.175683
0.623509
0.126875
0.343191
0.297181
0.0917575
0.544099
0.489352
0.735457
0.305882
0.2407
0.78844
0.021467
0.161472
0.731426
0.343348
0.401889
0.137633
0.189059
0.391356
0.591527
0.908632
0.156188
0.0219521
0.565623
0.916824
0.00664882
0.702669
0.15003
0.988455
0.379588
0.880147
0.99808
0.096958
0.843815
0.0501897
0.364961
0.296386
0.535832
0.467113
0.753116
0.959761
0.598218
0.27875
0.823888
0.968188
0.791081
0.674667
0.238576
0.0180973
0.742082
0.623507
0.561964
0.263413
0.742837
0.109068
0.757983
0.0106833
0.812733
0.268188
0.823705
0.968295
0.675688
0.457483
0.906564
0.85216
0.289995
0.657422
0.961296
0.112325
0.314007
0.544237
0.227329
0.71658
0.277383
0.4624
0.112462
0.763452
0.874249
0.00831717
0.491879
0.0592981
0.534882
0.241658
0.978606
0.450076
0.819156
0.0824129
0.867112
0.821706
0.979449
0.29389
0.639226
0.353682
0.753238
0.815097
0.0629853
0.315216
0.775269
0.967231
0.891286
0.824188
0.373545
0.251601
0.327972
0.345345
0.579117
0.76958
0.0925067
0.99077
0.301847
0.574947
0.86783
0.0136968
0.387059
0.0170625
0.915247
0.274133
0.973918
0.00804357
0.909792
0.325116
0.747082
0.462849
0.78288
0.451889
0.548785
0.388655
0.218274
0.229209
0.858096
0.366095
0.0633213
0.586948
0.0253482
0.75302
0.389666
0.0399041
0.269115
0.790863
0.33458
0.59946
0.415955
0.00018263
0.712777
0.303669
0.523284
0.567465
0.214958
0.546128
0.926052
0.757961
0.777971
0.126456
0.159778
0.303731
0.365731
0.766345
0.626213
0.932784
0.352025
0.721398
0.992454
0.101297
0.326916
0.962869
0.0773893
0.0994606
0.307226
0.503728
0.527497
0.212079
0.836919
0.00540944
0.782395
0.873292
0.602193
0.436361
0.763176
0.762683
0.214635
0.778726
0.186207
0.705728
0.458427
0.519021
0.433152
0.879576
0.247781
0.742537
0.234787
0.156138
0.960525
0.315733
0.0106842
0.065411
0.833972
0.0287396
0.226742
0.616063
0.329544
0.229996
0.48439
0.507002
0.361313
0.87214
0.854245
0.698663
0.0779185
0.863859
0.0471221
0.137998
0.492988
0.954104
0.929248
0.0548963
0.150871
0.236603
0.407845
0.734394
0.635564
0.834241
0.328134
0.239286
0.993211
0.89068
0.442282
0.0886001
0.923484
0.0534274
0.162548
0.421977
0.251912
0.977006
0.341446
0.387854
0.0424237
0.712188
0.0962859
0.230093
0.533841
0.288669
0.298032
0.315356
0.641958
0.36166
0.0776924
0.800252
0.284492
0.901555
0.0890102
0.0975701
0.453179
0.890054
0.544161
0.235405
0.437577
0.582358
0.668618
0.738725
0.529682
0.745742
0.379917
0.083014
0.00678265
0.438882
0.0793018
0.0136145
0.270531
0.308799
0.570392
0.187891
0.250015
0.414509
0.619029
0.432387
0.0615835
0.506035
0.596081
0.321871
0.432929
0.168158
0.271744
0.346085
0.486761
0.860243
0.145916
0.353789
0.552505
0.632989
0.913604
0.629266
0.113613
0.0726101
0.704774
0.397105
0.652961
0.111606
0.750978
0.956147
0.847727
0.957926
0.981857
0.358791
0.575221
0.142419
0.827084
0.579233
0.778297
0.0854399
0.996289
0.611983
0.127688
0.561305
0.252449
0.724545
0.302387
0.823904
0.923379
0.126169
0.750043
0.184657
0.0702857
0.235061
0.118153
0.647567
0.529632
0.312576
0.763245
0.35436
0.36121
0.924137
0.417535
0.530553
0.186657
0.0786808
0.257952
0.212175
0.322582
0.243187
0.28666
0.0403071
0.0537729
0.134656
0.57
0.0105013
0.626134
0.323028
0.937424
0.336439
0.0561957
0.455848
0.125615
0.0183895
0.363386
0.215848
0.946467
0.689555
0.760312
0.979234
0.210492
0.646174
0.331716
0.244844
0.167983
0.35532
0.159649
0.0981389
0.925853
0.289023
0.294824
0.761148
0.414536
0.672244
0.734758
0.318288
0.241103
0.0791713
0.169658
0.312739
0.365306
0.0973374
0.937347
0.549645
0.636676
0.238537
0.847774
0.247628
0.463897
0.552038
0.473597
0.932268
0.352132
0.0378949
0.552414
0.103663
0.808097
0.921466
0.423712
0.83079
0.713583
0.495721
0.263475
0.779889
0.211705
0.833303
0.334356
0.680911
0.410979
0.889279
0.810904
0.439482
0.733764
0.938276
0.957753
0.732655
0.929794
0.902478
0.74288
0.361839
0.0232946
0.822429
0.285821
0.408957
0.613112
0.799465
0.0185571
0.541498
0.817846
0.402083
0.939822
0.984467
0.0391253
0.389895
0.955944
0.724131
0.861907
0.185567
0.82563
0.588307
0.545513
0.741265
0.683895
0.774936
0.376472
0.131531
0.251823
0.145819
0.816177
0.59563
0.603042
0.792337
0.013786
0.991829
0.432399
0.798196
0.467281
0.262507
0.053826
0.209956
0.971514
0.997686
0.458063
0.575189
0.528529
0.386709
0.520695
0.272439
0.61833
0.531041
0.41959
0.644942
0.612097
0.42929
0.269848
0.725757
0.598152
0.0186976
0.40393
0.326307
0.395635
0.951772
0.323794
0.330194
0.932978
0.695075
0.558294
0.222832
0.817212
0.858236
0.119345
0.884339
0.134515
0.100087
0.329582
0.32395
0.0890911
0.626843
0.0765126
0.840923
0.762533
0.211861
0.336128
0.717707
0.283675
0.251795
0.62416
0.300476
0.2331
0.95973
0.115839
0.670713
0.828981
0.118684
0.984091
0.186311
0.982598
0.521108
0.21942
0.254814
0.772461
0.350663
0.208642
0.734466
0.333647
0.276592
0.779472
0.436324
0.130975
0.28979
0.597687
0.0747549
0.58681
0.580817
0.785889
0.592474
0.0412147
0.717374
0.689339
0.634226
0.977163
0.602286
0.835056
0.781066
0.758868
0.169097
0.524468
0.361839
0.187577
0.393645
0.0949829
0.763151
0.826265
0.265135
0.828544
0.353291
0.10078
0.0745028
0.640602
0.764874
0.937265
0.352459
0.135147
0.347495
0.399983
0.542177
0.163085
0.26346
0.174628
0.945958
0.693865
0.771271
0.493138
0.47139
0.344127
0.693649
0.379063
0.456954
0.26114
0.52641
0.0385644
0.522172
0.91076
0.894692
0.430672
0.512165
0.566012
0.543347
0.0899773
0.645933
0.548377
0.354384
0.182464
0.793095
0.37353
0.268238
0.55664
0.162844
0.449239
0.855413
0.682122
0.765309
0.636995
0.705348
0.289625
0.879404
0.310867
0.990632
0.15216
0.918985
0.23604
0.404191
0.657882
0.923244
0.0733169
0.187705
0.970119
0.206592
0.24091
0.86099
0.968069
0.19294
0.596441
0.369898
0.59942
0.240509
0.524183
0.19656
0.509811
0.353802
0.82787
0.1786
0.0679889
0.502832
0.859504
0.677825
0.373305
0.156314
0.799533
0.794517
0.17573
0.321593
0.402792
0.667738
0.488916
0.512095
0.0151596
0.818282
0.133437
0.682043
0.644715
0.918469
0.578644
0.232964
0.453315
0.407568
0.794699
0.0686224
0.554109
0.765292
0.887073
0.621895
0.510121
0.916614
0.0388351
0.472695
0.700358
0.733674
0.674663
0.200331
0.742928
0.6454
0.196907
0.453057
0.648623
0.339672
0.508951
0.764571
0.250827
0.979548
0.6843
0.70071
0.865161
0.443797
0.379496
0.684587
0.939971
0.188324
0.212386
0.936324
0.750845
0.411091
0.590106
0.891902
0.77131
0.446991
0.0982465
0.158264
0.239331
0.535245
0.247144
0.348797
0.375447
0.261038
0.275416
0.26104
0.652211
0.702162
0.965432
0.949362
0.143921
0.393682
0.630106
0.858445
0.196828
0.0984389
0.153497
0.773594
0.0683459
0.634346
0.246335
0.772634
0.623284
0.912837
0.917672
0.39894
0.198435
0.294642
0.0398916
0.0898489
0.125558
0.43387
0.23975
0.569411
0.627057
0.179734
0.0950337
0.935419
0.577474
0.714224
0.635669
0.93056
0.385069
0.956762
0.789304
0.185156
0.637653
0.0528144
0.99291
0.759355
0.540793
0.328359
0.500844
0.207192
0.138425
0.937834
0.712041
0.651164
0.148607
0.218094
0.339062
0.417763
0.492025
0.79926
0.643069
0.971763
0.478219
0.286031
0.923486
0.936415
0.603291
0.936829
0.609982
0.540515
0.18083
0.516403
0.757147
0.940528
0.9714
0.31961
0.557142
0.481519
0.71047
0.355729
0.199779
0.446042
0.294068
0.595827
0.528854
0.462791
0.41842
0.928544
0.442649
0.180694
0.955994
0.606731
0.808749
0.639185
0.275744
0.219225
0.22079
0.96805
0.289168
0.965827
0.598281
0.523019
0.153539
0.782227
0.269895
0.605049
0.436046
0.844902
0.603934
0.727015
0.00266348
0.529383
0.744125
0.592746
0.0274451
0.000827975
0.830417
0.0574321
0.124266
0.441731
0.957563
0.269389
0.705368
0.282232
0.742405
0.780909
0.0095856
0.66468
0.896026
0.896905
0.776831
0.372681
0.76008
0.0467892
0.95208
0.369133
0.967446
0.0663482
0.978122
0.357101
0.793987
0.417371
0.797054
0.997532
0.417985
0.414799
0.459789
0.840762
0.202441
0.241738
0.793576
0.0626107
0.737581
0.0856502
0.670997
0.805194
0.169964
0.204539
0.550575
0.527965
0.212549
0.616194
0.827768
0.153012
0.0579527
0.789272
0.573605
0.973383
0.554405
0.000853037
0.0929801
0.973693
0.769022
0.61634
0.770914
0.234213
0.243007
0.555359
0.476837
0.954915
0.594211
0.649354
0.667013
0.00285211
0.868642
0.896644
0.784912
0.0691789
0.377446
0.108841
0.849087
0.991797
0.341643
0.855157
0.696701
0.682966
0.134425
0.590756
0.396188
0.681504
0.359601
0.450751
0.251002
0.565812
0.503289
0.357849
0.703249
0.412641
0.981253
0.190291
0.645273
0.919207
0.582201
0.0551928
0.211586
0.631141
0.552574
0.884525
0.324507
0.500357
0.824185
0.196838
0.0946516
0.455803
0.564602
0.933751
0.840998
0.183378
0.712306
0.678798
0.922419
0.411996
0.294025
0.596269
0.909746
0.880608
0.928498
0.294246
0.739873
0.161371
0.286509
0.130527
0.46511
0.639262
0.65712
0.760016
0.844717
0.3563
0.889255
0.891364
0.342652
0.933782
0.52949
0.109221
0.836493
0.359089
0.123261
0.46267
0.46602
0.691762
0.518451
0.462963
0.233925
0.489859
0.207222
0.723263
0.112032
0.421439
0.832203
0.164869
0.119418
0.703279
0.00402332
0.369729
0.958007
0.951306
0.5344
0.0453295
0.869236
0.143213
0.557224
0.859403
0.183745
0.747492
0.232735
0.178072
0.0650164
0.885621
0.718954
0.988664
0.906413
0.542107
0.730972
0.899875
0.156846
0.353925
0.642107
0.386121
0.669959
0.0858713
0.0296079
0.0849298
0.360289
0.377347
0.618692
0.07727
0.591524
0.230869
0.488115
0.698589
0.619316
0.661574
0.392713
0.966608
0.0857007
0.254408
0.326896
0.500902
0.254223
0.552423
0.659918
0.585182
0.843325
0.352486
0.949873
0.428577
0.138231
0.397012
0.988227
0.765981
0.934865
0.56149
0.808826
0.654699
0.90855
0.54327
0.851675
0.0365332
0.539316
0.00929973
0.708346
0.608723
0.817343
0.0674416
0.867134
0.45754
0.867881
0.352062
0.565517
0.334994
0.365071
0.680589
0.657126
0.388315
0.357574
0.52048
0.691137
0.476214
0.833383
0.938884
0.0334585
0.224253
0.153225
0.479528
0.649562
0.889015
0.246752
0.868865
0.405453
0.528512
0.277261
0.598094
0.681979
0.431964
0.141732
0.417602
0.462985
0.169547
0.704957
0.430122
0.543123
0.812071
0.809768
0.749094
0.268565
0.0780648
0.818743
0.226412
0.404235
0.534019
0.404138
0.332023
0.914138
0.0514648
0.408482
0.326301
0.215245
0.967099
0.463691
0.000304856
0.857322
0.660732
0.515532
0.721037
0.596938
0.327993
0.00566861
0.716753
0.948212
0.754249
0.986712
0.535738
0.949061
0.973262
0.377001
0.631439
0.991946
0.304913
0.610218
0.944393
0.0130876
0.80361
0.52808
0.200215
0.46364
0.411412
0.14882
0.112458
0.618586
0.802686
0.285115
0.615151
0.701322
0.14148
0.466597
0.154158
0.769862
0.766397
0.546799
0.597496
0.548991
0.594359
0.263781
0.796701
0.594783
0.124391
0.118112
0.715087
0.00585819
0.0617108
0.690163
0.461186
0.980454
0.41361
0.118696
0.809953
0.959378
0.480626
0.30087
0.800049
0.960585
0.434466
0.565357
0.85821
0.538611
0.499348
0.449168
0.373494
0.0972109
0.40344
0.827847
0.633143
0.0209641
0.415794
0.279327
0.10241
0.21457
0.511576
0.194196
0.903727
0.55935
0.000880971
0.98843
0.402872
0.895761
0.20657
0.756465
0.574645
0.268261
0.783146
0.969357
0.487393
0.142966
0.236837
0.239915
0.160195
0.416262
0.74809
0.828075
0.21067
0.52982
0.0291453
0.248181
0.283329
0.618899
0.595117
0.0866606
0.0426542
0.0396845
0.317138
0.684154
0.502344
0.00996075
0.696926
0.639408
0.269342
0.586371
0.0962101
0.830889
0.691638
0.390568
0.720618
0.722686
0.351772
0.954056
0.950972
0.738962
0.439207
0.314517
0.496788
0.290089
0.516289
0.570882
0.58469
0.166305
0.472447
0.964796
0.162279
0.252785
0.104208
0.145969
0.975824
0.353671
0.9851
0.510177
0.854255
0.0508131
0.976588
0.752286
0.994966
0.393461
0.912056
0.402278
0.297689
0.464459
0.349928
0.428095
0.536202
0.861797
0.68502
0.782461
0.505338
0.455675
0.831138
0.797371
0.250113
0.733298
0.80089
0.814425
0.49868
0.14789
0.125236
0.574879
0.811345
0.385134
0.646031
0.342336
0.460319
0.808408
0.906818
0.124293
0.311859
0.721563
0.44345
0.795824
0.0427297
0.890936
0.67638
0.477995
0.841703
0.112237
0.926186
0.722143
0.685236
0.826684
0.0651985
0.404902
0.602334
0.937183
0.389104
0.722306
0.73054
0.320781
0.00751387
0.22795
0.99322
0.0684906
0.132558
0.901964
0.884066
0.416665
0.466374
0.145538
0.0206663
0.593313
0.985254
0.219292
0.123856
0.534431
0.979545
0.80152
0.0985045
0.494935
0.579946
0.321132
0.545692
0.0699868
0.184483
0.776032
0.843488
0.858241
0.354458
0.605125
0.817583
0.960238
0.68646
0.534709
0.813941
0.453046
0.861803
0.329548
0.919695
0.875369
0.151472
0.176547
0.298415
0.273342
0.897064
0.614055
0.660273
0.392644
0.335677
0.0609194
0.231803
0.772653
0.184963
0.133512
0.0850427
0.637038
0.90567
0.0719944
0.0995674
0.135257
0.920922
0.203585
0.337034
0.442324
0.358979
0.894018
0.286442
0.960189
0.319726
0.790749
0.775737
0.0921465
0.121742
0.223678
0.73418
0.209508
0.499725
0.750844
0.228929
0.143932
0.980619
0.335989
0.993595
0.184453
0.516856
0.30931
0.127484
0.719382
0.398561
0.847873
0.789383
0.642703
0.161563
0.442697
0.962928
0.96362
0.969119
0.888857
0.0618908
0.957068
0.243068
0.405053
0.00944104
0.130948
0.281595
0.191017
0.108199
0.440553
0.509226
0.164258
0.566476
0.948522
0.799367
0.850572
0.915614
0.624842
0.0865531
0.972369
0.105116
0.540101
0.996343
0.691211
0.063832
0.378863
0.373845
0.690511
0.640732
0.260404
0.95154
0.274542
0.667779
0.291193
0.684112
0.822859
0.406471
0.296452
0.869393
0.655704
0.741299
0.714694
0.603412
0.485711
0.466552
0.835648
0.573442
0.972499
0.0825898
0.283846
0.0214594
0.746648
0.285297
0.981187
0.913671
0.884062
0.315479
0.564891
0.0877525
0.915275
0.457276
0.413768
0.232797
0.740387
0.066339
0.785982
0.958254
0.451003
0.805921
0.0544223
0.554431
0.166701
0.414633
0.319149
0.121512
0.174816
0.87237
0.676645
0.98608
0.486964
0.725813
0.748021
0.32943
0.430973
0.443312
0.546867
0.972557
0.0884734
0.758456
0.954814
0.706717
0.741046
0.206006
0.740667
0.490432
0.444796
0.533264
0.697242
0.474381
0.326717
0.870639
0.787986
0.0417384
0.066997
0.859735
0.620607
0.896471
0.649206
0.16462
0.743961
0.385233
0.143341
0.637014
0.562407
0.545562
0.822213
0.980356
0.662852
0.336075
0.0554111
0.0786632
0.356458
0.781359
0.401725
0.647535
0.770908
0.669885
0.323798
0.856747
0.130592
0.448075
0.640036
0.802865
0.389864
0.184687
0.83925
0.81888
0.316628
0.220102
0.812794
0.644685
0.856122
0.30438
0.475429
0.402557
0.253411
0.761796
0.686899
0.486826
0.311537
0.249876
0.35712
0.154295
0.363327
0.916047
0.593536
0.465523
0.310083
0.759207
0.173013
0.856822
0.419813
0.497614
0.904629
0.00517699
0.690531
0.605414
0.974867
0.675763
0.397989
0.941044
0.98247
0.213169
0.108623
0.741156
0.895147
0.457942
0.812641
0.0393294
0.881284
0.750924
0.00312466
0.791516
0.142923
0.846668
0.297414
0.308263
0.225944
0.917854
0.588428
0.821598
0.503065
0.225034
0.46615
0.122796
0.777079
0.686759
0.722311
0.823055
0.36652
0.656486
0.821957
0.695539
0.213237
0.243736
0.190767
0.193785
0.0596608
0.962623
0.641661
0.203845
0.619831
0.212581
0.0826978
0.627597
0.918455
0.861371
0.362943
0.92078
0.0710051
0.183135
0.495625
0.285747
0.168423
0.684404
0.0385395
0.066574
0.524589
0.41497
0.819419
0.889795
0.224101
0.60086
0.896511
0.271018
0.0217761
0.652265
0.288428
0.455336
0.511941
0.495136
0.957695
0.0235504
0.892149
0.862684
0.373222
0.778725
0.348339
0.679718
0.0110589
0.286659
0.311157
0.402509
0.901547
0.493991
0.769688
0.469721
0.0347784
0.559499
0.141139
0.612236
0.553935
0.534723
0.514115
0.30402
0.375492
0.102498
0.508465
0.161315
0.57277
0.165781
0.59477
0.568544
0.660267
0.770029
0.0283599
0.587622
0.154491
0.392269
0.0822939
0.560518
0.515447
0.947053
0.985451
0.416768
0.0629319
0.508283
0.829309
0.128133
0.703634
0.446977
0.11207
0.998247
0.507709
0.81551
0.922509
0.428349
0.264695
0.901796
0.877818
0.7599
0.274884
0.121873
0.638178
0.966189
0.658774
0.161907
0.412903
0.959138
0.478004
0.522947
0.604686
0.612162
0.758896
0.521824
0.334212
0.198798
0.115995
0.173974
0.740742
0.640067
0.827887
0.199347
0.827106
0.97747
0.88022
0.27789
0.340938
0.985716
0.338901
0.419551
0.357374
0.358583
0.346374
0.344835
0.420322
0.897758
0.660999
0.691325
0.346782
0.469503
0.817785
0.921209
0.107511
0.935014
0.230792
0.412972
0.042146
0.981315
0.654987
0.441407
0.491047
0.860442
0.868312
0.804753
0.641824
0.971971
0.932353
0.62296
0.876471
0.390033
0.369838
0.340061
0.515014
0.639878
0.705881
0.905859
0.901798
0.975665
0.422564
0.333235
0.0582417
0.211992
0.0571393
0.829448
0.386822
0.834121
0.235558
0.140879
0.379878
0.0799305
0.396678
0.945325
0.156919
0.280213
0.0685991
0.544852
0.587545
0.699558
0.266129
0.882287
0.384734
0.0801123
0.0650877
0.308933
0.974727
0.103961
0.0715391
0.509418
0.233392
0.0117403
0.457317
0.637497
0.861892
0.00667981
0.811346
0.786014
0.762586
0.102231
0.312021
0.313366
0.24393
0.411522
0.930788
0.84209
0.174157
0.108214
0.52121
0.653312
0.729679
0.397227
0.940368
0.100832
0.526486
0.712845
0.717928
0.0935407
0.5308
0.309705
0.37937
0.834394
0.0372699
0.634238
0.208657
0.203796
0.46626
0.971548
0.0862856
0.437038
0.0219848
0.373126
0.863728
0.227558
0.0951406
0.707917
0.556351
0.904712
0.380576
0.673321
0.194173
0.85714
0.174494
0.989922
0.42228
0.527687
0.34764
0.926691
0.568109
0.876305
0.660456
0.311016
0.78762
0.633012
0.961605
0.725149
0.681798
0.539366
0.429786
0.538901
0.273012
0.35608
0.38615
0.545269
0.000187108
0.104564
0.795511
0.424886
0.204017
0.875696
0.832348
0.146924
0.918813
0.800811
0.724334
0.204615
0.375012
0.314617
0.382715
0.675479
0.873573
0.680773
0.434926
0.288486
0.267029
0.587598
0.508638
0.677834
0.536969
0.299536
0.765251
0.917097
0.478255
0.87158
0.500337
0.275758
0.58906
0.956972
0.343502
0.346459
0.444292
0.0777005
0.393786
0.585713
0.338423
0.353216
0.181262
0.629689
0.281113
0.722424
0.28173
0.132521
0.693102
0.930523
0.828956
0.376357
0.777038
0.925132
0.136186
0.474963
0.643554
0.911074
0.692651
0.997595
0.190864
0.90212
0.447535
0.544599
0.519277
0.0891513
0.507758
0.884539
0.581715
0.282001
0.100565
0.294779
0.81787
0.797419
0.299157
0.719641
0.901953
0.835119
0.960531
0.165037
0.379917
0.140873
0.428756
0.684805
0.0279368
0.789632
0.632571
0.586772
0.0951648
0.578357
0.540499
0.707306
0.284189
0.799509
0.785515
0.289289
0.175103
0.230374
0.359275
0.0738424
0.834973
0.834776
0.296379
0.511018
0.31414
0.903229
0.384227
0.74509
0.573067
0.781907
0.274561
0.378897
0.7862
0.743403
0.538383
0.517524
0.828948
0.372338
0.765007
0.689626
0.685656
0.672347
0.795569
0.806266
0.354398
0.199671
0.607318
0.109705
0.121132
0.30074
0.702002
0.262142
0.602953
0.0412021
0.543036
0.40686
0.20782
0.882582
0.543982
0.688105
0.335443
0.466981
0.216063
0.733668
0.178566
0.0432968
0.684562
0.784628
0.022245
0.799711
0.201406
0.204903
0.846077
0.502378
0.301078
0.130612
0.39473
0.881349
0.625174
0.0433218
0.998222
0.809926
0.401881
0.495826
0.816731
0.807357
0.303991
0.414304
0.0955158
0.227739
0.584627
0.0828437
0.902747
0.807136
0.634722
0.727982
0.864461
0.309485
0.519949
0.610875
0.00291482
0.779251
0.705633
0.658184
0.0425557
0.470764
0.603307
0.28088
0.805693
0.63262
0.277868
0.410722
0.63037
0.888734
0.614328
0.600774
0.377502
0.53994
0.401319
0.869261
0.543212
0.432291
0.556905
0.801496
0.464484
0.47719
0.481746
0.155208
0.529508
0.99761
0.124823
0.139184
0.82485
0.00311824
0.606197
0.858754
0.63513
0.610205
0.446651
0.755609
0.74119
0.125225
0.861534
0.731434
0.342519
0.953464
0.910145
0.958533
0.680442
0.303808
0.246115
0.976224
0.800564
0.594982
0.950366
0.785554
0.325099
0.163218
0.577381
0.429444
0.285784
0.105799
0.707223
0.529483
0.892585
0.309572
0.53837
0.899426
0.197506
0.504022
0.41712
0.530259
0.79059
0.796711
0.683895
0.710077
0.489309
0.00309288
0.299877
0.977824
0.22451
0.237312
0.842349
0.0932299
0.47613
0.906343
0.536084
0.722378
0.379009
0.323601
0.901867
0.481819
0.431035
0.663251
0.70152
0.152859
0.239065
0.602223
0.459762
0.976664
0.297762
0.589192
0.734263
0.0814426
0.996729
0.740382
0.241931
0.292816
0.194757
0.549265
0.156597
0.261341
0.30819
0.225461
0.564142
0.337155
0.173542
0.0181357
0.857803
0.667094
0.421582
0.457883
0.40983
0.227103
0.918833
0.351633
0.265424
0.981023
0.389356
0.527093
0.939311
0.0310273
0.739984
0.842201
0.191544
0.856468
0.209858
0.603067
0.422996
0.794132
0.302886
0.179101
0.0371393
0.467881
0.811166
0.830885
0.706487
0.509309
0.0886102
0.295612
0.371529
0.609783
0.296046
0.883447
0.368111
0.600636
0.539665
0.259296
0.175434
0.171088
0.81029
0.907494
0.71973
0.207927
0.266845
0.847709
0.245141
0.188197
0.77752
0.490697
0.72936
0.0939091
0.539279
0.75081
0.401763
0.869773
0.0619394
0.482625
0.809409
0.341342
0.567371
0.952586
0.233552
0.988002
0.876339
0.0199978
0.217033
0.165565
0.812961
0.768294
0.120719
0.84566
0.94605
0.936715
0.55338
0.138688
0.723114
0.250029
0.251194
0.65521
0.570369
0.8817
0.5262
0.904823
0.883581
0.222128
0.232254
0.605625
0.791379
0.922716
0.75556
0.0614753
0.625066
0.0693124
0.736908
0.144601
0.885895
0.181859
0.955108
0.290398
0.590064
0.574226
0.395442
0.0682424
0.839688
0.12852
0.311586
0.0419327
0.68011
0.58741
0.851486
0.887289
0.343926
0.548199
0.313021
0.110052
0.152931
0.111552
0.548467
0.628387
0.17221
0.910606
0.641249
0.281032
0.426062
0.49319
0.39628
0.730868
0.552369
0.878083
0.0471733
0.896866
0.368128
0.83888
0.98952
0.0139469
0.340585
0.0254642
0.367386
0.645272
0.521088
0.509149
0.507561
0.816211
0.436269
0.485033
0.0185181
0.171299
0.796338
0.5924
0.823302
0.348717
0.944446
0.185364
0.420916
0.201284
0.724708
0.622262
0.681335
0.0549712
0.0982967
0.620376
0.855979
0.778098
0.314966
0.475695
0.0778161
0.335525
0.89785
0.665018
0.251721
0.927308
0.987565
0.375495
0.183279
0.371855
0.801668
0.846581
0.318872
0.607118
0.899986
0.219678
0.296124
0.973669
0.626746
0.68572
0.325037
0.140619
0.267133
0.0715443
0.398501
0.375727
0.0676967
0.23883
0.597198
0.487113
0.00482479
0.568038
0.907781
0.724708
0.939648
0.803506
0.583063
0.679953
0.186585
0.240383
0.17581
0.623617
0.380149
0.891409
0.979488
0.541566
0.403487
0.289761
0.184609
0.540688
0.813725
0.0279064
0.0514675
0.382006
0.15397
0.222152
0.721174
0.141672
0.488605
0.705469
0.817886
0.795617
0.865101
0.920289
0.0855174
0.668857
0.838475
0.897855
0.270476
0.891056
0.0589176
0.216974
0.095067
0.367144
0.803001
0.934717
0.220167
0.323154
0.527063
0.832882
0.795041
0.646921
0.559188
0.241312
0.730232
0.340786
0.164034
0.653251
0.868375
0.17545
0.871549
0.465612
0.398369
0.723122
0.333995
0.741737
0.260295
0.402932
0.462365
0.845161
0.99012
0.947349
0.308198
0.226001
0.991573
0.156378
0.434218
0.308612
0.10372
0.214124
0.409668
0.238441
0.531035
0.873836
0.845308
0.761956
0.661736
0.0527679
0.0389246
0.45681
0.431832
0.803512
0.0439601
0.277046
0.0775756
0.136368
0.729107
0.463297
0.207495
0.0567686
0.312036
0.480061
0.935189
0.657697
0.791001
0.12694
0.632768
0.78091
0.74788
0.330179
0.948012
0.150026
0.95805
0.513121
0.800708
0.907155
0.137744
0.683767
0.828431
0.982641
0.728569
0.435179
0.351506
0.93113
0.820523
0.557007
0.501805
0.919064
0.826958
0.687029
0.309992
0.997666
0.243974
0.829923
0.839288
0.0966678
0.367854
0.231982
0.927751
0.188647
0.0414733
0.277379
0.761449
0.569613
0.906749
0.171819
0.822277
0.352107
0.0266906
0.267676
0.179903
0.152696
0.597709
0.181466
0.539556
0.0627206
0.50946
0.236978
0.796928
0.711936
0.153462
0.268477
0.437981
0.368293
0.779453
0.127845
0.273246
0.268409
0.21519
0.202827
0.500464
0.853797
0.48514
0.372748
0.701904
0.315054
0.0890269
0.761389
0.328102
0.243979
0.953867
0.708527
0.691411
0.591862
0.593316
0.0427366
0.152735
0.26748
0.254759
0.125304
0.664033
0.223097
0.985327
0.531816
0.227232
0.8199
0.999496
0.58347
0.215367
0.590844
0.598233
0.330283
0.411308
0.59016
0.506876
0.774917
0.559075
0.602447
0.918748
0.0171933
0.167163
0.253993
0.025445
0.159794
0.195854
0.105055
0.372948
0.966019
0.51323
0.0903385
0.214332
0.777608
0.998502
0.108717
0.0623985
0.617816
0.75579
0.440852
0.0257674
0.91161
0.895121
0.20017
0.104827
0.19668
0.0272
0.809735
0.513659
0.577937
0.260283
0.0626565
0.0831843
0.652477
0.805978
0.59049
0.910917
0.0161109
0.989179
0.362836
0.394048
0.22713
0.677939
0.408218
0.574114
0.875029
0.0325319
0.424016
0.0109356
0.964615
0.619106
0.880464
0.0874088
0.618684
0.91027
0.0756808
0.340195
0.721102
0.0400671
0.226636
0.948518
0.818421
0.399712
0.852458
0.446762
0.780541
0.727951
0.595423
0.827892
0.45362
0.209228
0.311387
0.964172
0.0423013
0.656176
0.231608
0.398103
0.110269
0.0010843
0.644562
0.47783
0.921303
0.403613
0.668153
0.17381
0.0469698
0.61743
0.984894
0.0826424
0.587419
0.633778
0.00632802
0.683537
0.490499
0.791078
0.835992
0.165749
0.969742
0.731168
0.0361677
0.612842
0.228124
0.988016
0.902797
0.25216
0.0626324
0.275829
0.451457
0.31433
0.581452
0.331281
0.257886
0.975756
0.494324
0.558731
0.727911
0.273316
0.176665
0.796073
0.248993
0.900196
0.0551464
0.799509
0.360164
0.748798
0.568584
0.0437391
0.836537
0.0138779
0.931289
0.124622
0.0926462
0.877774
0.73106
0.37746
0.145656
0.260242
0.751344
0.697943
0.531366
0.0367752
0.693798
0.355233
0.925412
0.439268
0.226688
0.667317
0.0880739
0.197876
0.185764
0.585971
0.32858
0.228176
0.153104
0.799556
0.585246
0.397264
0.0379485
0.16225
0.958594
0.918904
0.839871
0.822879
0.0397586
0.252846
0.303278
0.0485257
0.475971
0.757084
0.643851
0.579746
0.145102
0.723211
0.569106
0.546307
0.214689
0.491824
0.20999
0.114547
0.786417
0.993623
0.767746
0.698063
0.229744
0.907715
0.255898
0.77957
0.549591
0.505592
0.933118
0.169341
0.980276
0.710104
0.287077
0.339181
0.625131
0.714923
0.806635
0.763832
0.448385
0.171769
0.490645
0.886112
0.759429
0.168995
0.963053
0.278829
0.901947
0.423752
0.229252
0.15524
0.970555
0.937396
0.207074
0.898777
0.730443
0.185201
0.0432037
0.529245
0.622614
0.310893
0.384073
0.752345
0.816019
0.0767102
0.867646
0.676988
0.142172
0.00206044
0.453404
0.62368
0.747715
0.448717
0.28299
0.349458
0.162234
0.836789
0.690304
0.111229
0.844959
0.881157
0.04057
0.379615
0.193662
0.119202
0.21251
0.767779
0.427189
0.172673
0.841876
0.391435
0.0509177
0.483422
0.670267
0.933059
0.0496033
0.737285
0.398521
0.119953
0.19845
0.113937
0.893492
0.085521
0.520799
0.86354
0.161432
0.578086
0.935989
0.722224
0.557431
0.592618
0.426219
0.26576
0.781573
0.577488
0.905493
0.610608
0.508238
0.72916
0.602061
0.769142
0.350856
0.319706
0.779403
0.535211
0.282452
0.761038
0.537482
0.820029
0.770713
0.920341
0.179369
0.898217
0.55947
0.756868
0.0286561
0.799839
0.207118
0.812954
0.876504
0.0554994
0.803653
0.592807
0.566427
0.84568
0.5147
0.000910757
0.138729
0.219074
0.182805
0.356065
0.910014
0.0428559
0.748906
0.0843373
0.717685
0.564634
0.992323
0.0303362
0.0824295
0.45403
0.433986
0.885878
0.407174
0.72285
0.269421
0.961639
0.618963
0.486934
0.11593
0.332892
0.357005
0.838916
0.0493788
0.155761
0.308294
0.577143
0.903286
0.0252346
0.390627
0.828227
0.795867
0.948757
0.886514
0.0745005
0.18514
0.626745
0.451823
0.336914
0.929969
0.0196772
0.177498
0.571445
0.514344
0.865046
0.995252
0.234318
0.087594
0.0799409
0.018834
0.698536
0.755431
0.508247
0.637522
0.220354
0.75257
0.87649
0.970657
0.637144
0.0204595
0.208626
0.699988
0.324069
0.242758
0.386115
0.275476
0.261337
0.652384
0.562356
0.401367
0.700565
0.669141
0.256065
0.820286
0.920628
0.564343
0.130809
0.39776
0.201804
0.442874
0.661288
0.947925
0.41235
0.604623
0.502975
0.119587
0.702682
0.17291
0.801379
0.872898
0.667035
0.290855
0.750012
0.919432
0.107121
0.376861
0.250578
0.177523
0.0822762
0.243335
0.831912
0.421711
0.339774
0.320331
0.301835
0.397523
0.290184
0.946202
0.662776
0.654556
0.447312
0.505064
0.31126
0.0518408
0.430623
0.0765203
0.625165
0.546248
0.189108
0.843796
0.851958
0.629692
0.727051
0.565137
0.345463
0.182991
0.190508
0.389796
0.226518
0.018548
0.323896
0.789542
0.501212
0.851761
0.862717
0.631658
0.565135
0.639964
0.943974
0.84774
0.327809
0.331445
0.861719
0.818977
0.3516
0.155858
0.961623
0.723527
0.325997
0.147393
0.864467
0.552125
0.772102
0.0160507
0.961783
0.327336
0.443015
0.569009
0.883979
0.949423
0.772054
0.338595
0.767387
0.883192
0.709296
0.00692065
0.225815
0.0975803
0.133853
0.647597
0.267041
0.931112
0.95906
0.155741
0.506762
0.196348
0.253743
0.838962
0.162063
0.32564
0.84715
0.730386
0.912439
0.825914
0.598676
0.402691
0.976574
0.0349975
0.89593
0.958361
0.0638683
0.0956531
0.0643069
0.401053
0.336445
0.281714
0.765062
0.117378
0.493928
0.0754036
0.632977
0.98516
0.622491
0.614369
0.333449
0.347134
0.802968
0.865547
0.845789
0.328195
0.640451
0.861449
0.516631
0.716018
0.0687199
0.929719
0.655613
0.76171
0.924867
0.592143
0.0143924
0.0879765
0.0289868
0.894076
0.218083
0.622157
0.706093
0.695194
0.392323
0.711717
0.936483
0.909614
0.10539
0.84798
0.419296
0.985821
0.047582
0.643879
0.803518
0.879115
0.29291
0.713316
0.921392
0.361967
0.693057
0.119768
0.010112
0.367866
0.0714339
0.242571
0.306479
0.955044
0.0156415
0.799683
0.942459
0.847394
0.778005
0.820809
0.372447
0.956602
0.123301
0.445832
0.459544
0.0640183
0.916112
0.298111
0.391049
0.351224
0.292102
0.0242898
0.554048
0.779106
0.851196
0.481774
0.870814
0.647255
0.358361
0.478381
0.579566
0.895504
0.820198
0.318411
0.47682
0.870811
0.872546
0.484357
0.859494
0.0646779
0.484075
0.288703
0.183416
0.574828
0.840555
0.377163
0.373817
0.261697
0.679967
0.570796
0.0856406
0.413765
0.524479
0.123549
0.53839
0.520247
0.394935
0.373996
0.0821407
0.945873
0.358947
0.721751
0.847154
0.0374624
0.285899
0.502648
0.867046
0.748787
0.560612
0.721393
0.341092
0.188425
0.310673
0.68077
0.33034
0.67054
0.467353
0.684234
0.498592
0.63277
0.212698
0.451237
0.565889
0.0868747
0.0402415
0.345827
0.21025
0.650901
0.717335
0.558981
0.223396
0.397135
0.295276
0.990122
0.00697979
0.114923
0.350291
0.635909
0.91515
0.664766
0.703428
0.113474
0.65369
0.079439
0.779
0.72593
0.800564
0.294843
0.80648
0.831513
0.601624
0.869977
0.505514
0.721674
0.321096
0.939838
0.442637
0.671723
0.61082
0.751855
0.604684
0.130212
0.345253
0.436184
0.0598877
0.396602
0.110028
0.779904
0.0041587
0.743274
0.707993
0.49801
0.616554
0.316671
0.554751
0.259513
0.542953
0.758163
0.290956
0.130761
0.527475
0.179579
0.17495
0.392067
0.723076
0.678784
0.389546
0.276229
0.01074
0.161001
0.0723326
0.132913
0.683941
0.921883
0.150009
0.0618702
0.0238683
0.734986
0.632953
0.0575622
0.48202
0.461818
0.334266
0.20109
0.749837
0.265838
0.664275
0.111935
0.248438
0.0678824
0.582352
0.577522
0.302318
0.0406015
0.546647
0.515003
0.22492
0.721386
0.691939
0.845153
0.965988
0.15066
0.00755089
0.787298
0.0437708
0.645427
0.221511
0.987451
0.871746
0.132895
0.882801
0.896296
0.92027
0.038483
0.948397
0.202532
0.528176
0.595331
0.422268
0.839797
0.666122
0.0736322
0.374948
0.217664
0.0895467
0.179138
0.328521
0.630977
0.610319
0.00846134
0.575767
0.185298
0.637163
0.148298
0.785194
0.603878
0.629016
0.346374
0.21601
0.674097
0.0848318
0.650221
0.237672
0.225672
0.538758
0.89825
0.545393
0.942281
0.590715
0.255036
0.632129
0.182123
0.0976224
0.314089
0.584624
0.666945
0.566812
0.758235
0.199741
0.395239
0.786578
0.187488
0.570619
0.601809
0.523805
0.420797
0.691303
0.837193
0.408599
0.181503
0.0139558
0.247214
0.0729904
0.822895
0.22332
0.52216
0.345805
0.782629
0.446615
0.539975
0.428479
0.32171
0.589992
0.887806
0.0551321
0.260378
0.100206
0.807075
0.711872
0.73085
0.0264034
0.920739
0.0607753
0.193084
0.354435
0.775963
0.258067
0.278324
0.976543
0.835302
0.316876
0.516318
0.832729
0.295574
0.954856
0.15196
0.425686
0.882678
0.366663
0.45846
0.4965
0.596027
0.420444
0.00562961
0.799989
0.947359
0.214486
0.948705
0.00167174
0.401253
0.532024
0.676582
0.317041
0.98058
0.25493
0.115964
0.930685
0.00766063
0.465003
0.0536357
0.989443
0.0254359
0.968411
0.342835
0.300311
0.553264
0.986482
0.537954
0.239378
0.605955
0.395399
0.997026
0.970208
0.12553
0.268051
0.852561
0.275463
0.582477
0.64166
0.433298
0.239283
0.0925188
0.941973
0.0837121
0.014062
0.218283
0.844618
0.142212
0.0164946
0.0907376
0.521298
0.776701
0.395572
0.157473
0.146201
0.0176811
0.489888
0.464445
0.638426
0.660618
0.452078
0.2817
0.270232
0.623482
0.192219
0.624965
0.828145
0.141036
0.426115
0.993413
0.292711
0.0596564
0.773663
0.784918
0.790137
0.0765633
0.621135
0.365867
0.121017
0.562863
0.641704
0.821077
0.212432
0.544637
0.482655
0.805214
0.0633322
0.3205
0.915401
0.630917
0.321276
0.303899
0.664893
0.387589
0.672295
0.13659
0.86586
0.271725
0.344366
0.474942
0.531082
0.864166
0.787153
0.558126
0.176814
0.407479
0.033391
0.588167
0.666502
0.46974
0.376393
0.853794
0.958866
0.13754
0.288285
0.586953
0.551626
0.125481
0.398076
0.832681
0.488022
0.142508
0.759615
0.626282
0.548641
0.394063
0.447844
0.898774
0.113768
0.256451
0.0769698
0.571425
0.797965
0.625482
0.454774
0.957773
0.694059
0.0610039
0.0602481
0.978244
0.502238
0.124403
0.113023
0.82594
0.264183
0.895711
0.917176
0.0261103
0.393616
0.875022
0.10242
0.636391
0.433577
0.790269
0.0144161
0.376422
0.936075
0.376937
0.453894
0.396479
0.229301
0.248184
0.331083
0.244107
0.00778346
0.475666
0.65588
0.320577
0.76694
0.547668
0.162478
0.0964974
0.439441
0.713965
0.27556
0.845804
0.229374
0.274452
0.0383406
0.333396
0.852879
0.685231
0.984042
0.333923
0.170902
0.16248
0.153885
0.0540986
0.750046
0.137821
0.927307
0.370853
0.138871
0.992322
0.883404
0.581609
0.74587
0.159209
0.374993
0.295936
0.0170368
0.283436
0.155165
0.791221
0.219363
0.661471
0.506825
0.126299
0.344492
0.815267
0.612848
0.480103
0.475663
0.594679
0.0617121
0.387359
0.151136
0.623472
0.572732
0.0164729
0.767599
0.832356
0.377299
0.518732
0.57523
0.0413974
0.807337
0.321397
0.218707
0.503224
0.0879719
0.495483
0.690731
0.593289
0.145199
0.863216
0.820478
0.686046
0.427048
0.0878844
0.571666
0.0944885
0.772954
0.784032
0.245003
0.839459
0.694143
0.77854
0.657955
0.17526
0.959885
0.529667
0.220015
0.106263
0.00140567
0.763942
0.961682
0.618663
0.696561
0.41893
0.656698
0.711698
0.902577
0.688215
0.564911
0.389263
0.448207
0.465019
0.601489
0.0678448
0.936537
0.790031
0.209788
0.028263
0.86989
0.451294
0.401469
0.901343
0.482269
0.989356
0.568743
0.20199
0.914638
0.765647
0.228779
0.739199
0.624864
0.0989139
0.0072373
0.614489
0.287042
0.81213
0.302871
0.417553
0.972473
0.815936
0.313604
0.231303
0.653923
0.945454
0.780268
0.920822
0.541795
0.432986
0.970135
0.810362
0.420092
0.813438
0.349839
0.813749
0.944969
0.302338
0.0766917
0.0971968
0.211241
0.744428
0.0774947
0.796435
0.163449
0.996607
0.0127054
0.715575
0.477478
0.381155
0.987532
0.492526
0.184667
0.82901
0.335556
0.770927
0.839995
0.139477
0.248739
0.473309
0.705059
0.929856
0.26293
0.482796
0.949866
0.259881
0.651714
0.725527
0.968224
0.421573
0.373854
0.773873
0.711925
0.22158
0.319735
0.288334
0.609738
0.392751
0.887723
0.666977
0.748183
0.103492
0.288842
0.614851
0.120386
0.342428
0.0427458
0.577698
0.934226
0.103354
0.723693
0.356402
0.217297
0.549007
0.694841
0.139247
0.738492
0.865657
0.104071
0.722548
0.02771
0.413929
0.29512
0.0573555
0.928361
0.521058
0.722825
0.337654
0.542815
0.238396
0.878719
0.666938
0.978413
0.404361
0.279342
0.594765
0.289388
0.11219
0.609831
0.348524
0.225256
0.295137
0.233547
0.900171
0.594623
0.626765
0.77741
0.76131
0.459763
0.714474
0.903754
0.907114
0.184832
0.970583
0.923138
0.961018
0.231563
0.313335
0.0475695
0.854655
0.161415
0.622776
0.00782157
0.894543
0.662117
0.702429
0.858408
0.457816
0.637719
0.331992
0.184539
0.499748
0.0216821
0.20046
0.941034
0.437674
0.498159
0.350439
0.846434
0.687549
0.721962
0.917087
0.897898
0.735179
0.856194
0.988879
0.154173
0.844781
0.710225
0.338855
0.663913
0.720023
0.8405
0.466485
0.222696
0.170176
0.522143
0.150834
0.670652
0.285992
0.328896
0.750236
0.558995
0.142073
0.459614
0.403641
0.301834
0.616782
0.177338
0.611656
0.192268
0.715362
0.506283
0.324982
0.920297
0.611374
0.35651
0.474479
0.224898
0.456434
0.677495
0.076793
0.0025384
0.475603
0.211279
0.784966
0.257324
0.748797
0.522867
0.573533
0.61025
0.816658
0.798535
0.607342
0.301979
0.438283
0.458666
0.104107
0.559143
0.719826
0.936634
0.930001
0.401076
0.835665
0.503676
0.939373
0.213704
0.74186
0.214942
0.763844
0.200129
0.855766
0.826188
0.359132
0.842405
0.522948
0.764663
0.522313
0.203724
0.246025
0.281263
0.596949
0.911217
0.799307
0.0824187
0.393382
0.352135
0.343784
0.82639
0.0781173
0.574176
0.991045
0.625741
0.44698
0.907015
0.600384
0.350145
0.0155089
0.938072
0.244978
0.26489
0.0670161
0.421492
0.221512
0.0324353
0.930047
0.434221
0.829677
0.978153
0.955384
0.794599
0.697041
0.876419
0.97694
0.823613
0.110121
0.417994
0.426016
0.0720992
0.729954
0.511145
0.0858132
0.992613
0.971859
0.153177
0.990284
0.75536
0.122755
0.760471
0.862298
0.764731
0.51972
0.507208
0.330715
0.917032
0.541112
0.807772
0.950607
0.459858
0.143651
0.966174
0.668226
0.396931
0.748297
0.0574768
0.121071
0.875692
0.624349
0.119311
0.248752
0.763585
0.890315
0.0033998
0.723571
0.746977
0.843938
0.0233405
0.208377
0.576559
0.710451
0.560379
0.33724
0.556502
0.872013
0.746864
0.421752
0.771757
0.183284
0.399664
0.448788
0.827695
0.714953
0.653841
0.0968181
0.716512
0.982039
0.850021
0.806213
0.721981
0.846494
0.725403
0.849512
0.643389
0.429499
0.885479
0.72167
0.894953
0.780104
0.896988
0.775388
0.771235
0.131504
0.617142
0.0366743
0.13375
0.39881
0.00303219
0.630753
0.459118
0.353403
0.540465
0.714795
0.30391
0.525688
0.474163
0.644117
0.213406
0.373646
0.560899
0.0914373
0.577305
0.298312
0.422096
0.699506
0.280348
0.535046
0.529746
0.687275
0.793642
0.303025
0.175165
0.666321
0.90612
0.51305
0.668621
0.181336
0.126375
0.13
0.692629
0.496189
0.13343
0.431697
0.844825
0.641701
0.979703
0.0275953
0.588682
0.365425
0.228354
0.881777
0.181478
0.426238
0.236744
0.664626
0.737264
0.612433
0.493221
0.632005
0.945217
0.292731
0.609758
0.651737
0.60656
0.50257
0.320927
0.872886
0.0507434
0.197231
0.911735
0.428125
0.587283
0.948732
0.883229
0.194261
0.855519
0.0113957
0.574456
0.387465
0.631561
0.224066
0.820118
0.171334
0.189349
0.954053
0.681529
0.696956
0.509514
0.423975
0.709519
0.420343
0.77262
0.909164
0.165751
0.155972
0.918308
0.967758
0.946159
0.283837
0.323416
0.991819
0.638517
0.645911
0.543738
0.775911
0.945568
0.916871
0.737726
0.72585
0.574832
0.240378
0.977091
0.91737
0.313757
0.469234
0.748451
0.0111116
0.270874
0.874947
0.130316
0.491625
0.785267
0.295179
0.42789
0.685406
0.121881
0.618295
0.470225
0.293876
0.33186
0.670935
0.794882
0.925508
0.336533
0.0416141
0.00770538
0.407084
0.881244
0.361622
0.621743
0.983687
0.209815
0.950752
0.530653
0.27298
0.559843
0.552997
0.30765
0.820581
0.519752
0.82563
0.0595668
0.014806
0.285705
0.149819
0.394097
0.0722203
0.494223
0.704064
0.932479
0.817746
0.887296
0.241412
0.944509
0.478466
0.112464
0.952178
0.291141
0.0187271
0.710974
0.646369
0.59413
0.402072
0.261679
0.381197
0.0431077
0.215463
0.904617
0.872144
0.597748
0.382034
0.462596
0.500477
0.614588
0.17532
0.226926
0.561611
0.661816
0.791849
0.508607
0.33919
0.986703
0.607787
0.33158
0.547505
0.744016
0.612743
0.431536
0.224199
0.62297
0.960031
0.0124952
0.996992
0.337304
0.0839126
0.712904
0.169197
0.948623
0.303236
0.871079
0.802409
0.026926
0.55623
0.602951
0.110282
0.03257
0.0980992
0.27845
0.360606
0.317932
0.252866
0.790498
0.115721
0.0505439
0.161098
0.355231
0.182077
0.877143
0.829702
0.485133
0.902715
0.973239
0.498812
0.978615
0.38246
0.417556
0.630368
0.229024
0.511586
0.725944
0.835806
0.551018
0.0327623
0.47463
0.345198
0.449057
0.817846
0.806443
0.632274
0.42674
0.581038
0.282887
0.410348
0.890819
0.705227
0.0256468
0.170856
0.492673
0.107041
0.85775
0.922768
0.644352
0.17779
0.650716
0.887734
0.43619
0.0327195
0.221522
0.0986767
0.477412
0.456848
0.783098
0.53132
0.707976
0.0852482
0.483896
0.367648
0.635365
0.188478
0.294194
0.952552
0.0996519
0.795615
0.196358
0.0713551
0.147701
0.280011
0.0690788
0.364021
0.205668
0.614608
0.0463587
0.425486
0.999493
0.588931
0.673923
0.750846
0.826046
0.839387
0.541075
0.905292
0.282005
0.70523
0.865532
0.77443
0.591154
0.967632
0.852101
0.52968
0.630002
0.398308
0.601621
0.980909
0.751821
0.832615
0.451376
0.645721
0.884178
0.942118
0.38819
0.409354
0.177691
0.92134
0.565132
0.754893
0.985482
0.487299
0.915602
0.790429
0.143835
0.639259
0.806668
0.674331
0.613967
0.91666
0.987698
0.434467
0.460251
0.958864
0.620172
0.890813
0.0281621
0.200414
0.738516
0.628596
0.91099
0.875806
0.376882
0.342163
0.941817
0.160169
0.0589119
0.895755
0.819238
0.395016
0.111289
0.0502031
0.0932404
0.755747
0.0206273
0.814155
0.84183
0.380632
0.969105
0.0313404
0.418287
0.526486
0.888066
0.253934
0.821248
0.527351
0.460207
0.725329
0.431443
0.648758
0.0482944
0.858454
0.68527
0.947172
0.568724
0.809698
0.550288
0.213999
0.867493
0.380904
0.984073
0.414317
0.668955
0.706802
0.666984
0.786658
0.0973489
0.0825665
0.691657
0.172436
0.0297582
0.342367
0.276314
0.0690196
0.00758231
0.807303
0.373115
0.382042
0.461558
0.77892
0.913116
0.579936
0.911061
0.567543
0.731343
0.772451
0.369083
0.224377
0.532864
0.647111
0.175673
0.51022
0.896416
0.861315
0.119456
0.605557
0.787466
0.717609
0.182375
0.976853
0.607963
0.216181
0.219212
0.398347
0.904234
0.00889665
0.991557
0.0301313
0.665476
0.656332
0.315332
0.720661
0.069334
0.852745
0.720107
0.290085
0.683599
0.0294888
0.494345
0.821321
0.847872
0.726943
0.809291
0.206128
0.289063
0.246776
0.750045
0.0374394
0.241151
0.924833
0.478791
0.986957
0.433025
0.620713
0.824354
0.044806
0.487481
0.0802519
0.714996
0.318486
0.46719
0.224769
0.897344
0.790278
0.656277
0.345552
0.131854
0.720718
0.0442121
0.979401
0.811406
0.872087
0.466063
0.912947
0.970338
0.927648
0.752448
0.468285
0.661068
0.323458
0.575331
0.774506
0.367821
0.0199802
0.682292
0.0997878
