4.96988
3.31582
1.6281
1.41362
1.06061
1.2109
1.0226
1.04071
0.751539
0.761674
0.618862
0.274252
0.311309
0.290846
0.286375
0.420108
0.529994
0.462503
0.481323
0.439898
0.293266
0.088049
0.084175
0.203854
0.380966
0.319754
0.361099
0.316773
0.351467
0.305618
0.266305
0.207939
0.265035
0.352597
0.423937
0.448187
0.429591
0.347825
0.258422
0.294299
0.26173
0.2512
0.220388
0.166386
0.110272
0.128755
0.143109
0.0346936
0.00276906
0.0325065
-0.0103727
0.029867
-0.00889624
0.022006
-0.0169672
-0.0649164
-0.0704807
-0.0629408
-0.068838
-0.0420442
-0.0668332
-0.0626154
-0.034444
-0.0358123
0.0670959
0.0863281
0.0605526
0.0548518
0.0482105
0.0464898
0.0374797
0.0712417
0.0637267
0.0540765
0.105407
0.157194
0.168506
0.171888
0.195484
0.185271
0.180507
0.206568
0.178505
0.176345
0.181206
0.153169
0.189046
0.124812
0.146944
0.135667
0.139249
0.102954
0.142171
0.145355
0.113326
0.104783
0.0940694
0.117444
0.103163
0.105926
0.106574
0.125403
0.124025
0.107398
0.103957
0.131069
0.107707
0.0700322
0.0472648
0.0245312
0.032632
0.0744067
0.072701
0.071079
0.0757004
0.083621
0.0511908
0.0371333
0.0618813
0.0456138
0.049296
0.034438
0.0401212
0.0701462
0.0847886
0.0794663
0.0722134
0.0671035
0.0711469
0.0691606
0.0432619
0.0400354
0.0340596
0.0444421
0.0463687
0.0443149
0.0424557
0.0385419
0.0458462
0.0634061
0.0770857
0.0757489
0.0617401
0.0524209
0.052623
0.0409135
0.0129619
-0.00710917
-0.023721
-0.00563309
0.00153597
0.0099987
0.0044513
0.0164823
-0.000306169
0.0119109
0.00522201
0.000580594
0.00415389
-8.26498e-05
-0.00276196
-0.006258
-0.0313979
-0.0567396
-0.0653919
-0.0791491
-0.079819
-0.0917463
-0.0831709
-0.0895246
-0.0728575
-0.0640163
-0.0571061
-0.0287527
-0.0145488
-0.0154748
-0.0127532
-0.0196225
-0.0160372
-0.0255049
-0.0320352
-0.0387147
-0.0269952
-0.0290412
-0.0398941
-0.0388355
-0.0310166
-0.0235954
-0.0314055
-0.0309702
-0.0195868
-0.0330011
-0.043929
-0.0365173
-0.0426101
-0.0441493
-0.0397701
-0.0463304
-0.0521162
-0.0535722
-0.052474
-0.0563582
-0.0666112
-0.0576952
-0.0534124
-0.0475574
-0.0532327
-0.0440876
-0.0451524
-0.0511447
-0.0441588
-0.0391086
-0.039313
-0.0304194
-0.0342563
-0.0423483
-0.0320851
-0.0311299
-0.038042
-0.0260167
-0.0396114
-0.0435938
-0.0454031
-0.044434
-0.0303791
-0.0235131
-0.0350862
-0.0371709
-0.0567255
-0.0574287
-0.0615188
-0.0555793
-0.0634213
-0.0726558
-0.0792522
-0.0743824
-0.0824375
-0.0760054
-0.0676907
-0.0631995
-0.0636945
-0.0625606
-0.0591744
-0.0575131
-0.0665035
-0.0789331
-0.0855407
-0.0808058
-0.0629145
-0.0607503
-0.0495709
-0.0450698
-0.0511978
-0.052618
-0.0558673
-0.061231
-0.0572639
-0.0444035
-0.0394478
-0.0417827
-0.0458749
-0.0408183
-0.0406144
-0.0447026
-0.0369393
-0.0404592
-0.0301388
-0.0296657
-0.0170844
-0.0173477
-0.00723908
-0.00465796
-0.00321369
-0.000279114
0.000894188
-0.00127893
0.0015495
0.00854845
0.0145516
0.00757408
0.0125061
0.0272805
0.0235397
0.0201163
0.0116071
0.0122394
0.00315643
-0.00064056
-0.00166785
0.0144523
0.0228163
0.0286797
0.0324184
0.0271611
0.0329006
0.038298
0.0252019
0.0173171
0.0178853
0.0105938
0.0127473
0.0113658
0.00888432
0.00152896
-0.00460982
-0.00497509
0.00409811
0.00907857
0.014984
0.0134563
0.017495
0.0169191
0.0156288
0.0211818
0.0293053
0.0384281
0.032725
0.0383651
0.0415171
0.0436781
0.0460961
0.0511925
0.0527841
0.0451932
0.0437808
0.0407918
0.0372118
0.0288605
0.0310152
0.0248096
0.0288015
0.0405912
0.0399455
0.0365505
0.0385187
0.0271056
0.0350063
0.0375491
0.0269519
0.0346466
0.0338842
0.0377142
0.0388914
0.0358642
0.0368444
0.0370302
0.0377218
0.0366562
0.0338484
0.0308371
0.0332156
0.0338253
0.0323293
0.0215082
0.0228608
0.0167085
0.0142558
0.00414531
0.00492715
0.00258636
0.00950047
0.0124249
0.00160578
-0.0035602
-0.00405992
0.000607478
0.00197892
0.00700121
0.010648
0.00874918
0.00837219
0.0187709
0.0211818
0.0198031
0.0194664
0.0233867
0.0230607
0.0286758
0.0314953
0.023157
0.037245
0.0291039
0.0338435
0.0341105
0.0271176
0.0293298
0.0234377
0.0309223
0.0335447
0.028104
0.0181691
0.0215388
0.0240156
0.0249379
0.0252222
0.0217998
0.0294547
0.0255429
0.0193176
0.026021
0.0203005
0.025115
0.0255233
0.0211046
0.0232923
0.0177019
0.0200968
0.0124782
0.00806917
0.00191245
0.00194271
0.00651718
0.00787345
0.00294125
0.000307531
0.0101248
0.019833
0.0210566
0.0168361
0.00962647
0.00902857
0.008973
0.0145237
0.0171053
0.0163936
0.0150981
0.0125112
0.016207
0.0299366
0.0289774
0.0340559
0.03173
0.0343536
0.0433847
0.041635
0.0493097
0.0540481
0.0490822
0.0490705
0.0500579
0.0469646
0.045449
0.0375676
0.0429958
0.0465227
0.0435345
0.0409699
0.0308354
0.0389462
0.0353766
0.0326413
0.0401286
0.0389625
0.037883
0.0365634
0.0389174
0.0286347
0.0245228
0.0228037
0.0162414
0.0160794
0.011097
0.0164074
0.0178385
0.0168839
0.0147718
0.0113683
0.0120789
0.0134444
0.0155632
0.0145494
0.0144936
0.0107195
0.0090958
0.00874476
0.00281629
0.00366578
0.00308022
0.0038702
0.00482245
0.000276283
-0.00390766
-0.00332962
-0.00291772
-0.0079329
-0.00712241
-0.0146685
-0.0211228
-0.021173
-0.0234365
-0.0221862
-0.0181284
-0.0198845
-0.0199891
-0.0210524
-0.0224966
-0.0175137
-0.0147426
-0.0176151
-0.0182483
-0.018572
-0.0230921
-0.0131944
-0.0150863
-0.00750457
-0.0100499
-0.0124067
-0.0122788
-0.0144029
-0.0138604
-0.016333
-0.0142163
-0.0138113
-0.0132481
-0.0096024
-0.00893413
-0.00631592
-0.0073233
-0.0165351
-0.0138988
-0.0155803
-0.0167348
-0.0257881
-0.0173064
-0.0166295
-0.0132066
-0.0134902
-0.00868916
-0.00958847
-0.0153763
-0.015976
-0.0232165
-0.0214536
-0.0192199
-0.0176798
-0.0126401
-0.0118112
-0.0136448
-0.0191167
-0.022738
-0.0157998
-0.015957
-0.0129935
-0.0119286
-0.014581
-0.015595
-0.016555
-0.0121589
-0.00283886
-0.00684914
-0.00762739
-0.00580872
-0.00628646
-0.00726864
-0.0148797
-0.0173254
-0.0143122
-0.0201281
-0.0244903
-0.0276714
-0.028469
-0.0212582
-0.0232261
-0.0287533
-0.0322571
-0.0293394
-0.0225017
-0.0171688
-0.0211162
-0.021888
-0.0190482
-0.021729
-0.0194807
-0.020442
-0.0222314
-0.0261035
-0.0260238
-0.0247567
-0.0250595
-0.0277023
-0.0274881
-0.0227801
-0.0240374
-0.0210564
-0.0209421
-0.0124967
-0.0130489
-0.0129251
-0.0133485
-0.011226
-0.0103934
-0.0136299
-0.0139067
-0.0216736
-0.0278664
-0.0246785
-0.0270897
-0.0255152
-0.0258913
-0.0282526
-0.0370358
-0.0370664
-0.0395833
-0.0371382
-0.0370221
-0.0379098
-0.03994
-0.0380592
-0.0361662
-0.0393771
-0.0383389
-0.0399474
-0.0398563
-0.0349241
-0.0381589
-0.0414018
-0.0408816
-0.0388466
-0.0361968
-0.0369935
-0.0368649
-0.0410739
-0.0457022
-0.0478231
-0.0441179
-0.0470176
-0.0456884
-0.0379224
-0.0366573
-0.0378322
-0.0389534
-0.035833
-0.0342112
-0.0359948
-0.0320405
-0.0325693
-0.0255271
-0.0259551
-0.0215512
-0.0238672
-0.020509
-0.0215196
-0.0186784
-0.0208188
-0.0156697
-0.0131855
-0.0102778
-0.0134278
-0.0163719
-0.00854311
-0.00782042
-0.0100436
-0.0123508
-0.0182219
-0.0195754
-0.02085
-0.0148762
-0.0131142
-0.0167708
-0.0143152
-0.0116364
-0.0127175
-0.009041
-0.0095441
-0.0058648
-0.00613742
-0.00142884
0.00163823
-0.00177091
-0.00654541
-0.00245729
-0.00708396
-0.00879731
-0.00391726
-0.00590952
-0.00616708
-0.0114426
-0.0116808
-0.00956591
-0.00893569
-0.010383
-0.0156088
-0.0212356
-0.0188063
-0.0143409
-0.013501
-0.0113951
-0.0101305
-0.0108546
-0.00688777
-0.00780363
-0.00550184
-0.00572603
-0.00539505
-0.00750856
-0.00970256
-0.00806736
-0.011171
-0.0127894
-0.0117834
-0.0106646
-0.0103743
-0.00437933
-0.00808878
-0.00580834
0.0044396
-0.00116827
0.000927915
0.000468601
-0.0015957
0.000699853
0.00434221
0.00922184
0.0117125
0.0134954
0.0173425
0.0173522
0.0188566
0.0224502
0.0230487
0.0218914
0.0234378
0.0267188
0.0290792
0.0338363
0.0356408
0.0347611
0.0390236
0.038557
0.0346906
0.0362285
0.0339687
0.0344157
0.031634
0.0350481
0.0349764
0.0361342
0.0378614
0.0379119
0.03758
0.039298
0.0410575
0.0403026
0.0387401
0.035704
0.0394606
0.0376086
0.0398598
0.0364629
0.0383309
0.0365952
0.0395185
0.03537
0.0369223
0.0374356
0.0365459
0.0391232
0.0374321
0.0369892
0.0351939
0.0312933
0.0315224
0.0391557
0.0388432
0.0336037
0.0333772
0.0328458
0.0365924
0.0344633
0.0339402
0.0356668
0.0400482
0.0420374
0.0418096
0.038432
0.0406918
0.0380559
0.0439135
0.0399126
0.0388742
0.0382658
0.0356425
0.0362249
0.0396601
0.0409332
0.0417313
0.0398894
0.0403642
0.0392136
0.0363603
0.0416526
0.0410153
0.0411141
0.0414561
0.0352471
0.0323325
0.0310155
0.0340919
0.0347367
0.040399
0.0430583
0.0424488
0.0428507
0.0452625
0.0417256
0.0420002
0.043578
0.0378199
0.0439814
0.0434317
0.0398367
0.0392358
0.0422464
0.0457372
0.0459601
0.0441964
0.0437145
0.0401709
0.0377846
0.0356349
0.03389
0.033141
0.0328754
0.0346201
0.0327979
0.033089
0.0320239
0.0308342
0.0313485
0.034014
0.033868
0.0326452
0.0299106
0.0306572
0.0309194
0.0329093
0.0366299
0.0346711
0.0336284
0.0305257
0.0294814
0.028392
0.0270485
0.0255646
0.0262542
0.0237554
0.0251923
0.0278348
0.0249526
0.0239869
0.022708
0.0218781
0.0194779
0.0170959
0.0175997
0.0197999
0.021292
0.0201451
0.0204666
0.0179151
0.0184535
0.01777
0.018585
0.0165874
0.0138024
0.0163556
0.0144225
0.0090275
0.00929999
0.00865658
0.00777022
0.00913632
0.0109501
0.0114349
0.00979565
0.00838998
0.00972239
0.00854342
0.00798208
0.00585525
0.00436503
0.00787121
0.00845156
0.00811082
0.00210082
0.00604644
0.00589594
0.00756697
0.0114582
0.00686825
0.0077053
0.00610101
0.00618195
0.00409064
0.00517913
0.00548649
0.00564221
0.00600265
0.00431622
0.00519728
0.00427786
0.00440751
0.00764776
0.00670095
0.00271946
0.00161393
0.000153191
-0.000971234
-0.00073771
-0.000968386
0.000573787
-0.00210764
0.000204842
-0.000132185
0.000342668
0.000850848
0.00163541
0.000349206
-0.0035715
-0.00226443
-0.000803976
0.00140978
0.00129021
-0.00268142
0.00124031
-0.00254963
-0.00122158
-0.00177916
0.0016443
-0.00148493
-0.00530046
-0.00416822
-0.00111443
-0.00413673
-0.00360791
0.000852974
0.00217978
0.000625481
0.00219381
-0.00010172
-0.00213302
-0.00156003
-0.00272528
-0.0014487
0.00187788
0.00202134
0.000195837
0.00294931
0.00437952
0.00417241
0.0069485
0.00922726
0.00729989
0.00811594
0.010336
0.0092486
0.011798
0.0124104
0.0133817
0.0133098
0.0152337
0.0139562
0.0167846
0.0204418
0.0245315
0.0267282
0.0261749
0.0259369
0.025931
0.0273539
0.0287123
0.0282075
0.0277253
0.0297019
0.0283193
0.0251053
0.0240987
0.0230492
0.0268387
0.0268036
0.0261841
0.0261235
0.0268821
0.0267455
0.0298442
0.0301021
0.0290597
0.0270821
0.0261439
0.0235434
0.0223301
0.0186491
0.0200966
0.0193292
0.0205729
0.0173895
0.0138167
0.0160559
0.0199534
0.0156147
