0
0.430065
0.314316
0.252698
0.45875
0.467007
0.523477
0.732265
0.765046
0.697457
0.666193
0.624004
0.576764
0.56403
0.575519
0.574892
0.556678
0.527965
0.519979
0.49408
0.486569
0.47553
0.468096
0.456405
0.468175
0.452371
0.457505
0.443976
0.437817
0.423655
0.418958
0.407148
0.397836
0.386742
0.378197
0.376512
0.366355
0.358125
0.354815
0.355572
0.347694
0.339703
0.331819
0.337029
0.33658
0.330077
0.323212
0.316952
0.310523
0.305283
0.299874
0.294128
0.289841
0.284691
0.281354
0.276897
0.273395
0.268939
0.273249
0.269515
0.265218
0.260968
0.260352
0.256504
0.256162
0.252332
0.249637
0.246109
0.245864
0.24403
0.240653
0.241884
0.238684
0.238131
0.238418
0.235282
0.232236
0.229277
0.226404
0.223805
0.221149
0.22397
0.221474
0.222026
0.221705
0.219162
0.217193
0.215061
0.212956
0.211488
0.216773
0.214418
0.216747
0.214837
0.21785
0.216562
0.214464
0.212294
0.211666
0.211658
0.209756
0.207715
0.205699
0.203791
0.202256
0.201786
0.2027
0.202193
0.200427
0.19924
0.197746
0.196157
0.194599
0.197368
0.196568
0.194982
0.195193
0.19389
0.192321
0.19114
0.190003
0.188485
0.187714
0.187
0.185527
0.184655
0.18327
0.182004
0.180613
0.179374
0.179445
0.178302
0.17722
0.17596
0.175094
0.176143
0.175044
0.174352
0.173325
0.173066
0.174047
0.172888
0.171862
0.171058
0.170518
0.170851
0.170788
0.170488
0.170285
0.169159
0.168971
0.168406
0.168017
0.166931
0.165931
0.164869
0.163845
0.163048
0.163998
0.164977
0.164034
0.163022
0.162022
0.167106
0.16907
0.168144
0.167185
0.167724
0.166743
0.165937
0.165172
0.164449
0.164186
0.16351
0.162613
0.16175
0.160931
0.160027
0.159162
0.158282
0.157531
0.157424
0.157766
0.156955
0.156396
0.155572
0.155774
0.154973
0.154209
0.153836
0.153297
0.153006
0.152218
0.152173
0.151555
0.150782
0.150019
0.149336
0.148742
0.147999
0.14743
0.146761
0.146913
0.146196
0.145926
0.145275
0.144881
0.144767
0.144174
0.143515
0.143375
0.142738
0.142125
0.14147
0.140849
0.140202
0.139742
0.139244
0.138812
0.139173
0.138581
0.138548
0.137997
0.137884
0.138107
0.137532
0.137101
0.136502
0.13591
0.135552
0.134985
0.134509
0.133961
0.133646
0.133131
0.132644
0.132096
0.131564
0.131024
0.131351
0.131408
0.131404
0.131429
0.130967
0.130439
0.129962
0.129583
0.129714
0.129242
0.129268
0.128773
0.128738
0.128233
0.128594
0.128194
0.128098
0.127632
0.127139
0.126808
0.126734
0.127176
0.12672
0.12625
0.126037
0.126032
0.125811
0.125343
0.124876
0.124836
0.124501
0.124043
0.123628
0.123179
0.122784
0.122724
0.122302
0.121865
0.121741
0.122104
0.122626
0.122203
0.122016
0.121591
0.121177
0.121747
0.121964
0.121617
0.121205
0.121107
0.120749
0.120341
0.120879
0.120771
0.120658
0.120263
0.119912
0.119574
0.11956
0.119315
0.118925
0.118677
0.119026
0.118684
0.118321
0.117952
0.117567
0.117347
0.117031
0.116716
0.116342
0.116152
0.115816
0.115484
0.115167
0.114804
0.114481
0.114151
0.113798
0.113448
0.113111
0.113231
0.112882
0.112532
0.112202
0.112045
0.11254
0.112199
0.112155
0.111917
0.111581
0.111258
0.110925
0.111044
0.110741
0.110414
0.110107
0.109844
0.109636
0.109359
0.109039
0.108749
0.108881
0.108689
0.108387
0.108252
0.108025
0.107903
0.107782
0.107509
0.10728
0.107024
0.106792
0.106622
0.106338
0.106344
0.10607
0.105981
0.105946
0.105744
0.105454
0.105245
0.104997
0.104841
0.104582
0.104473
0.104272
0.104335
0.104419
0.10474
0.104521
0.104247
0.103974
0.103698
0.103488
0.103212
0.103416
0.103141
0.103311
0.10325
0.103067
0.102991
0.102725
0.102563
0.102486
0.102226
0.102519
0.10229
0.102026
0.10189
0.101646
0.101419
0.101553
0.101314
0.101506
0.101817
0.102057
0.101854
0.101599
0.101759
0.101896
0.101824
0.101607
0.101355
0.101404
0.101201
0.101109
0.100893
0.100658
0.100436
0.100212
0.100038
0.100138
0.100043
0.0998092
0.0995803
0.0993908
0.0994137
0.0993321
0.0990951
0.0991502
0.0989394
0.0989012
0.0986686
0.0984817
0.0982544
0.0981061
0.0978951
0.097672
0.0977351
0.0976327
0.0975264
0.0973044
0.0973829
0.0977445
0.0976189
0.0973977
0.097347
0.0971343
0.0969219
0.0967295
0.096639
0.0965692
0.0965801
0.0963646
0.0962217
0.0960073
0.0959634
0.0961333
0.095981
0.0958527
0.0956507
0.0954613
0.095455
0.0954792
0.0952696
0.0950729
0.0948946
0.0951642
0.0953146
0.0962205
0.0961434
0.0960445
0.0958816
0.0957714
0.0956314
0.0954467
0.0952432
0.0950459
0.0950106
0.0948973
0.094819
0.0948258
0.0946531
0.094586
0.094477
0.0943902
0.0942182
0.094075
0.0938929
0.093829
0.0937909
0.0937006
0.0937089
0.0935344
0.0933454
0.093158
0.093052
0.0928734
0.0927062
0.0928072
0.0931657
0.0929764
0.0927921
0.0926378
0.0928292
0.0928337
0.0926645
0.0924948
0.0924114
0.0922362
0.0920864
0.0919328
0.0917503
0.0916551
0.0914789
0.0914278
0.0913582
0.0911804
0.0910013
0.0908257
0.0911206
0.0910224
0.0908456
0.090719
0.0905804
0.0904291
0.0902671
0.0901
0.0899294
0.0900768
0.0899602
0.0897912
0.0897391
0.0896483
0.0896801
0.0895098
0.0894638
0.0895774
0.0894133
0.0892801
0.0894766
0.0894168
0.0892515
0.0891047
0.088974
0.0888092
0.0886532
0.088541
0.0883954
0.0882349
0.0882258
0.0880726
0.0879717
0.0878121
0.0877188
0.0875771
0.0874331
0.0872805
0.0871242
0.0870173
0.0870417
0.08692
0.0867628
0.0866564
0.0865724
0.08642
0.0864728
0.0863585
0.0864398
0.0864536
0.0863203
0.086523
0.0863827
0.0864306
0.0862862
0.0863087
0.0863604
0.0862461
0.0863345
0.0862006
0.0861516
0.0861859
0.0860367
0.0858879
0.0857674
0.0856967
0.0855518
0.0854119
0.0854841
0.0853951
0.0852538
0.0851775
0.0850389
0.0849375
0.0848121
0.0847082
0.084672
0.0845317
0.0844476
0.0847272
0.0845839
0.0846486
0.0845577
0.0844235
0.0842972
0.0842078
0.0842143
0.0842576
0.0841211
0.0841835
0.0841138
0.0840092
0.0839809
0.0839701
0.0838701
0.0837797
0.083714
0.0835849
0.0834499
0.0833155
0.0832084
0.0831182
0.0830291
0.0829215
0.0829129
0.0827864
0.0826904
0.0826499
0.0825306
0.0824029
0.0822703
0.0821473
0.0820227
0.0818977
0.0817726
0.0816638
0.0815546
0.08162
0.0814904
0.0814393
0.081314
0.0812087
0.0815883
0.0814661
0.0814
0.0813468
0.0813689
0.0814081
0.0813455
0.0812409
0.0811165
0.0810153
0.0808916
0.080833
0.080711
0.0806301
0.0805747
0.0804563
0.080342
0.0802234
0.0801108
0.0800453
0.0799313
0.0801387
0.0801377
0.0800679
0.0799596
0.0798384
0.0797748
0.0796549
0.0795372
0.0794342
0.0793261
0.0792164
0.0790974
0.0789796
0.0788667
0.0790177
0.0789
0.0787896
0.0786911
0.0786309
0.0785893
0.0784866
0.0787123
0.0786481
0.078533
0.0784211
0.0783142
0.0785415
0.0784425
0.0783663
0.0782578
0.0781467
0.0780357
0.0779426
0.0778313
0.0777182
0.0776096
0.0774991
0.0776933
0.0777206
0.0776336
0.0775504
0.0774433
0.0776327
0.0775942
0.0775476
0.0774428
0.0773599
0.0772717
0.0771665
0.0770822
0.0769818
0.0768836
0.0767747
0.0766667
0.0765954
0.0765067
0.0763989
0.0762918
0.0762053
0.0761029
0.0760007
0.0759192
0.0758135
0.075736
0.0757712
0.0756823
0.0756188
0.0755553
0.0754526
0.075361
0.075378
0.0752885
0.075238
0.075221
0.0751505
0.075092
0.0749904
0.074891
0.0747946
0.0747204
0.0746421
0.0746289
0.0745443
0.0745363
0.0745083
0.0744217
0.0743254
0.0742251
0.0742176
0.0741205
0.0741637
0.0740792
0.0739815
0.0738835
0.0738971
0.0738033
0.0737073
0.0736992
0.0736017
0.0735241
0.0734384
0.0733429
0.0732622
0.0731852
0.0730936
0.073074
0.0732171
0.0731274
0.073035
0.0729959
0.0729772
0.0733465
0.0732809
0.0732094
0.073123
0.0731999
0.0731467
0.0730519
0.0730385
0.0729449
0.0728855
0.0728269
0.0727508
0.0726717
0.0725793
0.0725021
0.0724362
0.0723445
0.0723125
0.0722456
0.0721928
0.0721456
0.0722813
0.0722605
0.0722299
0.0721425
0.0721122
0.0720383
0.0719512
0.0718605
0.0718879
0.0717985
0.0718721
0.0717879
0.0717312
0.0716491
0.0715672
0.0714921
0.0714993
0.0714419
0.0713531
0.0712933
0.0712464
0.0711967
0.0711086
0.0710746
0.0710107
0.0709296
0.0708431
0.0707714
0.0707341
0.0706476
0.0705613
0.0704753
0.0704799
0.0704442
0.0703725
0.0703607
0.0703618
0.0702831
0.0701986
0.0701137
0.0700329
0.0699743
0.0699084
0.0698316
0.0697534
0.06973
0.0696524
0.069569
0.0694856
0.0694028
0.0693198
0.0692457
0.0691777
0.0691567
0.0690839
0.0690134
0.0689567
0.0689078
0.0688275
0.0688319
0.0687711
0.0687105
0.0686458
0.0685721
0.068543
0.0684626
0.068387
0.0683397
0.0684035
0.0683515
0.0682767
0.0682719
0.068222
0.0682228
0.0681603
0.0681102
0.0680316
0.067956
0.0678775
0.0678126
0.0678095
0.067822
0.0677871
0.0677382
0.0676643
0.0676495
0.0676402
0.067681
0.0676331
0.0676932
0.0676461
0.0675828
0.0675843
0.0675093
0.0675057
0.0674944
0.067463
0.0674097
0.0673424
0.0672665
0.0671996
0.0671242
0.067205
0.0671294
0.0670712
0.0670204
0.0669453
0.0668997
0.0668794
0.0668235
0.0668786
0.0668258
0.0667771
0.0667704
0.066726
0.0666522
0.0665793
0.0665452
0.0664772
0.0664464
0.0664152
0.0663556
0.0663162
0.0663148
0.0664292
0.0663815
0.066313
0.0662415
0.0661907
0.0661185
0.0660463
0.0660736
0.0660949
0.0660754
0.066004
0.0659497
0.0658824
0.0658434
0.0657722
0.0657017
0.0656891
0.0656331
0.0658548
0.065791
0.0657407
0.0657073
0.0656471
0.0655767
0.0655111
0.065441
0.0653716
0.0653136
0.0652442
0.0652271
0.0651641
0.0651538
0.0651005
0.0652847
0.0652158
0.0651814
0.0651252
0.0651571
0.0651159
0.0650477
0.0649814
0.0649134
0.0649509
0.0648829
0.0648948
0.0648379
0.0647745
0.0647932
0.0647416
0.0646779
0.06463
0.0645816
0.0646088
0.0645615
0.0645138
0.0645348
0.0644908
0.0644893
0.0644256
0.0644318
0.0643754
0.064361
0.0643212
0.0642566
0.0641913
0.0641267
0.0640617
0.0640172
0.0639574
0.0638929
0.0638712
0.06383
0.0637721
0.0637072
0.0636864
0.0636223
0.0635789
0.0635467
0.063528
0.0634851
0.0634212
0.063365
0.0633894
0.0633317
0.0632687
0.0632256
0.0631719
0.0631197
0.0630909
0.0630508
0.0629878
