0
1.16959
1.58332
1.20193
1.01206
0.854467
0.752862
0.658972
0.646091
0.581561
0.545945
0.599425
0.554459
0.515232
0.480903
0.469073
0.454169
0.433923
0.411493
0.392998
0.400706
0.431857
0.413098
0.412858
0.432668
0.420335
0.406795
0.394675
0.382587
0.372571
0.362621
0.355955
0.349718
0.350222
0.347406
0.338601
0.32996
0.331253
0.334607
0.328159
0.321767
0.314279
0.308476
0.306156
0.304452
0.298394
0.29239
0.305738
0.301161
0.296602
0.293869
0.29096
0.288041
0.284359
0.281847
0.280863
0.275991
0.271336
0.266801
0.263696
0.260536
0.256368
0.253842
0.249879
0.266384
0.263041
0.260375
0.256608
0.252975
0.249367
0.246017
0.244906
0.241667
0.238593
0.24087
0.243205
0.240309
0.237252
0.235419
0.232698
0.229874
0.228543
0.227506
0.224808
0.222215
0.221393
0.221736
0.228331
0.226836
0.224595
0.222156
0.222686
0.223718
0.221361
0.221336
0.219195
0.217197
0.216235
0.214522
0.212394
0.210292
0.209072
0.207046
0.205722
0.203792
0.203665
0.203097
0.204681
0.204065
0.203473
0.201801
0.204277
0.202476
0.200707
0.199015
0.197457
0.198414
0.19723
0.197119
0.196147
0.19456
0.193532
0.192042
0.192826
0.191839
0.19039
0.189029
0.187621
0.18621
0.184788
0.185184
0.183809
0.182524
0.181457
0.180123
0.17881
0.177515
0.176272
0.175155
0.174782
0.174077
0.172856
0.172214
0.17127
0.170089
0.169326
0.170466
0.170492
0.170155
0.169979
0.169005
0.168104
0.167097
0.166445
0.166215
0.165598
0.164679
0.163702
0.162711
0.161749
0.160767
0.159812
0.160797
0.161801
0.161052
0.160668
0.159708
0.159202
0.15849
0.157685
0.157642
0.156973
0.156218
0.157872
0.157607
0.156715
0.155853
0.155129
0.154303
0.153736
0.153026
0.15233
0.151948
0.151136
0.150708
0.149902
0.149304
0.148694
0.148112
0.147334
0.147001
0.146846
0.146492
0.145924
0.145303
0.144569
0.143902
0.143325
0.142721
0.142015
0.141313
0.140666
0.140347
0.139942
0.139324
0.138771
0.138217
0.137854
0.137199
0.136676
0.136207
0.135658
0.135021
0.134683
0.134111
0.133734
0.133511
0.132902
0.132475
0.132418
0.132514
0.131977
0.131398
0.130815
0.130986
0.130587
0.130523
0.129967
0.130863
0.130295
0.129796
0.129372
0.129054
0.128833
0.128453
0.128001
0.127714
0.127339
0.127078
0.126628
0.126103
0.125587
0.125116
0.124614
0.12443
0.124543
0.124214
0.123803
0.124592
0.124113
0.124121
0.12371
0.123372
0.122895
0.122456
0.122095
0.121684
0.12189
0.12152
0.121075
0.120681
0.120326
0.119869
0.119484
0.119285
0.118889
0.118891
0.118448
0.118674
0.118235
0.11823
0.117823
0.117401
0.117009
0.116589
0.116187
0.115802
0.115597
0.115338
0.115137
0.114833
0.115372
0.115025
0.114671
0.114584
0.114185
0.114148
0.113815
0.113426
0.114174
0.114088
0.113848
0.11352
0.113256
0.113017
0.112764
0.113143
0.113037
0.112661
0.112521
0.112168
0.111805
0.111463
0.111339
0.111143
0.110781
0.110791
0.110543
0.110343
0.109997
0.109718
0.109368
0.109026
0.10882
0.108777
0.108815
0.108621
0.108426
0.108132
0.107815
0.107507
0.107293
0.106973
0.106912
0.106592
0.106307
0.106042
0.106047
0.105747
0.105608
0.105365
0.105705
0.105389
0.105129
0.104833
0.105141
0.105125
0.104845
0.10507
0.105042
0.104737
0.104501
0.104203
0.103944
0.103647
0.103347
0.103052
0.102761
0.102505
0.102257
0.101993
0.101705
0.101428
0.101717
0.101439
0.101341
0.101087
0.101309
0.10103
0.100776
0.100734
0.100498
0.100802
0.100657
0.100383
0.100217
0.0999531
0.0998076
0.0996037
0.0993526
0.0990855
0.0993633
0.0991262
0.0988707
0.0986076
0.0984233
0.0981627
0.0980635
0.0978453
0.0979424
0.0986934
0.0987702
0.098626
0.0983695
0.0983623
0.0981323
0.0980555
0.098088
0.0978709
0.097771
0.0980244
0.0978323
0.0976147
0.0973713
0.0971252
0.0969402
0.0969978
0.0968329
0.0967901
0.09678
0.0967076
0.0965868
0.096348
0.0962108
0.0959981
0.0959243
0.0957185
0.0957866
0.0956538
0.0956184
0.0953858
0.0952639
0.0950429
0.0949412
0.094749
0.0950284
0.0952952
0.095075
0.0949418
0.0949891
0.0947653
0.0945408
0.0944801
0.0942925
0.0940733
0.0938614
0.0936772
0.0935312
0.0943155
0.0941011
0.0940197
0.0938308
0.0936508
0.0938694
0.09367
0.093769
0.0936741
0.0935917
0.0933785
0.0931715
0.0930116
0.0928135
0.092938
0.0928871
0.0927453
0.0925855
0.0924139
0.0927616
0.0929089
0.092771
0.0926056
0.0927029
0.0925056
0.0923082
0.0921147
0.0919428
0.0923148
0.0922048
0.0920199
0.0920536
0.091854
0.0917903
0.0917455
0.0915589
0.091367
0.0911953
0.0910636
0.0908717
0.0906882
0.09052
0.0903335
0.0901422
0.0900306
0.0898553
0.0896668
0.0896742
0.0894902
0.0893049
0.089122
0.0889414
0.0888726
0.0887866
0.0886047
0.0884226
0.0883824
0.0882042
0.0883453
0.0883997
0.088219
0.088068
0.0878975
0.0878124
0.0876519
0.0874745
0.0873043
0.0871402
0.0871072
0.0869764
0.0868495
0.0866781
0.0865057
0.0864514
0.0868442
0.0866925
0.0868518
0.0867174
0.0865784
0.0864081
0.0862644
0.086097
0.085964
0.0858221
0.0856558
0.085491
0.0854027
0.0852398
0.0851151
0.0849568
0.085291
0.0851677
0.0850209
0.0848658
0.0851851
0.0854437
0.0852837
0.0851902
0.085029
0.0850034
0.0848475
0.0848846
0.0847268
0.0848764
0.0847354
0.0846062
0.0844621
0.0844547
0.0843015
0.0841648
0.0841863
0.0841082
0.0842385
0.0840832
0.0839805
0.0838329
0.083721
0.0835738
0.0834266
0.0833901
0.0837574
0.083701
0.0835528
0.0834212
0.0832717
0.0831272
0.0833251
0.0832111
0.0831163
0.0831706
0.0831361
0.0830485
0.0829043
0.0830697
0.0829455
0.0829824
0.0829095
0.0828143
0.08295
0.0829752
0.0829233
0.0827814
0.0826851
0.082584
0.0824705
0.0823324
0.0822086
0.0821571
0.0820147
0.0818826
0.0817417
0.0816435
0.0815033
0.0814991
0.081369
0.0812843
0.0811454
0.0814452
0.0813083
0.0811702
0.0810335
0.0809239
0.0807913
0.0807196
0.0805839
0.0808217
0.0809228
0.0808498
0.0807503
0.0806306
0.0804969
0.0803973
0.0807419
0.0806078
0.0805134
0.0804172
0.0802844
0.0801568
0.0800505
0.0799409
0.079832
0.0797657
0.0796419
0.079528
0.0793983
0.0794221
0.0793588
0.0792962
0.0791694
0.0790674
0.0789841
0.0788607
0.0787338
0.0787196
0.0787292
0.0786316
0.0785931
0.078521
0.078407
0.0786658
0.0785509
0.078435
0.0783187
0.078257
0.0781501
0.0780472
0.0780244
0.0779035
0.0780989
0.0779776
0.0779799
0.0778924
0.0778433
0.0777286
0.0776596
0.0775685
0.0776189
0.0775385
0.0774732
0.0774176
0.0773543
0.0776305
0.0775146
0.0774276
0.0773434
0.0774476
0.0773412
0.0772338
0.0773469
0.0772495
0.0772187
0.0771408
0.0770706
0.0769617
0.0769334
0.0768192
0.0767917
0.0766769
0.0767064
0.0766528
0.076614
0.0766483
0.076643
0.0766685
0.0765737
0.0766155
0.0765279
0.0764151
0.0764841
0.0763717
0.0762885
0.0761789
0.0760808
0.0761485
0.0762446
0.0761718
0.0761914
0.0760849
0.0760033
0.0759034
0.0757967
0.0757906
0.0756864
0.075612
0.0755032
0.0753952
0.0753163
0.07524
0.0751499
0.0751063
0.0750163
0.0749158
0.0748173
0.0747113
0.0748452
0.0748307
0.0747593
0.0753525
0.0754543
0.0753769
0.075272
0.0751943
0.0751235
0.0751063
0.0751593
0.0750953
0.0750114
0.0750052
0.0749006
0.0748114
0.0747936
0.0746921
0.0745975
0.0745102
0.0744793
0.0744139
0.0744631
0.0743824
0.0742853
0.0743055
0.074205
0.074204
0.0741184
0.0740516
0.0739519
0.0739035
0.0738818
0.0737814
0.0736904
0.0736108
0.0735112
0.0734126
0.0733336
0.0732559
0.0731612
0.0730795
0.0730445
0.0730431
0.0729688
0.0729059
0.0728877
0.0728144
0.0727382
0.0727002
0.0727219
0.072642
0.0725476
0.0724571
0.0724072
0.0723314
0.0722375
0.0721647
0.0721753
0.0720809
0.0723895
0.0722954
0.0723905
0.0722964
0.0722041
0.0722072
0.0721447
0.0720529
0.0719801
0.0720201
0.0719544
0.0718618
0.0718484
0.0717913
0.0717473
0.0718938
0.0719128
0.0718281
0.0717387
0.0716949
0.0716057
0.0715967
0.0715168
0.0714303
0.0713633
0.0712743
0.0711932
0.0711603
0.0712668
0.0711797
0.07109
0.0710013
0.0711829
0.0711532
0.0710761
0.0710536
0.0709675
0.0711044
0.0710653
0.0709793
0.0708921
0.0708449
0.0708451
0.0707578
0.0706877
0.0708343
0.0710142
0.0709287
0.0709323
0.0708475
0.0708243
0.0708232
0.0707367
0.070672
0.0705871
0.0705897
0.0705438
0.0704906
0.0704263
0.0703446
0.0702596
0.070196
0.0701346
0.0700503
0.0699737
0.0698993
0.0698168
0.0697836
0.0696998
0.0696267
0.0695968
0.0695174
0.0694346
0.0693801
0.0693969
0.0693417
0.0692669
0.0692539
0.0691794
0.0691058
0.0690369
0.0689711
0.0688929
0.0688567
0.0687904
0.0687601
0.0687394
0.0686654
0.0685966
0.0685211
0.0684828
0.068444
0.0683658
0.0683213
0.0682579
0.068188
0.0681094
0.0680779
0.068001
0.0679255
0.0678517
0.0678026
0.0677814
0.0677512
0.0677006
0.0678372
0.0677597
0.0676849
0.067613
0.0675492
0.0674962
0.0674207
0.0673636
0.0673014
0.0672378
0.0671716
0.0670975
0.067055
0.0669954
0.0670111
0.0669377
0.0668629
0.0670569
0.0670972
0.0670217
0.0669671
0.0670047
0.0670864
0.0670164
0.0669604
0.0668855
0.0668434
0.0667775
0.0667037
0.0666295
0.0665563
0.0665037
0.0664356
0.0663682
0.0662948
0.0663005
0.0662339
0.0662803
0.0662163
0.0661595
0.0660961
0.0660238
0.0659517
0.0658973
0.0658796
0.065848
0.0657768
0.0657067
0.0656369
0.06557
0.0655112
0.0655571
0.0654989
0.0654441
0.0654105
0.0653398
0.0653896
0.0654364
0.0654754
0.0654183
0.0653502
0.0653694
0.065374
0.065415
0.0653546
0.0653559
0.0653558
0.065288
0.0653705
0.0653142
0.065263
0.0652124
0.0651834
0.0651457
0.0650791
0.0650205
0.0649642
0.0649806
0.064912
0.0648691
0.0648591
0.0648065
0.0647387
0.0647301
0.0647022
0.064663
0.0646004
0.0645708
0.0645125
0.0644954
0.064431
0.0643711
0.0643041
0.064266
0.0642119
0.0642074
0.0642449
0.0643084
0.0642793
0.0642152
0.0641493
0.0640831
0.0640329
0.0639813
0.0639175
0.0638536
0.0638186
0.0637682
0.0637838
0.0637264
0.0636699
0.0637175
0.0636525
0.0635907
0.0635259
0.0634658
0.0634015
0.0634128
0.063349
0.0632934
0.0632602
0.0632032
0.0631929
0.0631407
0.0631843
0.0631372
0.0630784
0.0630273
0.0630443
0.0630822
0.0630588
0.063116
0.0632018
