0.048615
0.190055
-0.314719
-0.474318
-0.447022
-0.307366
-0.303609
-0.46597
-0.396541
-0.328976
-0.34336
-0.318398
-0.245258
-0.259225
-0.404717
-0.32888
-0.255713
-0.341644
-0.237829
-0.187478
-0.195163
-0.192421
-0.154959
-0.159422
-0.240985
-0.18724
-0.150981
-0.150111
-0.134848
-0.163348
-0.176332
-0.212926
-0.167827
-0.207947
-0.240269
-0.209054
-0.178382
-0.192626
-0.177283
-0.10088
-0.0907733
-0.107981
-0.131801
-0.128146
-0.140754
-0.125693
-0.121553
-0.135865
-0.155426
-0.142747
-0.137844
-0.145369
-0.138061
-0.148812
-0.115866
-0.112307
-0.10295
-0.109078
-0.13072
-0.121004
-0.112302
-0.130749
-0.129315
-0.11607
-0.114438
-0.140233
-0.139611
-0.141754
-0.164397
-0.168467
-0.158247
-0.161204
-0.171439
-0.154679
-0.154748
-0.15447
-0.160028
-0.166581
-0.158578
-0.147644
-0.14947
-0.160152
-0.157414
-0.150715
-0.152941
-0.153226
-0.149145
-0.152752
-0.147635
-0.158244
-0.16232
-0.16631
-0.158544
-0.152276
-0.15854
-0.154626
-0.163662
-0.167109
-0.153322
-0.129968
-0.138392
-0.160965
-0.155488
-0.145955
-0.134489
-0.13702
-0.139757
-0.139646
-0.131977
-0.128125
-0.13927
-0.125262
-0.128998
-0.119013
-0.113176
-0.109517
-0.112191
-0.113377
-0.115207
-0.111047
-0.110385
-0.103492
-0.0964134
-0.104061
-0.0898095
-0.0954679
-0.094878
-0.0813209
-0.0858052
-0.081804
-0.0783018
-0.0631644
-0.0537492
-0.0666064
-0.0702449
-0.0652912
-0.0641692
-0.0648371
-0.0647513
-0.0750416
-0.0778226
-0.0823614
-0.0812994
-0.0842631
-0.0897446
-0.0891511
-0.0888731
-0.0911638
-0.0898328
-0.0939173
-0.0937816
-0.0960688
-0.101729
-0.100695
-0.10286
-0.108896
-0.0949681
-0.0973482
-0.0982651
-0.0996158
-0.0928236
-0.0913321
-0.0945976
-0.106703
-0.112615
-0.117064
-0.11939
-0.123456
-0.120721
-0.117663
-0.114958
-0.12267
-0.121595
-0.125212
-0.123694
-0.112619
-0.104437
-0.104047
-0.101949
-0.102756
-0.107075
-0.112971
-0.110402
-0.111261
-0.108949
-0.111489
-0.107115
-0.101748
-0.100733
-0.0905586
-0.087373
-0.0855599
-0.086782
-0.0857397
-0.0886233
-0.0931842
-0.0852882
-0.0833457
-0.0800515
-0.0805473
-0.0789755
-0.0803645
-0.0827914
-0.0798438
-0.0822429
-0.0816024
-0.0858214
-0.0917252
-0.0928865
-0.0927752
-0.0872061
-0.07777
-0.075986
-0.0722068
-0.0711896
-0.0742399
-0.0781724
-0.0769429
-0.0738101
-0.0702175
-0.0692602
-0.0718117
-0.0751357
-0.079461
-0.076584
-0.0809549
-0.081809
-0.0813282
-0.0798351
-0.0807228
-0.0823331
-0.0837399
-0.0855466
-0.0839014
-0.0868015
-0.0783413
-0.0756465
-0.0767382
-0.0779158
-0.0747014
-0.0738047
-0.0810019
-0.0852709
-0.0855271
-0.0885403
-0.0947951
-0.101988
-0.0968896
-0.0943637
-0.0942056
-0.0939323
-0.089293
-0.093057
-0.090544
-0.0865721
-0.0881
-0.087462
-0.084229
-0.0801795
-0.0829751
-0.072148
-0.0706252
-0.0724305
-0.0718596
-0.0749863
-0.076948
-0.075109
-0.0781107
-0.0722436
-0.0701678
-0.0667735
-0.0668427
-0.0702636
-0.0713101
-0.0746618
-0.0762857
-0.0779764
-0.0733954
-0.0734703
-0.0763476
-0.0772678
-0.0770229
-0.0787762
-0.0798863
-0.0806095
-0.0809101
-0.0829358
-0.0801471
-0.0839428
-0.0857602
-0.0793776
-0.073653
-0.0689072
-0.0669923
-0.0683826
-0.069042
-0.070132
-0.072233
-0.069419
-0.0679733
-0.0679429
-0.0702097
-0.0689416
-0.0628251
-0.0676902
-0.070001
-0.0690609
-0.0713286
-0.0717156
-0.0745905
-0.0766533
-0.0711676
-0.073002
-0.0719137
-0.0722349
-0.0785081
-0.0773475
-0.0764617
-0.0771798
-0.0751528
-0.0761807
-0.0741636
-0.0772556
-0.0724093
-0.0730519
-0.0765969
-0.0769148
-0.0787264
-0.0774636
-0.0774658
-0.0755664
-0.0727186
-0.0640951
-0.0617612
-0.0599635
-0.0628386
-0.067074
-0.0637915
-0.0651984
-0.0672945
-0.0706568
-0.0721501
-0.0727403
-0.0717945
-0.0692014
-0.0709145
-0.0710112
-0.0717062
-0.0751651
-0.0732789
-0.0736733
-0.0681168
-0.0704014
-0.0715391
-0.0705044
-0.0704094
-0.067073
-0.0686007
-0.0661847
-0.0686691
-0.0694677
-0.0685514
-0.0667371
-0.0671103
-0.0704558
-0.0702801
-0.0685683
-0.0744202
-0.0722244
-0.0710896
-0.0740908
-0.0746452
-0.0728473
-0.0729147
-0.0737842
-0.0700038
-0.0714906
-0.0692637
-0.0684228
-0.0658018
-0.0624669
-0.0602368
-0.0601515
-0.0585384
-0.059141
-0.0613862
-0.06069
-0.0614846
-0.055143
-0.0581006
-0.054584
-0.0494587
-0.0497303
-0.0491463
-0.0469416
-0.0440125
-0.044625
-0.0414848
-0.0410579
-0.041596
-0.0413215
-0.0418164
-0.04336
-0.0443178
-0.04581
-0.048412
-0.0504253
-0.0535315
-0.0532771
-0.0540878
-0.0559832
-0.0536563
-0.0496641
-0.0462472
-0.0447765
-0.0433701
-0.0426743
-0.0428952
-0.0447584
-0.0442095
-0.0457111
-0.0477597
-0.049111
-0.0503673
-0.0491827
-0.0507167
-0.0482287
-0.0485508
-0.0489405
-0.0476124
-0.0500418
-0.0490276
-0.0504477
-0.0501695
-0.0537565
-0.0514635
-0.0516255
-0.0482836
-0.0461677
-0.0456817
-0.0474782
-0.0426815
-0.0453968
-0.0419274
-0.0438262
-0.0429738
-0.0397161
-0.0361183
-0.036587
-0.0361745
-0.037189
-0.0377035
-0.0339495
-0.0340047
-0.0337236
-0.0368915
-0.03439
-0.0324542
-0.0347334
-0.0347449
-0.034889
-0.0365768
-0.0388358
-0.0364926
-0.036905
-0.0352967
-0.0340772
-0.0306681
-0.0330137
-0.0349094
-0.0374979
-0.0355442
-0.0352879
-0.0348665
-0.033705
-0.0339071
-0.0330434
-0.0321349
-0.0307951
-0.0311365
-0.0294687
-0.0291164
-0.0295681
-0.0313718
-0.0333577
-0.0334558
-0.0333193
-0.0353137
-0.0334893
-0.0355847
-0.0346807
-0.0316171
-0.0326787
-0.0333896
-0.0367912
-0.03838
-0.0388947
-0.0376844
-0.040668
-0.0394616
-0.0382402
-0.0347325
-0.0356581
-0.0375972
-0.0351184
-0.0353534
-0.0378414
-0.0382181
-0.0403437
-0.0381812
-0.0411318
-0.0412337
-0.0406009
-0.0426625
-0.0425056
-0.0427864
-0.0416712
-0.0443539
-0.041851
-0.0407699
-0.0441223
-0.0451887
-0.0452024
-0.0451558
-0.0441661
-0.0448956
-0.0433011
-0.0419228
-0.0440902
-0.0426709
-0.040483
-0.0404659
-0.0411084
-0.0409432
-0.0394621
-0.0373844
-0.0389757
-0.0393059
-0.0401416
-0.0424147
-0.0411616
-0.0408073
-0.043009
-0.0427194
-0.0437165
-0.0451253
-0.043097
-0.041037
-0.040768
-0.0395428
-0.0393801
-0.038888
-0.0370688
-0.0372168
-0.0363069
-0.0365423
-0.0380428
-0.0392423
-0.0417398
-0.0420944
-0.0406367
-0.0440237
-0.0431896
-0.0436589
-0.0428433
-0.045558
-0.0422464
-0.0408139
-0.0400431
-0.0378928
-0.0342953
-0.0365782
-0.0371842
-0.0358657
-0.0371972
-0.0375854
-0.0379449
-0.0382254
-0.0387569
-0.0385767
-0.0384335
-0.0379663
-0.0363802
-0.0394733
-0.0375439
-0.0380785
-0.0393886
-0.0393546
-0.039862
-0.037416
-0.0371166
-0.0332666
-0.0320805
-0.0324037
-0.032044
-0.0319619
-0.0333193
-0.0326757
-0.032468
-0.0305252
-0.0298103
-0.0322969
-0.0335599
-0.03543
-0.0350551
-0.0342525
-0.031332
-0.0319421
-0.0329502
-0.0339224
-0.0364292
-0.0371224
-0.035728
-0.0363924
-0.0365673
-0.037247
-0.0374083
-0.0378452
-0.0382847
-0.0375539
-0.0367237
-0.0366192
-0.0358971
-0.036731
-0.0370926
-0.036315
-0.0337523
-0.03265
-0.0297311
-0.0302603
-0.029633
-0.0322537
-0.0346505
-0.0336313
-0.0347082
-0.0333363
-0.0348317
-0.0363004
-0.040377
-0.0393206
-0.0388447
-0.0402474
-0.0407204
-0.0410891
-0.040348
-0.0367194
-0.0373006
-0.0353029
-0.0354494
-0.0333924
-0.03352
-0.0336332
-0.0335991
-0.0353671
-0.0361325
-0.0359478
-0.0345284
-0.0363209
-0.0346792
-0.0361654
-0.0361471
-0.0356313
-0.0362769
-0.0361164
-0.0363745
-0.0369795
-0.0363059
-0.0348042
-0.0338313
-0.0327525
-0.0323661
-0.0311273
-0.0307696
-0.0307405
-0.0294395
-0.0298674
-0.0276476
-0.0286055
-0.02975
-0.0304968
-0.0295977
-0.0320355
-0.0340062
-0.0333085
-0.0313739
-0.0311339
-0.0322282
-0.0327753
-0.0318053
-0.0307915
-0.031117
-0.0301606
-0.0315237
-0.0326513
-0.0333727
-0.0325506
-0.0317072
-0.0325548
-0.0339811
-0.0343359
-0.0364078
-0.0380051
-0.036851
-0.0371995
-0.0393903
-0.0405353
-0.0420476
-0.0418273
-0.0394705
-0.0407054
-0.0410756
-0.042026
-0.042769
-0.0432225
-0.0429956
-0.0414111
-0.0418918
-0.0425331
-0.0424069
-0.0426608
-0.0412718
-0.040331
-0.0395037
-0.0406232
-0.0389952
-0.038919
-0.0394681
-0.0402478
-0.0399077
-0.0385267
-0.038491
-0.0389823
-0.038994
-0.0384645
-0.0372262
-0.0369933
-0.0375663
-0.0367257
-0.0369216
-0.0365001
-0.0345359
-0.0327092
-0.0298339
-0.0300589
-0.0304044
-0.0294827
-0.0301126
-0.0286793
-0.027795
-0.0285568
-0.0278645
-0.0279688
-0.027694
-0.0302076
-0.0283503
-0.0286481
-0.0289806
-0.0297745
-0.0297043
-0.0308328
-0.0309998
-0.0281067
-0.0288562
-0.0304305
-0.0318622
-0.0303205
-0.0305975
-0.030073
-0.031087
-0.030788
-0.031481
-0.0297252
-0.0287481
-0.0274731
-0.0267661
-0.0273837
-0.0282133
-0.0279375
-0.0294
-0.0288724
-0.0292281
-0.0284737
-0.0281308
-0.0271047
-0.0275075
-0.0285705
-0.0282196
-0.0268802
-0.0280712
-0.0252506
-0.0249276
-0.0260744
-0.0242574
-0.0239577
-0.0244787
-0.0235573
-0.0244008
-0.0218089
-0.0208839
-0.0209569
-0.0221208
-0.0230243
-0.0179446
-0.0171349
-0.0142111
-0.0149123
-0.0165542
-0.0153458
-0.0147915
-0.0146919
-0.0141531
-0.013907
-0.0139909
-0.0153254
-0.0151005
-0.0144613
-0.015144
-0.0147275
-0.0145542
-0.0141573
-0.0139137
-0.0151825
-0.0170393
-0.0183478
-0.0182703
-0.0183751
-0.0172931
-0.0163065
-0.01687
-0.0188834
-0.0195145
-0.0206042
-0.0214743
-0.0209181
-0.0202909
-0.0207313
-0.0196995
-0.0194214
-0.0210321
-0.0194414
-0.0200696
-0.0213655
-0.0202961
-0.0199812
-0.0200981
-0.0195004
-0.0192232
-0.0218394
-0.0211093
-0.0195497
-0.0191942
-0.0204952
-0.0226645
-0.0224944
-0.0224511
-0.0233473
-0.0245924
-0.0250287
-0.0258758
-0.0244932
-0.0240738
-0.0243922
-0.025651
-0.0259018
-0.02488
-0.0274664
-0.0282721
-0.028082
-0.0274952
-0.0286557
-0.0302906
-0.0294342
-0.0280395
-0.0286539
-0.0285886
-0.0280566
-0.0275287
-0.0295589
-0.0299955
-0.0307617
-0.0301884
-0.0273209
-0.0246679
-0.0236663
-0.0243757
-0.024284
-0.0255413
-0.0260206
-0.0262569
-0.0248028
-0.0253916
-0.0246854
-0.0255967
-0.0253662
-0.0253046
-0.0251204
-0.0263678
-0.0266396
-0.025326
-0.0236845
-0.023688
-0.022905
-0.0237401
-0.0240349
-0.0228934
-0.0225082
-0.0210437
-0.0204077
-0.0181682
-0.0168258
-0.0147621
-0.0150149
-0.0143004
-0.0132948
-0.0137779
-0.0129068
-0.0125688
-0.0118201
-0.00952476
-0.0105351
-0.0113206
-0.0112383
-0.0118204
-0.0129575
-0.0129329
-0.0122696
-0.0132706
-0.0138577
-0.0148932
-0.0158888
-0.0158943
-0.0158554
-0.0153722
-0.0170667
-0.0166244
-0.0156403
-0.0162664
-0.0167171
-0.0164433
-0.0158253
-0.0164349
-0.016466
-0.0163295
-0.0154459
-0.0169724
-0.0162427
-0.01673
-0.0176312
-0.0177345
-0.0180819
-0.0164623
-0.0150613
-0.0168446
-0.0174831
-0.0180465
-0.0186241
-0.0183221
-0.018126
-0.0186517
-0.0183603
-0.0181854
-0.0164943
-0.017239
-0.0163376
-0.0154474
-0.0155839
-0.0157377
-0.0142487
-0.0130256
-0.0138728
-0.0147603
-0.0161047
-0.0168828
-0.0171169
-0.0166067
-0.017231
-0.0170055
-0.017918
-0.0187434
-0.01855
-0.0179774
-0.0182903
-0.0182426
-0.0188617
-0.0192142
-0.0187369
-0.0195286
-0.0179363
-0.0188273
-0.0188218
-0.0193234
-0.0207253
-0.0209113
-0.0206831
-0.0210939
-0.0199751
-0.0198043
-0.0197618
-0.0199189
-0.0210352
