0
0.00200057
0.0133786
0.0101683
0.0109165
0.0104623
0.0120457
0.0107522
0.0105756
0.00977413
0.00974837
0.00907668
0.00850231
0.0081334
0.00774895
0.00755537
0.00790415
0.00747346
0.0072502
0.00727322
0.00693164
0.00700077
0.0067184
0.00651089
0.00643443
0.00622488
0.0060893
0.00587182
0.00566977
0.00550367
0.005329
0.00516776
0.00501197
0.00496917
0.0049061
0.00542785
0.00534818
0.00520851
0.00507766
0.0049587
0.00485253
0.00473779
0.00462785
0.00455944
0.00461075
0.00453957
0.00444357
0.00438128
0.00432492
0.00426438
0.00418201
0.00416878
0.00415725
0.00410557
0.00408092
0.00400893
0.00433783
0.00426306
0.00420145
0.00415431
0.00412582
0.00421451
0.0042229
0.00438474
0.00443014
0.00440003
0.00440945
0.00437301
0.00431267
0.00438635
0.0043404
0.00431396
0.00435255
0.00429378
0.0042419
0.00419902
0.00416185
0.00428799
0.00423707
0.00418892
0.00413927
0.00413139
0.00409154
0.00409489
0.00404674
0.00402929
0.00405575
0.00407414
0.00403165
0.00400493
0.00412115
0.00410077
0.00405893
0.00406608
0.00408679
0.0041277
0.00409174
0.00406827
0.00407173
0.00404433
