0
0.00338022
0.0228788
0.040057
0.0328058
0.0275775
0.0242462
0.0270923
0.0275705
0.0309691
0.0287338
0.0263406
0.0265099
0.027706
0.0260628
0.0244563
0.0234043
0.0228228
0.0234194
0.023515
0.0227614
0.0217303
0.0215297
0.021807
0.0213586
0.0205821
0.0198423
0.019353
0.0186943
0.0181194
0.0177831
0.0172791
0.0168112
0.0163337
0.0160802
0.0164371
0.0160216
0.0159066
0.0155027
0.0151281
0.0147752
0.0144768
0.0142268
0.0139192
0.0136186
0.0135941
0.014181
0.0139432
0.0136638
0.0133968
0.0131869
0.0133601
0.0131672
0.0130717
0.0129991
0.0127673
0.0125856
0.0124053
0.0124157
0.0123732
0.0121804
0.0119842
0.0118446
0.0120085
0.0119514
0.0121368
0.0121139
0.0119358
0.0120021
0.011867
0.0117013
0.0115652
0.0117016
0.0115443
0.0114403
0.0115845
0.0116999
0.0118353
0.0121556
0.0120133
0.0119361
0.011882
0.0117704
0.0116332
0.0115008
0.0113714
0.0112914
0.0111705
0.0110458
0.0109256
0.0108793
0.0107813
0.0106678
0.0106274
0.0105396
0.0104323
0.0103326
0.0102545
0.0101518
0.0101232
