1.09917
1.09625
1.09109
1.08342
1.07289
1.05902
1.04125
1.01891
0.991294
0.95779
0.918002
0.871946
0.820259
0.76441
0.706719
0.65019
0.598095
0.553378
0.518178
0.493528
0.479322
0.474448
0.477111
0.485168
0.496476
0.509169
0.521826
0.533511
0.543769
0.552532
0.559979
0.566369
0.571908
0.576699
0.580701
0.583794
0.585888
0.587024
0.587396
0.587334
0.587233
0.587458
0.588261
0.589798
0.592095
0.595025
0.59833
0.60162
0.604497
0.606632
0.607833
0.608121
0.607703
0.606908
0.606108
0.605612
0.605632
0.60629
0.60761
0.609516
0.611826
0.614248
0.616369
0.617778
0.618129
0.617227
0.615121
0.612127
0.608802
0.60578
0.603516
0.602042
0.600944
0.599574
0.597383
0.594189
0.590201
0.585954
0.582162
0.579561
0.578789
0.580275
0.584137
0.590153
0.597841
0.606575
0.615715
0.624687
0.633027
0.640366
0.646429
0.650984
0.653841
0.654897
0.654124
0.651591
0.647439
0.641856
0.635008
0.627054
0.618124
0.608405
0.598179
0.587851
0.577935
0.568974
0.561422
0.555555
0.551419
0.548888
0.547752
0.547871
0.549215
0.551914
0.556167
0.562153
0.569912
0.579255
0.589797
0.600994
0.612221
0.622828
0.632174
0.639662
0.644768
0.647158
0.646733
0.643596
0.638077
0.630654
0.621896
0.612404
0.602723
0.593314
0.584542
0.576712
0.570102
0.56502
0.56179
0.560805
0.56242
0.566846
0.573985
0.583361
0.594175
0.605465
0.616302
0.625903
0.633692
0.6393
0.642548
0.643409
0.642015
0.638614
0.63355
0.627231
0.620045
0.612328
0.604318
0.596198
0.588152
0.580485
0.573666
0.568314
0.565044
0.564269
0.566016
0.569873
0.575097
0.58081
0.586165
0.590486
0.593274
0.594206
0.593123
0.589994
0.584953
0.578303
0.570528
0.562328
0.554601
0.548353
0.544557
0.54395
0.546839
0.552989
0.561674
0.571835
0.58231
0.592
0.600032
0.605806
0.609016
0.609622
0.607847
0.604101
0.598937
0.593006
0.586969
0.58145
0.576956
0.573855
0.572342
0.572433
0.574004
0.576802
0.580496
0.58469
0.588943
0.592792
0.59581
0.597621
0.597958
0.596688
0.593846
0.58965
0.584519
0.579031
0.573869
0.569674
0.566867
0.565571
0.565627
0.566683
0.56833
0.570199
0.572006
0.573595
0.574917
0.575988
0.576839
0.577497
0.577973
0.578218
0.578145
0.577652
0.576633
0.575014
0.572813
0.57017
0.567441
0.565154
0.56393
0.564297
0.566542
0.570675
0.576438
0.583417
0.591112
0.598981
0.606498
0.613157
0.618506
0.622181
0.623964
0.623769
0.621658
0.617834
0.61261
0.606354
0.599481
0.592412
0.585553
0.579264
0.573816
0.569389
0.566037
0.56368
0.562155
0.561236
0.560712
0.560434
0.560338
0.560437
0.560811
0.561583
0.562826
0.564547
0.566611
0.568791
0.570778
0.572228
0.572859
0.572521
0.571227
0.569192
0.566794
0.564524
0.562818
0.561947
0.561911
0.562437
0.563114
0.563515
0.563405
0.562803
0.561946
0.561206
0.560935
0.56132
0.562294
0.563576
0.564721
0.56533
0.565188
0.564365
0.563182
0.56202
0.56108
0.560242
0.559153
0.557498
0.555183
0.552391
0.549484
0.546826
0.544668
0.543124
0.542208
0.541949
0.54244
0.543819
0.546168
0.549444
0.553376
0.557533
0.56144
0.564694
0.567012
0.568257
0.568367
0.567329
0.565119
0.561754
0.557355
0.552186
0.546675
0.541351
0.536743
0.533239
0.53101
0.530035
0.5302
0.5314
0.533603
0.536791
0.540898
0.545721
0.550962
0.5563
0.561475
0.566304
0.570652
0.574376
0.577253
0.579
0.579317
0.577947
0.574722
0.569628
0.562822
0.554632
0.545606
0.536484
0.528142
0.521477
0.517233
0.515845
0.517345
0.521398
0.527461
0.534962
0.543324
0.551956
0.560231
0.567552
0.573413
0.577495
0.579703
0.580125
0.578986
0.576605
0.573343
0.569583
0.565732
0.562181
0.559267
0.55725
0.556246
0.556294
0.557398
0.559573
0.562825
0.567072
0.572056
0.57734
0.582391
0.586711
0.589923
0.591831
0.592437
0.591904
0.590523
0.58864
0.586544
0.584406
0.582244
0.579961
0.577442
0.57464
0.571606
0.568468
0.565371
0.562477
0.559964
0.558022
0.556827
0.556468
0.556918
0.558001
0.559477
0.561115
0.562748
0.564294
0.565722
0.567009
0.568117
0.569018
0.569692
0.570161
0.570527
0.570954
0.571634
0.572748
0.574427
0.576716
0.579484
0.582513
0.585493
0.588069
0.589926
0.590762
0.590332
0.588495
0.58523
0.580692
0.575211
0.569285
0.563526
0.558599
0.555075
0.553355
0.553592
0.555696
0.559419
0.564392
0.570238
0.576602
0.583182
0.589709
0.595928
0.601598
0.606502
0.610452
0.613314
0.61501
0.615557
0.615035
0.613583
0.611358
0.608501
0.605104
0.601225
0.596913
0.592239
0.587343
0.582445
0.577814
0.573757
0.570525
0.568269
0.567
0.566565
0.566715
0.567184
0.567729
0.568212
0.568591
0.568927
0.569326
0.569945
0.570947
0.57247
0.574613
0.577393
0.580713
0.584372
0.588101
0.591597
0.594591
1.10111
1.09728
1.08841
1.07476
1.05674
1.03489
1.00976
0.981983
0.952233
0.921257
0.889954
0.859531
0.831635
0.808247
0.791246
0.781651
0.778959
0.781093
0.785179
0.788661
0.790224
0.790123
0.789811
0.791264
0.796327
0.806146
0.820773
0.839184
0.859611
0.880089
0.898966
0.91526
0.928727
0.939677
0.948462
0.954993
0.958549
0.958084
0.952851
0.942854
0.929032
0.91309
0.896997
0.882525
0.87098
0.863204
0.859735
0.860839
0.86636
0.875532
0.88696
0.898926
0.909733
0.918058
0.923055
0.924313
0.921805
0.915893
0.907308
0.897072
0.886354
0.876261
0.867508
0.860265
0.85425
0.849076
0.844525
0.840617
0.837602
0.835826
0.835642
0.837328
0.840938
0.846167
0.852273
0.858216
0.8629
0.865502
0.865688
0.863623
0.859846
0.855191
0.850776
0.848
0.848175
0.851654
0.85723
0.862563
0.865532
0.865555
0.863948
0.863051
0.86484
0.869843
0.877162
0.885209
0.892583
0.898478
0.90263
0.905028
0.905609
0.904149
0.900383
0.894224
0.885987
0.876492
0.866919
0.858426
0.851608
0.84633
0.842051
0.838426
0.835749
0.8349
0.836857
0.842145
0.850487
0.860918
0.872058
0.882465
0.890793
0.896033
0.89784
0.896744
0.894082
0.891575
0.890726
0.892369
0.896491
0.902365
0.908912
0.915093
0.920138
0.923674
0.925614
0.925966
0.924581
0.921095
0.915115
0.906547
0.895849
0.884049
0.872424
0.86203
0.853382
0.846449
0.84094
0.836654
0.833604
0.831933
0.831794
0.833266
0.836355
0.841016
0.847083
0.854262
0.862118
0.870128
0.877821
0.884935
0.891473
0.897605
0.90347
0.908883
0.91314
0.915165
0.913878
0.908591
0.899259
0.886502
0.871352
0.854908
0.838124
0.821698
0.806178
0.792136
0.780356
0.771821
0.76746
0.767776
0.772496
0.780537
0.790383
0.800509
0.80979
0.817618
0.82382
0.828508
0.831874
0.834117
0.83547
0.836247
0.836916
0.838148
0.840566
0.844359
0.849006
0.853398
0.856343
0.857092
0.855624
0.852601
0.849048
0.845939
0.843851
0.842869
0.842672
0.842775
0.842778
0.842468
0.841845
0.841021
0.840132
0.839365
0.839069
0.839791
0.842174
0.846723
0.853547
0.862203
0.871645
0.880394
0.886803
0.889489
0.887693
0.881412
0.871307
0.8585
0.844291
0.830026
0.81708
0.806703
0.799857
0.796998
0.797858
0.801434
0.806317
0.81109
0.814711
0.816726
0.817324
0.817186
0.81721
0.818097
0.820094
0.823027
0.826526
0.830245
0.834017
0.837849
0.841853
0.846241
0.851398
0.857838
0.866114
0.876495
0.888655
0.901654
0.914147
0.924663
0.931931
0.934978
0.933315
0.92701
0.916826
0.904102
0.890397
0.877028
0.864774
0.853855
0.844223
0.835874
0.829014
0.824011
0.821188
0.82049
0.821249
0.822327
0.822483
0.820813
0.817055
0.811667
0.805669
0.800423
0.79733
0.797507
0.801505
0.809138
0.819472
0.831001
0.842065
0.851306
0.857968
0.862066
0.864269
0.865509
0.866574
0.867767
0.86887
0.869355
0.868675
0.866549
0.862992
0.858325
0.853152
0.848245
0.844353
0.842016
0.841426
0.842423
0.84464
0.847648
0.851034
0.854432
0.857586
0.860532
0.863707
0.867884
0.873864
0.881975
0.891817
0.902233
0.911559
0.918018
0.920118
0.917033
0.908967
0.897286
0.884159
0.871688
0.860934
0.85161
0.842596
0.83289
0.822286
0.811524
0.801962
0.794975
0.791492
0.7918
0.795624
0.802205
0.810334
0.818433
0.824837
0.828226
0.827994
0.824573
0.819448
0.814856
0.813144
0.816004
0.823842
0.835605
0.849163
0.862028
0.872108
0.878147
0.879789
0.877406
0.871774
0.863828
0.85445
0.844359
0.834096
0.824116
0.814949
0.807312
0.801969
0.799445
0.799646
0.801715
0.804214
0.805645
0.80496
0.801874
0.79698
0.791637
0.787483
0.785709
0.786408
0.788437
0.790048
0.789888
0.787829
0.785018
0.783176
0.783522
0.786044
0.789668
0.792968
0.794948
0.795359
0.794578
0.793255
0.791889
0.790824
0.790541
0.792134
0.797252
0.807334
0.822662
0.84201
0.863189
0.883962
0.902665
0.918294
0.930334
0.938506
0.942627
0.942634
0.938687
0.931347
0.921764
0.911689
0.903057
0.89716
0.894112
0.89313
0.893276
0.893967
0.895035
0.896558
0.898706
0.901632
0.905349
0.909689
0.914249
0.918459
0.92168
0.923232
0.922525
0.919141
0.912893
0.903893
0.892585
0.879695
0.866152
0.852971
0.841078
0.831168
0.823514
0.817964
0.814109
0.811641
0.81079
0.812523
0.818267
0.829059
0.844737
0.863726
0.883736
0.90268
0.919254
0.932872
0.943334
0.950528
0.95427
0.954329
0.950516
0.942714
0.930972
0.915659
0.897589
0.878086
0.858953
0.842207
0.829655
0.82241
0.820712
0.824332
0.833202
0.847334
0.86582
0.886186
0.905173
0.920078
0.929636
0.934143
0.934966
0.933868
0.93218
0.930454
0.928427
0.925407
0.920718
0.914025
0.905369
0.89503
0.883389
0.870963
0.858565
0.847398
0.838896
0.834311
0.834205
0.838061
0.844413
0.851319
0.856938
1.10144
1.09642
1.08559
1.0709
1.05497
1.04044
1.02937
1.02278
1.02061
1.02202
1.02563
1.02985
1.0332
1.03474
1.03418
1.03184
1.02828
1.02394
1.0189
1.01295
1.00593
0.998206
0.990943
0.985974
0.985289
0.990201
1.00086
1.01613
1.03395
1.05196
1.06796
1.08016
1.08741
1.08919
1.08583
1.0785
1.06888
1.05841
1.04786
1.03745
1.02739
1.01813
1.01021
1.00403
0.999765
0.99745
0.997171
0.999125
1.00352
1.01039
1.0194
1.02982
1.04066
1.0508
1.05925
1.0653
1.06861
1.06921
1.06753
1.06428
1.0603
1.05621
1.05224
1.04818
1.04368
1.03848
1.0325
1.02584
1.01885
1.01225
1.00688
1.00325
1.00125
1.00039
1.00033
1.00148
1.00502
1.01242
1.0244
1.04037
1.05855
1.07643
1.0915
1.10185
1.10644
1.10513
1.09844
1.08725
1.07257
1.05544
1.0369
1.01798
0.999658
0.982855
0.96832
0.956587
0.947941
0.94236
0.939543
0.939048
0.940435
0.943461
0.948074
0.954373
0.962422
0.972155
0.983515
0.996535
1.01122
1.02725
1.04372
1.05915
1.0718
1.08022
1.08367
1.0824
1.07744
1.07016
1.06178
1.05316
1.04501
1.038
1.03261
1.02892
1.02644
1.02419
1.02108
1.01644
1.01066
1.00555
1.00392
1.00805
1.01818
1.03228
1.04741
1.0613
1.07314
1.08338
1.09285
1.10205
1.11069
1.11785
1.12246
1.12368
1.12122
1.11524
1.10608
1.09406
1.0795
1.06306
1.04596
1.02994
1.01664
1.00684
1.00015
0.995356
0.99105
0.986166
0.980164
0.972978
0.964619
0.95486
0.943547
0.931324
0.920046
0.912388
0.910748
0.916127
0.927744
0.943545
0.96121
0.978899
0.995421
1.01012
1.0226
1.03259
1.03982
1.04403
1.04495
1.04243
1.03656
1.02796
1.01786
1.00789
0.999632
0.994272
0.992408
0.994053
0.998708
1.00545
1.01312
1.02055
1.0269
1.03178
1.03523
1.03745
1.03861
1.03878
1.03824
1.03785
1.03925
1.04434
1.05424
1.0685
1.08516
1.10183
1.11649
1.12771
1.13442
1.13585
1.13166
1.12183
1.10676
1.08743
1.0658
1.04442
1.02529
1.00833
0.991337
0.971715
0.948647
0.924024
0.901622
0.885202
0.876803
0.876408
0.88271
0.893939
0.908232
0.923678
0.938454
0.951152
0.961059
0.968303
0.973673
0.978139
0.982343
0.986193
0.988885
0.989257
0.986464
0.980815
0.974382
0.970734
0.973507
0.984281
1.00136
1.02058
1.03768
1.04995
1.05643
1.05726
1.0531
1.045
1.03445
1.0233
1.01359
1.00706
1.00468
1.00629
1.01073
1.01644
1.02206
1.02678
1.03033
1.03261
1.0334
1.03224
1.02869
1.02268
1.01481
1.00624
0.998266
0.991649
0.986252
0.981117
0.975002
0.9672
0.958072
0.949031
0.941974
0.93851
0.939405
0.944479
0.95287
0.963469
0.975287
0.987665
1.00018
1.0124
1.02366
1.03308
1.03973
1.043
1.04278
1.03939
1.03345
1.02578
1.01717
1.00844
1.00036
0.993597
0.988563
0.985245
0.983065
0.980784
0.97657
0.968422
0.955302
0.939248
0.926784
0.925773
0.938252
0.958759
0.9807
1.00088
1.01874
1.03426
1.04693
1.05581
1.06001
1.05914
1.0535
1.04416
1.03266
1.02076
1.00999
1.00133
0.995139
0.991157
0.988638
0.986561
0.983843
0.979613
0.973382
0.965219
0.955761
0.946101
0.937478
0.93089
0.926766
0.924879
0.924627
0.925514
0.927562
0.931318
0.937313
0.945424
0.954553
0.962905
0.968778
0.971408
0.971375
0.970425
0.970574
0.972992
0.977388
0.982316
0.986002
0.987367
0.986537
0.98495
0.984929
0.988715
0.997307
1.00989
1.02427
1.03796
1.04903
1.05626
1.05894
1.05677
1.05002
1.03972
1.02766
1.01591
1.00607
0.99869
0.993399
0.989401
0.986038
0.982994
0.980291
0.978199
0.977114
0.97741
0.979264
0.982535
0.986842
0.991771
0.997062
1.00269
1.00871
1.015
1.02119
1.02668
1.03073
1.03258
1.03157
1.02748
1.02086
1.01309
1.00612
1.00195
1.002
1.00671
1.01541
1.02647
1.0378
1.04737
1.05371
1.05607
1.05442
1.0493
1.04172
1.03297
1.02438
1.01708
1.01182
1.00875
1.00771
1.00836
1.01038
1.0135
1.01746
1.02195
1.02662
1.03125
1.03571
1.03977
1.04271
1.04332
1.0404
1.03355
1.02344
1.01148
0.998986
0.986727
0.974992
0.964133
0.954951
0.948615
0.946314
0.948918
0.956697
0.969078
0.98458
1.00108
1.01634
1.0284
1.03588
1.03812
1.03527
1.02835
1.01921
1.01023
1.00359
1.00054
1.00111
1.00439
1.00911
1.01406
1.01842
1.02182
1.02453
1.02738
1.0316
1.03828
1.04775
1.05921
1.0708
1.08004
1.08452
1.08252
1.07334
1.05759
1.03704
1.01443
0.992878
0.9752
0.963313
0.958035
0.95914
0.965616
0.975736
0.987101
0.996934
1.00277
1.00337
0.999123
0.991639
0.982389
0.97195
0.960565
0.949262
0.940263
0.936171
0.938478
0.94636
0.957189
1.11016
1.11767
1.12251
1.12589
1.1289
1.13202
1.13508
1.1375
1.13869
1.13858
1.13763
1.13647
1.13533
1.1338
1.13116
1.12675
1.12025
1.11173
1.10177
1.09165
1.08307
1.07725
1.07401
1.07187
1.06951
1.06716
1.06663
1.06989
1.0773
1.08708
1.09624
1.10187
1.1021
1.09648
1.08647
1.07568
1.06907
1.071
1.08274
1.10163
1.12299
1.14275
1.15832
1.16826
1.17194
1.16952
1.16234
1.15299
1.14514
1.1423
1.14625
1.15612
1.16895
1.18112
1.1897
1.19311
1.1912
1.18496
1.1761
1.1665
1.15784
1.15131
1.14697
1.14356
1.13939
1.13385
1.12818
1.12453
1.12405
1.12573
1.12709
1.12591
1.12123
1.11327
1.10276
1.0905
1.07711
1.06296
1.04815
1.03285
1.01764
1.00387
0.993556
0.988741
0.990621
0.998884
1.01192
1.02745
1.04338
1.05829
1.0716
1.0832
1.09282
1.09989
1.10393
1.10505
1.10404
1.10197
1.0996
1.09733
1.09541
1.0942
1.0938
1.09368
1.09256
1.08881
1.08113
1.06931
1.05468
1.04014
1.02949
1.02571
1.02901
1.03654
1.04446
1.05042
1.05453
1.05876
1.06554
1.07604
1.08883
1.09975
1.1039
1.09864
1.08556
1.06974
1.05663
1.04871
1.04437
1.0399
1.03225
1.02066
1.00654
0.992527
0.981496
0.975908
0.977565
0.987281
1.0044
1.02652
1.05001
1.07131
1.08808
1.09959
1.10649
1.11033
1.11289
1.11521
1.11693
1.11662
1.11301
1.1062
1.0981
1.09189
1.09044
1.09458
1.10296
1.1133
1.12346
1.13178
1.13689
1.13781
1.13424
1.12707
1.11855
1.11178
1.10917
1.11092
1.1149
1.11818
1.1189
1.11694
1.1136
1.11075
1.10992
1.11167
1.11534
1.11942
1.1223
1.12283
1.12052
1.11539
1.10781
1.09829
1.08735
1.0755
1.06339
1.05197
1.04253
1.03652
1.03501
1.03819
1.04511
1.05403
1.06301
1.0705
1.07554
1.07783
1.07775
1.07647
1.07592
1.07823
1.08481
1.0957
1.10956
1.12406
1.13649
1.14422
1.14519
1.13828
1.12358
1.10277
1.07954
1.05932
1.04712
1.04438
1.04822
1.05411
1.05892
1.06178
1.06357
1.06588
1.07016
1.07711
1.08644
1.09733
1.10886
1.12028
1.13098
1.14054
1.1487
1.15536
1.16016
1.16243
1.16145
1.15715
1.1507
1.14424
1.13991
1.13878
1.14046
1.1435
1.14603
1.14644
1.14366
1.13709
1.12663
1.11271
1.09629
1.07889
1.0623
1.04808
1.03715
1.02937
1.02373
1.01878
1.01338
1.00732
1.00152
0.99778
0.997804
1.00221
1.01006
1.01937
1.02793
1.0341
1.03707
1.03665
1.03295
1.02603
1.01628
1.00488
0.993952
0.986191
0.983811
0.987708
0.997369
1.01143
1.02813
1.04543
1.06122
1.07373
1.08191
1.08566
1.08567
1.08318
1.07955
1.07596
1.07313
1.07117
1.06968
1.06803
1.06564
1.06221
1.05773
1.0524
1.04646
1.04022
1.03412
1.02887
1.02546
1.02516
1.02917
1.03813
1.0514
1.06681
1.08119
1.0915
1.09603
1.09499
1.09031
1.08476
1.08079
1.07963
1.08078
1.08242
1.08279
1.08141
1.0792
1.07766
1.07816
1.08163
1.08873
1.09966
1.11368
1.12874
1.14192
1.15039
1.15229
1.14712
1.1355
1.11887
1.09917
1.07864
1.05977
1.04508
1.03671
1.03602
1.04319
1.05723
1.07624
1.0977
1.11902
1.13815
1.154
1.16648
1.17623
1.18406
1.19047
1.19535
1.19795
1.19731
1.19265
1.18383
1.1717
1.15801
1.14516
1.13546
1.13007
1.12839
1.12839
1.12775
1.12502
1.12006
1.1138
1.10786
1.104
1.10349
1.10666
1.11268
1.11996
1.12685
1.13216
1.13517
1.13545
1.13274
1.12712
1.11926
1.11072
1.1038
1.10098
1.104
1.11312
1.12692
1.14264
1.15693
1.16646
1.16861
1.16176
1.14561
1.12165
1.09374
1.06804
1.05098
1.04619
1.05338
1.06973
1.09145
1.11438
1.13441
1.14815
1.15347
1.14968
1.13745
1.11845
1.09498
1.06972
1.04575
1.02667
1.01623
1.01752
1.03186
1.05811
1.09278
1.13106
1.16797
1.19924
1.22182
1.23406
1.23586
1.22858
1.21476
1.1975
1.17982
1.16423
1.15244
1.14519
1.14195
1.14081
1.13915
1.1346
1.12623
1.11512
1.1041
1.09659
1.09508
1.09993
1.10946
1.12086
1.13144
1.13923
1.14336
1.14393
1.14184
1.13846
1.13533
1.13355
1.13347
1.1345
1.13536
1.13458
1.13097
1.12398
1.11369
1.10064
1.08573
1.07009
1.05499
1.04169
1.03128
1.02446
1.0212
1.02058
1.021
1.02092
1.01944
1.01638
1.01227
1.0081
1.00514
1.00459
1.00722
1.01326
1.02231
1.03338
1.04514
1.05626
1.0658
1.07341
1.07934
1.08425
1.08894
1.09407
1.10013
1.10735
1.11574
1.12519
1.13537
1.14562
1.15505
1.16287
1.16863
1.17223
1.17389
1.17393
1.17258
1.1699
1.16581
1.16021
1.15319
1.09282
1.08568
1.07929
1.07364
1.06895
1.0662
1.06709
1.07313
1.08424
1.09813
1.11143
1.12149
1.12733
1.1292
1.12777
1.12361
1.11728
1.10969
1.10242
1.09741
1.09598
1.09789
1.10118
1.10314
1.10132
1.09412
1.08103
1.06249
1.03965
1.01406
0.987522
0.962093
0.940063
0.923785
0.915216
0.915364
0.923963
0.939587
0.960129
0.983348
1.0074
1.03113
1.05403
1.07589
1.09632
1.1145
1.12942
1.14046
1.14771
1.15193
1.15414
1.15514
1.15526
1.1544
1.15216
1.14805
1.1417
1.13306
1.12232
1.11001
1.09713
1.0849
1.07418
1.06518
1.05768
1.05108
1.04454
1.03751
1.03033
1.0244
1.02175
1.02395
1.03136
1.04291
1.05665
1.07021
1.08123
1.08769
1.08862
1.08461
1.07756
1.06953
1.06164
1.05377
1.04557
1.03753
1.03129
1.0288
1.03118
1.03796
1.04712
1.05596
1.06223
1.06496
1.06465
1.06284
1.0614
1.06166
1.06388
1.06727
1.07076
1.07376
1.0764
1.07892
1.08091
1.08141
1.07968
1.07627
1.0731
1.0724
1.07485
1.07899
1.082
1.0814
1.07628
1.06757
1.05734
1.04772
1.03994
1.03426
1.03042
1.02826
1.02813
1.03062
1.03588
1.04323
1.05138
1.05895
1.06497
1.069
1.07093
1.07073
1.06832
1.06357
1.05667
1.04826
1.03955
1.03194
1.02648
1.0236
1.02311
1.02477
1.02854
1.03457
1.04281
1.05265
1.0628
1.0716
1.07746
1.07924
1.0765
1.06952
1.05941
1.04799
1.03717
1.02822
1.02126
1.01553
1.01021
1.005
1.00024
0.996817
0.995736
0.997756
1.00299
1.01077
1.01977
1.02828
1.03451
1.03698
1.03513
1.02959
1.02219
1.01539
1.01157
1.0122
1.01746
1.02631
1.03696
1.04763
1.05717
1.06521
1.07186
1.07725
1.08117
1.08294
1.08165
1.07656
1.0676
1.05565
1.04256
1.0308
1.02261
1.01914
1.01984
1.02272
1.0253
1.02572
1.02325
1.01829
1.0119
1.00518
0.999114
0.994808
0.993691
0.997215
1.00589
1.01858
1.03297
1.04676
1.05862
1.06817
1.07578
1.0823
1.08876
1.09574
1.10281
1.10849
1.11078
1.10809
1.09992
1.08708
1.07167
1.05701
1.04736
1.04632
1.05419
1.06738
1.08117
1.09261
1.10108
1.10728
1.11215
1.11627
1.11976
1.12239
1.12381
1.12351
1.12063
1.11391
1.10223
1.08551
1.0654
1.0451
1.02845
1.01861
1.01713
1.02366
1.03641
1.05286
1.0705
1.08743
1.10257
1.11553
1.12639
1.1353
1.14222
1.14684
1.14861
1.14695
1.14153
1.13242
1.11998
1.10485
1.08783
1.07015
1.05369
1.04104
1.03468
1.03558
1.04267
1.05347
1.06524
1.07567
1.08312
1.08659
1.08575
1.08088
1.07277
1.06266
1.05212
1.04292
1.03687
1.03547
1.03943
1.04833
1.06057
1.07376
1.08552
1.09405
1.09851
1.09879
1.09518
1.08803
1.07775
1.06507
1.05149
1.03928
1.03087
1.02754
1.02824
1.0299
1.02896
1.02301
1.01152
0.995839
0.978807
0.964027
0.954775
0.952787
0.957738
0.967817
0.980856
0.995289
1.01049
1.02655
1.04347
1.06051
1.07614
1.08858
1.09644
1.09892
1.09559
1.08611
1.0702
1.04802
1.02086
0.991795
0.965794
0.948725
0.945234
0.956417
0.979223
1.00839
1.03889
1.06722
1.09136
1.11039
1.12415
1.13303
1.13767
1.13863
1.1362
1.13067
1.12287
1.11477
1.10928
1.10904
1.11475
1.12472
1.13587
1.14527
1.15102
1.15248
1.14994
1.14428
1.13662
1.12806
1.11947
1.11137
1.10395
1.0971
1.09075
1.08507
1.0805
1.07772
1.07728
1.0791
1.08224
1.08488
1.08482
1.08037
1.07111
1.05843
1.0455
1.03674
1.03617
1.04508
1.06075
1.07791
1.09126
1.0972
1.09381
1.08066
1.05943
1.03526
1.01665
1.01144
1.02121
1.04059
1.06236
1.08166
1.09641
1.10595
1.10997
1.10844
1.10188
1.09166
1.0797
1.06758
1.05586
1.04417
1.03207
1.01997
1.00938
1.00226
0.999685
1.00105
1.00444
1.00779
1.00977
1.01004
1.00927
1.00874
1.00961
1.01199
1.01453
1.01491
1.01106
1.00234
0.9901
0.977316
0.967488
0.963252
0.965475
0.973148
0.984072
0.995735
1.0059
1.01289
1.01565
1.01383
1.00791
0.999235
0.989872
0.982344
0.979046
0.981619
0.990603
1.00544
1.02483
1.04713
1.07055
1.09333
1.11366
1.12967
1.13944
1.1413
1.13431
1.11862
1.09568
1.06829
1.04046
1.0166
1.00034
0.993398
0.995063
1.00281
1.01346
1.02425
1.0335
1.04088
1.04728
1.05414
1.06249
1.07208
1.08133
1.08816
1.09124
1.09076
1.0885
1.08709
1.08873
1.09423
1.10293
1.11321
1.1233
1.13188
1.13827
1.14227
1.14392
1.14341
1.14106
1.13744
1.13314
1.12846
1.12317
1.11667
1.10851
1.09883
1.08847
1.07855
1.06995
1.06322
1.05872
1.05669
1.05713
1.05962
1.06346
1.06805
1.10471
1.10996
1.1162
1.12395
1.13265
1.14065
1.14595
1.14709
1.14371
1.13644
1.12632
1.1142
1.10022
1.08402
1.06553
1.04638
1.03054
1.02288
1.02581
1.03703
1.05114
1.06319
1.07097
1.07472
1.07603
1.07675
1.0784
1.08205
1.08828
1.09709
1.10787
1.1194
1.13024
1.13901
1.14475
1.14704
1.14587
1.14166
1.13508
1.12689
1.11773
1.1079
1.0976
1.08732
1.07814
1.0714
1.06795
1.06734
1.0679
1.06739
1.06422
1.05851
1.05192
1.04611
1.0412
1.03564
1.02766
1.01664
1.00364
0.9914
0.983628
0.983388
0.991407
1.00574
1.0233
1.04147
1.05873
1.07438
1.08802
1.09918
1.10729
1.11205
1.11394
1.1141
1.1139
1.11424
1.11532
1.11674
1.11786
1.11818
1.11733
1.11511
1.11136
1.10582
1.09831
1.08896
1.07849
1.06827
1.05989
1.05452
1.05227
1.05215
1.05265
1.05252
1.05135
1.04964
1.04847
1.04914
1.05273
1.05965
1.06903
1.0786
1.08563
1.0881
1.08558
1.07947
1.07259
1.06826
1.06899
1.07546
1.0863
1.09893
1.11063
1.11929
1.12356
1.12283
1.11726
1.10798
1.09714
1.08759
1.08207
1.08225
1.08808
1.09784
1.10875
1.11798
1.12339
1.12414
1.12059
1.11375
1.10471
1.09426
1.083
1.0718
1.06195
1.05491
1.05148
1.05125
1.05292
1.05505
1.05658
1.05695
1.05588
1.05308
1.0482
1.04094
1.03138
1.02012
1.00814
0.99643
0.985834
0.977086
0.971043
0.968625
0.970551
0.976835
0.986496
0.997724
1.00871
1.01893
1.02984
1.0441
1.06349
1.08749
1.11379
1.14002
1.16479
1.18731
1.20656
1.22092
1.22865
1.22865
1.22087
1.20625
1.18652
1.16412
1.14213
1.12405
1.11317
1.1115
1.11904
1.13386
1.15281
1.17245
1.18964
1.20175
1.20677
1.20346
1.19161
1.17226
1.14768
1.12093
1.09502
1.0721
1.05307
1.03798
1.02675
1.01953
1.01661
1.01814
1.02388
1.03321
1.04514
1.05845
1.0716
1.08291
1.09082
1.0943
1.09335
1.08918
1.08401
1.08024
1.07952
1.0821
1.087
1.0924
1.09647
1.09797
1.09662
1.09305
1.0884
1.08382
1.07997
1.07699
1.07467
1.0727
1.07079
1.06859
1.06568
1.06172
1.05665
1.05091
1.04554
1.04183
1.04053
1.04129
1.04282
1.04377
1.04345
1.04213
1.0408
1.0408
1.04329
1.04884
1.05732
1.06799
1.07978
1.09161
1.10255
1.11173
1.11827
1.12125
1.12006
1.11472
1.10609
1.09592
1.08636
1.07942
1.0764
1.07757
1.08236
1.08976
1.09872
1.10834
1.11785
1.12645
1.13326
1.13738
1.13805
1.13493
1.12818
1.11847
1.10688
1.09471
1.08329
1.07381
1.06704
1.06315
1.06164
1.06153
1.06181
1.06178
1.0612
1.06017
1.05901
1.05809
1.05771
1.05816
1.05984
1.06319
1.0684
1.0752
1.08284
1.09051
1.09788
1.10546
1.11422
1.12508
1.13825
1.15308
1.16805
1.18124
1.1907
1.19504
1.19375
1.18741
1.17764
1.16655
1.15617
1.14791
1.14267
1.14116
1.14408
1.15158
1.16273
1.17539
1.18697
1.19537
1.19938
1.19861
1.19313
1.18322
1.16929
1.15183
1.13161
1.10973
1.08761
1.06671
1.0483
1.03305
1.02094
1.01132
1.00348
0.997138
0.99278
0.991315
0.993435
0.999135
1.00753
1.01732
1.02733
1.03683
1.04546
1.05302
1.05962
1.06562
1.07137
1.0767
1.08054
1.08132
1.0781
1.07201
1.06704
1.06856
1.07964
1.09848
1.11997
1.13943
1.15477
1.16606
1.17412
1.17944
1.18201
1.18164
1.17827
1.17213
1.16392
1.15483
1.14641
1.14007
1.13642
1.13491
1.13427
1.13317
1.13077
1.12687
1.12162
1.11536
1.10852
1.10163
1.09516
1.08918
1.08311
1.07583
1.06631
1.05447
1.04159
1.02969
1.02028
1.01361
1.00902
1.00572
1.00321
1.00125
0.999779
0.998964
0.999393
1.00214
1.00858
1.0198
1.036
1.05622
1.07857
1.10101
1.12171
1.13946
1.15356
1.16374
1.16991
1.17213
1.17065
1.16604
1.15936
1.152
1.14553
1.14152
1.14132
1.14586
1.15515
1.16803
1.18227
1.19515
1.20418
1.20753
1.20417
1.19394
1.17748
1.15636
1.13299
1.11035
1.09141
1.07833
1.07186
1.0713
1.07509
1.08148
1.08889
1.09578
1.10079
1.10314
1.103
1.10154
1.10026
1.10039
1.10249
1.10644
1.1115
1.11648
1.12016
1.12161
1.12042
1.11671
1.11093
1.10354
1.09491
1.08551
1.07649
1.06982
1.06754
1.07032
1.07682
1.08441
1.09055
1.09395
1.09482
1.09415
1.09259
1.08975
1.08433
1.07529
1.063
1.04978
1.03887
1.03257
1.03089
1.0319
1.03319
1.03318
1.03159
1.02927
1.02753
1.02764
1.03043
1.03623
1.0448
1.05547
1.06734
1.07939
1.09053
1.09975
1.10614
1.10924
1.10931
1.10732
1.10441
1.10134
1.09856
1.09658
1.09609
1.09767
1.10393
1.10998
1.11738
1.1253
1.13287
1.1393
1.14398
1.14648
1.14662
1.14442
1.14014
1.13404
1.12621
1.11642
1.1041
1.08864
1.06971
1.04771
1.02393
1.00058
0.980624
0.967213
0.962842
0.968215
0.981673
0.999807
1.01879
1.03555
1.04836
1.05709
1.06285
1.06733
1.07194
1.07717
1.08247
1.08644
1.08747
1.08441
1.077
1.06574
1.0516
1.03576
1.01968
1.00521
0.9943
0.988475
0.9883
0.993332
1.00238
1.0138
1.02582
1.03684
1.04563
1.05147
1.05401
1.05314
1.04891
1.04165
1.03219
1.02225
1.01438
1.01136
1.01504
1.02545
1.04073
1.05821
1.07557
1.09153
1.10569
1.118
1.12837
1.13655
1.14213
1.14457
1.14343
1.13863
1.13083
1.12141
1.11214
1.10441
1.09877
1.09482
1.09186
1.08948
1.08778
1.08696
1.08686
1.08679
1.08585
1.08327
1.0787
1.07218
1.06392
1.05423
1.04354
1.03252
1.02236
1.01489
1.01247
1.01711
1.0288
1.04459
1.06
1.07137
1.07742
1.07921
1.07937
1.08083
1.08557
1.09389
1.10431
1.11434
1.12138
1.12358
1.12028
1.11221
1.1012
1.08969
1.07993
1.07331
1.07009
1.06979
1.07173
1.07523
1.07941
1.08311
1.08527
1.08553
1.0845
1.08373
1.08515
1.09024
1.09948
1.11219
1.12687
1.14166
1.15463
1.16412
1.16897
1.16882
1.16441
1.1576
1.15091
1.14641
1.14466
1.14454
1.14385
1.1404
1.13277
1.12073
1.10507
1.08709
1.06817
1.04968
1.0332
1.02054
1.01335
1.01236
1.01706
1.02567
1.03567
1.04443
1.04997
1.05187
1.0518
1.05291
1.05818
1.06881
1.08386
1.10091
1.11697
1.12935
1.13627
1.13714
1.13248
1.12372
1.11281
1.10192
1.09315
1.08831
1.0887
1.09493
1.10669
1.1227
1.14082
1.15841
1.17283
1.182
1.18502
1.18252
1.1763
1.16877
1.16215
1.15778
1.15584
1.1555
1.15531
1.1537
1.14923
1.14084
1.12803
1.111
1.09073
1.06891
1.04765
1.02919
1.01571
1.00882
1.00867
1.01365
1.0211
1.02871
1.03544
1.04152
1.04787
1.05518
1.06329
1.07133
1.07841
1.08429
1.08955
1.09488
1.10047
1.1057
1.10958
1.11124
1.1103
1.10687
1.10166
1.09595
1.09136
1.08937
1.09064
1.09459
1.09964
1.10379
1.10555
1.10435
1.10057
1.09505
1.08868
1.08219
1.07644
1.07261
1.07218
1.07656
1.08629
1.10044
1.11666
1.13198
1.14368
1.15004
1.15058
1.14586
1.13714
1.12591
1.11354
1.10106
1.0892
1.07855
1.06963
1.0629
1.05864
1.05692
1.0578
1.06152
1.0686
1.07949
1.09408
1.1115
1.1302
1.14807
1.1629
1.17262
1.17571
1.17131
1.1593
1.14023
1.11559
1.08831
1.06295
1.04469
1.0369
1.03917
1.04811
1.06004
1.07251
1.08435
1.09501
1.10406
1.11099
1.11534
1.1167
1.11494
1.11023
1.10315
1.09463
1.08594
1.07853
1.0737
1.07198
1.07264
1.07401
1.07402
1.07094
1.06374
1.05226
1.03749
1.0219
1.0092
1.00276
1.00308
1.00729
1.01148
1.01335
1.01303
1.01241
1.01407
1.02024
1.03195
1.04853
1.0677
1.08622
1.10076
1.10852
1.10776
1.09835
1.08252
1.06489
1.05069
1.04303
1.042
1.04608
1.05366
1.06331
1.07358
1.08331
1.09191
1.09928
1.10572
1.11166
1.11751
1.12335
1.12853
1.1315
1.13
1.12191
1.10695
1.0884
1.07249
1.06409
1.06288
1.06532
1.06891
1.0731
1.07802
1.08324
1.08756
1.08953
1.08813
1.08372
1.07852
1.07599
1.07915
1.08881
1.10295
1.11785
1.12969
1.13564
1.13425
1.1253
1.10978
1.08994
1.0689
1.05002
1.03587
1.0277
1.02533
1.02765
1.03354
1.04263
1.05549
1.07307
1.09554
1.12148
1.14797
1.17144
1.18872
1.19765
1.19739
1.18857
1.17322
1.15444
1.13576
1.1203
1.10999
1.10513
1.10458
1.10632
1.10813
1.10828
1.10587
1.10091
1.09404
1.08622
1.07847
1.07178
1.0671
1.06527
1.06676
1.07143
1.0784
1.08614
1.09282
1.09656
1.09606
1.09103
1.08235
1.07179
1.06125
1.05219
1.04537
1.041
1.03926
1.04049
1.04506
1.05295
1.06344
1.07524
1.08687
1.09717
1.10566
1.11257
1.11837
1.12307
1.12594
1.12601
1.12283
1.1169
1.10927
1.10085
1.09199
1.08247
1.07213
1.06169
1.05305
1.0485
1.04922
1.05455
1.06268
1.07183
1.08075
1.08866
1.0951
1.09995
1.10332
1.10527
1.10559
1.10385
1.09978
1.0936
1.08598
1.07771
1.06959
1.06262
1.05805
1.05696
1.05971
1.06581
1.07416
1.08363
1.09336
1.10269
1.11098
1.11779
1.1232
1.12802
1.13328
1.13931
1.14504
1.14835
1.14689
1.13914
1.12488
1.10549
1.08385
1.06367
1.04803
1.0379
1.03211
1.02878
1.02672
1.02585
1.0269
1.03093
1.03887
1.05094
1.06623
1.0829
1.09906
1.11323
1.12426
1.13131
1.13362
1.13127
1.12519
1.11675
1.10733
1.09802
1.08949
1.08189
1.07492
1.06811
1.06104
1.05371
1.04678
1.04135
1.03837
1.0383
1.04127
1.04722
1.05579
1.06617
1.0771
1.08715
1.09501
1.09972
1.10089
1.09876
1.0941
1.0879
1.08102
1.07396
1.06695
1.06014
1.05349
1.04681
1.03986
1.03254
1.02526
1.01899
1.0152
1.01543
1.02065
1.03074
1.04446
1.05969
1.07407
1.08546
1.09236
1.09422
1.09147
1.08543
1.078
1.07118
1.06674
1.06586
1.06919
1.07689
1.08873
1.10388
1.12049
1.13549
1.14541
1.14768
1.14157
1.12829
1.11031
1.09012
1.06939
1.04901
1.02974
1.01292
1.00061
0.994986
0.997376
1.00747
1.02356
1.04333
1.06442
1.08461
1.10201
1.11523
1.12345
1.12632
1.12386
1.1162
1.10355
1.08644
1.06621
1.04556
1.02863
1.02001
1.02282
1.03691
1.05884
1.0837
1.10715
1.12661
1.14131
1.1518
1.15926
1.16494
1.16955
1.17305
1.17476
1.17383
1.16966
1.1623
1.15255
1.14198
1.13241
1.12545
1.12208
1.12245
1.12609
1.13216
1.13971
1.14772
1.1551
1.16073
1.16375
1.16371
1.1607
1.15534
1.14857
1.14165
1.13598
1.13292
1.13329
1.13703
1.14314
1.15011
1.15634
1.16043
1.16124
1.15792
1.15023
1.13888
1.12571
1.11329
1.10417
1.09999
1.10106
1.10659
1.11524
1.12559
1.13654
1.14735
1.15741
1.16551
1.16951
1.16696
1.15642
1.13862
1.1166
1.09477
1.07753
1.06789
1.06686
1.07348
1.08532
1.09951
1.1137
1.12643
1.13698
1.14508
1.15062
1.15356
1.1541
1.15262
1.1499
1.14701
1.14509
1.14492
1.14658
1.14939
1.15219
1.1537
1.1529
1.14921
1.14271
1.13411
1.1246
1.11537
1.10702
1.09938
1.09191
1.08424
1.07657
1.06974
1.06486
1.06294
1.06431
1.06836
1.07364
1.07827
1.08062
1.07974
1.07561
1.06899
1.06103
1.05281
1.04497
1.03767
1.03071
1.02374
1.01647
1.00865
1.00029
0.992002
0.985228
0.982128
0.984765
0.993954
1.00859
1.02611
1.04364
1.05901
1.0712
1.08009
1.08593
1.08896
1.08936
1.08738
1.08353
1.07899
1.07591
1.07655
1.08113
1.08682
1.08953
1.0866
1.07774
1.06452
1.0493
1.03446
1.02203
1.01346
1.00961
1.01065
1.01597
1.02435
1.03419
1.04399
1.05266
1.05972
1.06525
1.06978
1.07424
1.07966
1.08685
1.09594
1.1063
1.1167
1.1257
1.13226
1.13595
1.1371
1.13646
1.13499
1.13345
1.13242
1.13225
1.13315
1.13512
1.13796
1.14105
1.1435
1.14427
1.14255
1.13792
1.13058
1.12135
1.11162
1.10312
1.09751
1.09591
1.09859
1.10508
1.11449
1.12568
1.13727
1.14758
1.15488
1.15792
1.15641
1.15116
1.14392
1.13679
1.13133
1.12793
1.12584
1.1239
1.12135
1.11808
1.11441
1.11056
1.10607
1.09998
1.09146
1.08092
1.07039
1.06288
1.06101
1.06583
1.07657
1.09142
1.10841
1.12571
1.14157
1.15415
1.1616
1.16236
1.1555
1.14098
1.11987
1.09424
1.06666
1.0395
1.01452
0.992834
0.975205
0.962106
0.953557
0.949149
0.948232
0.950309
0.955143
0.962586
0.972355
0.98414
0.997842
1.01352
1.03095
1.04922
1.06672
1.08174
1.09294
1.0997
1.10218
1.10116
1.09779
1.09323
1.08852
1.08444
1.08144
1.07956
1.07854
1.07785
1.07685
1.07495
1.07188
1.06769
1.06293
1.05849
1.05531
1.05396
1.05434
1.05578
1.05749
1.05871
1.05878
1.05709
1.05302
1.04613
1.03635
1.02423
1.01096
0.99802
0.986799
0.978327
0.973324
0.972421
0.976262
0.985352
0.999616
1.01809
1.03903
1.06033
1.07993
1.09627
1.10857
1.11712
1.12316
1.12842
1.13439
1.14166
1.14966
1.15691
1.16147
1.16164
1.15653
1.14645
1.13299
1.11863
1.10601
1.09708
1.09258
1.09207
1.09428
1.09753
1.10011
1.10049
1.09781
1.09202
1.08387
1.07466
1.06604
1.05982
1.05751
1.05973
1.06583
1.07405
1.08208
1.08792
1.09059
1.09035
1.08838
1.08627
1.08544
1.08686
1.09089
1.09724
1.10492
1.1125
1.11866
1.12267
1.1249
1.12681
1.13015
1.1358
1.14306
1.15012
1.15532
1.15787
1.15776
1.15533
1.15092
1.14466
1.13648
1.12681
1.11694
1.10846
1.10194
1.09627
1.08947
1.08043
1.07004
1.06076
1.05486
1.05263
1.05215
1.05053
1.04571
1.03731
1.02655
1.01557
1.00665
1.00159
1.00123
1.00539
1.01318
1.02345
1.03532
1.04845
1.06303
1.07964
1.09866
1.11971
1.14129
1.1611
1.17688
1.18708
1.19104
1.18876
1.18061
1.16719
1.14942
1.12867
1.10679
1.08605
1.06884
1.05721
1.05234
1.05415
1.06109
1.07037
1.07855
1.08254
1.08055
1.07279
1.06168
1.0513
1.04605
1.04892
1.06015
1.07711
1.09553
1.11116
1.10868
1.11145
1.10834
1.10107
1.09179
1.08255
1.07483
1.06923
1.06571
1.06394
1.06349
1.06387
1.0645
1.06482
1.06434
1.06252
1.05882
1.05301
1.04546
1.03713
1.02925
1.02286
1.0184
1.01562
1.01388
1.01264
1.01192
1.01224
1.01418
1.01781
1.02235
1.02663
1.02993
1.03253
1.03511
1.03744
1.03788
1.03444
1.02636
1.01481
1.00241
0.992162
0.986454
0.986733
0.99355
1.00669
1.0251
1.04689
1.0697
1.09146
1.11071
1.12652
1.13822
1.14523
1.14714
1.14393
1.13605
1.12457
1.11102
1.09715
1.08434
1.07301
1.06267
1.05252
1.0426
1.03455
1.0314
1.03627
1.05072
1.07374
1.10189
1.13033
1.15429
1.17041
1.17728
1.17525
1.16596
1.15186
1.13603
1.12196
1.11258
1.10905
1.11055
1.1154
1.12187
1.12799
1.13154
1.13047
1.12384
1.11205
1.09665
1.07977
1.06361
1.05012
1.04092
1.03715
1.03879
1.04454
1.05236
1.06042
1.06748
1.07293
1.07653
1.07848
1.0793
1.07974
1.08055
1.08237
1.08576
1.09107
1.09828
1.10683
1.11564
1.12333
1.12858
1.13041
1.12849
1.12308
1.11487
1.10454
1.09249
1.07887
1.06392
1.04815
1.03248
1.01836
1.00806
1.0044
1.00912
1.02099
1.03606
1.0501
1.0604
1.06587
1.06641
1.0624
1.0545
1.04356
1.03042
1.0159
1.00076
0.985724
0.971542
0.958973
0.948786
0.941734
0.938426
0.939163
0.943771
0.951773
0.962728
0.976461
0.992938
1.01173
1.03164
1.0509
1.06782
1.08145
1.09177
1.09954
1.10576
1.11127
1.11642
1.12103
1.1246
1.1266
1.12671
1.12499
1.12172
1.11715
1.11133
1.10424
1.09627
1.0885
1.08264
1.08012
1.0811
1.08428
1.0875
1.08872
1.08658
1.0807
1.07172
1.06109
1.05072
1.04249
1.03786
1.03779
1.04284
1.05313
1.06821
1.08678
1.10668
1.12529
1.14023
1.14992
1.15385
1.15225
1.14579
1.13516
1.12089
1.10346
1.08385
1.06405
1.04729
1.03734
1.03689
1.04614
1.06238
1.08114
1.09793
1.10972
1.11548
1.11582
1.11224
1.10625
1.09878
1.09013
1.08049
1.07034
1.0605
1.05199
1.04568
1.04203
1.04077
1.04101
1.0419
1.04342
1.04639
1.05185
1.06001
1.06998
1.08009
1.08858
1.09383
1.09454
1.08984
1.07952
1.06413
1.04474
1.02279
0.999915
0.977995
0.959236
0.946113
0.940971
0.945199
0.958349
0.977973
1.00045
1.02234
1.04131
1.05625
1.06698
1.07364
1.07645
1.0758
1.07265
1.06865
1.06544
1.06401
1.06484
1.06861
1.07611
1.0872
1.10033
1.11337
1.12479
1.13395
1.14071
1.14497
1.14664
1.14571
1.14253
1.13782
1.13265
1.1282
1.12544
1.12483
1.1263
1.12933
1.13325
1.1374
1.14143
1.14529
1.14931
1.15401
1.15979
1.16656
1.17352
1.17928
1.18218
1.18082
1.17457
1.16384
1.14999
1.13503
1.12099
1.10941
1.10082
1.09477
1.09012
1.08561
1.08042
1.07442
1.06802
1.06166
1.05538
1.04875
1.04155
1.03436
1.02856
1.0255
1.02562
1.02825
1.03232
1.03709
1.04228
1.04781
1.05326
1.05758
1.05925
1.05701
1.05042
1.04015
1.02773
1.01508
1.00389
0.995003
0.987992
0.981358
0.97351
0.963823
0.953098
0.943098
0.935664
0.932133
0.933325
0.939777
0.951611
0.967963
0.986696
1.00505
1.02066
1.03235
1.04018
1.04501
1.04794
1.04989
1.05142
1.05274
1.0538
1.05443
1.05456
1.0542
1.05364
1.0535
1.0547
1.05836
1.0655
1.07673
1.09188
1.10979
1.12845
1.14548
1.15883
1.16743
1.17144
1.17211
1.17111
1.16965
1.16807
1.16606
1.16315
1.15921
1.15445
1.14934
1.14441
1.14007
1.13656
1.13386
1.13177
1.1299
1.12776
1.12488
1.12083
1.11538
1.1088
1.10206
1.09644
1.0926
1.08999
1.08756
1.08478
1.08203
1.08019
1.08
1.08166
1.08486
1.08914
1.09385
1.09811
1.10085
1.10138
1.10004
1.09837
1.09837
1.10149
1.10807
1.11739
1.12811
1.13867
1.14766
1.15393
1.15665
1.15529
1.14971
1.14025
1.12791
1.11421
1.10074
1.08856
1.07794
1.06849
1.05979
1.05181
1.04505
1.04033
1.03823
1.03857
1.04026
1.04171
1.04155
1.03932
1.03582
1.03277
1.03203
1.03457
1.03982
1.04603
1.05125
1.0542
1.05466
1.05345
1.05212
1.05235
1.05539
1.06158
1.07029
1.08015
1.08949
1.0968
1.10126
1.10292
1.10276
1.10223
1.10278
1.10526
1.10956
1.11467
1.11898
1.12098
1.11968
1.11495
1.10746
1.09838
1.08889
1.07986
1.0717
1.06463
1.05887
1.05474
1.05244
1.05176
1.05209
1.05262
1.05287
1.05283
1.05277
1.05268
1.05192
1.04944
1.04449
1.03749
1.03045
1.02661
1.02876
1.03733
1.05012
1.06389
1.07621
1.08605
1.09342
1.09872
1.10221
1.10376
1.10275
1.09853
1.09103
1.08112
1.0898
1.08053
1.07452
1.07281
1.07543
1.08133
1.08859
1.09473
1.09726
1.09409
1.08394
1.06685
1.04465
1.02144
1.00313
0.995808
1.00304
1.02396
1.05368
1.08559
1.1135
1.13292
1.14159
1.1397
1.13006
1.11783
1.10907
1.10812
1.11585
1.13034
1.14876
1.16856
1.18769
1.20421
1.21614
1.22152
1.21862
1.20629
1.18441
1.15425
1.11882
1.08268
1.05122
1.02933
1.02002
1.02338
1.03636
1.05373
1.06984
1.08027
1.08279
1.07745
1.06627
1.05235
1.03907
1.02923
1.02445
1.02508
1.03041
1.03921
1.05017
1.06217
1.07423
1.08567
1.0962
1.10588
1.11484
1.12298
1.12975
1.13441
1.13651
1.13616
1.13391
1.1304
1.12601
1.12085
1.11499
1.10869
1.10252
1.09736
1.09417
1.09349
1.09513
1.09832
1.10215
1.10596
1.10941
1.11252
1.11559
1.11918
1.12399
1.13058
1.13907
1.14897
1.15933
1.16892
1.17632
1.18014
1.1792
1.17288
1.16152
1.14658
1.13054
1.1163
1.10643
1.10248
1.10474
1.11236
1.12382
1.13746
1.15195
1.16644
1.18035
1.19304
1.20365
1.2113
1.21545
1.21604
1.2135
1.20849
1.20164
1.19324
1.1833
1.17188
1.15956
1.1475
1.13711
1.12947
1.12483
1.1225
1.12116
1.11944
1.11645
1.1118
1.10536
1.09676
1.08538
1.07067
1.05272
1.03251
1.01155
0.991259
0.972832
0.95776
0.948333
0.947173
0.955721
0.972773
0.994466
1.01575
1.03227
1.0415
1.04293
1.03779
1.02855
1.01854
1.01135
1.00996
1.01575
1.02827
1.04577
1.06606
1.08705
1.10689
1.12421
1.13814
1.14829
1.15459
1.15716
1.15618
1.15177
1.14384
1.13235
1.11767
1.10093
1.08407
1.06926
1.05821
1.05161
1.04907
1.04955
1.05185
1.05515
1.05927
1.06453
1.07104
1.07799
1.08374
1.08671
1.08642
1.08368
1.07996
1.07648
1.07363
1.07103
1.06808
1.06464
1.06131
1.05922
1.05939
1.0621
1.06667
1.07185
1.07639
1.07934
1.08011
1.07847
1.07482
1.0703
1.06659
1.06538
1.06798
1.07519
1.08731
1.10399
1.12401
1.1455
1.16645
1.18515
1.20021
1.21031
1.21424
1.21104
1.20036
1.18272
1.1597
1.13393
1.10874
1.08751
1.07267
1.06495
1.06332
1.06583
1.07047
1.07568
1.08022
1.08278
1.08188
1.07625
1.06544
1.05028
1.03304
1.01693
1.00483
0.998164
0.996445
0.998079
1.00169
1.00704
1.01511
1.02741
1.04497
1.06748
1.09306
1.11874
1.14155
1.1596
1.17242
1.18066
1.18548
1.18798
1.18891
1.18865
1.18736
1.18522
1.18237
1.17887
1.1745
1.16873
1.16101
1.15106
1.13926
1.12688
1.11574
1.10751
1.10305
1.10232
1.10462
1.10905
1.1147
1.12078
1.12663
1.13177
1.13576
1.13811
1.13829
1.13599
1.13142
1.1252
1.11787
1.10916
1.0981
1.08406
1.06785
1.0515
1.03709
1.02602
1.0191
1.01674
1.01881
1.02464
1.0331
1.04306
1.05359
1.06404
1.07413
1.08396
1.09387
1.10407
1.11408
1.12255
1.12753
1.12703
1.11962
1.1048
1.08324
1.05674
1.02822
1.00154
0.980968
0.970231
0.971367
0.984026
1.00579
1.03333
1.0633
1.09296
1.12022
1.14342
1.16083
1.17045
1.1702
1.15862
1.13572
1.10404
1.06907
1.03811
1.01703
1.00732
1.00664
1.01159
1.01947
1.02837
1.03683
1.04379
1.04865
1.05137
1.05261
1.05383
1.05696
1.06376
1.07507
1.09046
1.10841
1.12691
1.14402
1.15837
1.16928
1.17666
1.1806
1.18115
1.17827
1.17199
1.16255
1.15038
1.13585
1.11907
1.1
1.07863
1.05538
1.0313
1.008
0.987525
0.972075
0.963589
0.963309
0.971478
0.987229
1.00875
1.03369
1.05959
1.08416
1.10538
1.12155
1.13137
1.1344
1.13142
1.12443
1.11591
1.10784
1.10107
1.09526
1.08956
1.08319
1.0757
1.06711
1.05787
1.04879
1.04085
1.03498
1.03181
1.0316
1.03446
1.04056
1.05016
1.06326
1.0792
1.09651
1.1133
1.128
1.13973
1.14823
1.15322
1.15431
1.15122
1.14429
1.13463
1.12373
1.1129
1.10298
1.09461
1.08861
1.08574
1.0861
1.08867
1.0915
1.09245
1.09011
1.08416
1.07533
1.0649
1.05416
1.04415
1.03562
1.02962
1.02804
1.03336
1.04711
1.06824
1.0934
1.11869
1.14095
1.15794
1.16819
1.17089
1.16595
1.15411
1.13702
1.11709
1.09736
1.08093
1.07024
1.06624
1.06793
1.07268
1.07717
1.07851
1.07483
1.06568
1.05193
1.03568
1.01996
1.0081
1.0028
1.00509
1.01393
1.02692
1.04155
1.05592
1.06875
1.07898
1.08579
1.08897
1.08887
1.08603
1.08101
1.07441
1.06713
1.06027
1.05489
1.05149
1.04998
1.0497
1.04984
1.04983
1.04945
1.04848
1.04633
1.04222
1.0359
1.02804
1.02016
1.014
1.01107
1.01221
1.01746
1.02601
1.03637
1.04668
1.05518