1.64875
1.64437
1.63663
1.62513
1.60933
1.58853
1.56188
1.52836
1.48694
1.43669
1.377
1.30792
1.23039
1.14661
1.06008
0.975285
0.897142
0.830067
0.777267
0.740292
0.718983
0.711671
0.715667
0.727752
0.744714
0.763753
0.782739
0.800267
0.815654
0.828797
0.839969
0.849554
0.857863
0.865048
0.871052
0.875691
0.878833
0.880536
0.881094
0.881
0.88085
0.881187
0.882392
0.884697
0.888142
0.892538
0.897495
0.902429
0.906745
0.909948
0.911749
0.912181
0.911555
0.910362
0.909162
0.908418
0.908449
0.909436
0.911415
0.914273
0.91774
0.921372
0.924553
0.926667
0.927194
0.925841
0.922681
0.91819
0.913203
0.90867
0.905274
0.903063
0.901415
0.899361
0.896075
0.891283
0.885301
0.878931
0.873243
0.869341
0.868184
0.870412
0.876205
0.885229
0.896761
0.909863
0.923572
0.937031
0.94954
0.960548
0.969644
0.976476
0.980761
0.982346
0.981186
0.977386
0.971159
0.962784
0.952512
0.940581
0.927186
0.912607
0.897268
0.881776
0.866903
0.853461
0.842133
0.833333
0.827128
0.823332
0.821628
0.821806
0.823823
0.827871
0.83425
0.843229
0.854867
0.868883
0.884696
0.901491
0.918331
0.934241
0.948262
0.959492
0.967152
0.970738
0.970099
0.965395
0.957115
0.945981
0.932844
0.918606
0.904085
0.889971
0.876813
0.865069
0.855154
0.84753
0.842686
0.841208
0.843631
0.850268
0.860978
0.875041
0.891263
0.908198
0.924453
0.938855
0.950537
0.95895
0.963822
0.965114
0.963022
0.95792
0.950325
0.940846
0.930068
0.918492
0.906478
0.894297
0.882228
0.870728
0.8605
0.852471
0.847566
0.846404
0.849023
0.854809
0.862645
0.871215
0.879248
0.885729
0.889911
0.891309
0.889684
0.884992
0.87743
0.867455
0.855792
0.843491
0.831901
0.82253
0.816835
0.815925
0.820259
0.829483
0.84251
0.857753
0.873465
0.888
0.900048
0.908709
0.913524
0.914433
0.91177
0.906151
0.898406
0.889509
0.880453
0.872175
0.865434
0.860783
0.858513
0.858649
0.861005
0.865203
0.870744
0.877035
0.883414
0.889188
0.893715
0.896432
0.896937
0.895032
0.890768
0.884475
0.876778
0.868546
0.860804
0.854511
0.8503
0.848356
0.84844
0.850024
0.852495
0.855299
0.858009
0.860392
0.862376
0.863983
0.865258
0.866245
0.86696
0.867327
0.867218
0.866478
0.864949
0.862522
0.85922
0.855255
0.851161
0.847731
0.845894
0.846445
0.849813
0.856012
0.864658
0.875126
0.886669
0.898471
0.909747
0.919736
0.927759
0.933271
0.935946
0.935654
0.932487
0.926751
0.918915
0.909531
0.899222
0.888619
0.87833
0.868897
0.860724
0.854083
0.849055
0.845519
0.843233
0.841855
0.841068
0.840651
0.840507
0.840656
0.841216
0.842375
0.844239
0.84682
0.849917
0.853186
0.856167
0.858343
0.859289
0.858781
0.85684
0.853788
0.850192
0.846785
0.844227
0.842921
0.842867
0.843656
0.844671
0.845272
0.845107
0.844205
0.842919
0.841808
0.841403
0.84198
0.84344
0.845363
0.847082
0.847995
0.847782
0.846548
0.844772
0.843029
0.84162
0.840363
0.838729
0.836248
0.832774
0.828586
0.824225
0.820238
0.817002
0.814686
0.813311
0.812924
0.813661
0.815729
0.819252
0.824166
0.830063
0.8363
0.84216
0.847042
0.850519
0.852386
0.85255
0.850993
0.847679
0.84263
0.836032
0.828279
0.820013
0.812027
0.805115
0.799858
0.796515
0.795053
0.795299
0.797101
0.800404
0.805186
0.811347
0.818582
0.826444
0.83445
0.842213
0.849457
0.855978
0.861563
0.865879
0.868499
0.868975
0.86692
0.862083
0.854442
0.844234
0.831948
0.818409
0.804726
0.792213
0.782216
0.77585
0.773767
0.776018
0.782097
0.791192
0.802443
0.814986
0.827933
0.840347
0.851328
0.86012
0.866242
0.869554
0.870188
0.868479
0.864908
0.860014
0.854374
0.848598
0.843271
0.838901
0.835874
0.834369
0.83444
0.836097
0.83936
0.844237
0.850608
0.858084
0.86601
0.873586
0.880066
0.884884
0.887747
0.888655
0.887855
0.885784
0.882959
0.879816
0.876608
0.873365
0.869941
0.866163
0.86196
0.85741
0.852702
0.848057
0.843715
0.839946
0.837033
0.835241
0.834702
0.835377
0.837002
0.839216
0.841672
0.844122
0.846441
0.848583
0.850513
0.852176
0.853527
0.854537
0.855241
0.85579
0.856431
0.857451
0.859121
0.861641
0.865074
0.869226
0.873769
0.878239
0.882104
0.884889
0.886143
0.885498
0.882742
0.877845
0.871038
0.862817
0.853927
0.845289
0.837899
0.832612
0.830033
0.830387
0.833544
0.839129
0.846588
0.855357
0.864904
0.874774
0.884563
0.893891
0.902398
0.909753
0.915679
0.919971
0.922515
0.923335
0.922552
0.920375
0.917037
0.912751
0.907656
0.901837
0.89537
0.888358
0.881014
0.873667
0.866722
0.860635
0.855787
0.852404
0.8505
0.849847
0.850072
0.850776
0.851594
0.852319
0.852887
0.853391
0.853989
0.854917
0.85642
0.858706
0.86192
0.86609
0.871069
0.876558
0.882151
0.887396
0.891887
0.895288
0.897388
0.898099
0.897386
0.895279
0.891831
0.887068
0.881001
0.873633
0.864985
0.855108
0.844131
0.832292
0.820006
0.807914
0.796787
0.787445
0.780542
0.77635
0.774684
0.774962
0.776501
0.778789
0.781633
0.785099
0.789363
0.794618
0.801031
0.808749
0.817934
0.828649
0.840744
0.853852
0.867404
0.880749
0.893291
0.904564
0.914253
0.922111
0.927835
0.931045
0.93137
0.928658
0.923114
0.915358
0.906299
0.896967
0.888276
0.880919
0.875294
0.871503
0.869411
0.868676
0.868928
0.869808
0.871036
0.872396
0.873721
0.874822
0.875399
0.875048
0.873289
0.869657
0.863875
0.856015
0.846649
0.836828
0.827932
0.821358
0.818109
0.818522
0.822248
0.828457
0.836133
0.844341
0.852363
0.859679
0.865927
0.870835
0.874183
0.87584
0.875758
0.874047
0.871011
0.867139
0.863036
0.859276
0.856254
0.85409
0.852587
0.851375
0.850079
0.848498
0.84672
0.845129
0.84435
0.84508
0.84785
0.852871
0.859924
0.868288
0.876892
0.884489
0.889941
0.892383
0.891461
0.887393
0.88088
0.872944
0.864695
0.857057
0.850681
0.845957
0.843116
0.842356
0.843806
0.847445
0.853008
0.859964
0.867564
0.875003
0.881606
0.886981
0.891061
0.894044
0.896273
0.898111
0.899845
0.90171
0.903849
0.906341
0.909233
0.912504
0.916031
0.919571
0.922768
0.925176
0.926299
0.925661
0.922912
0.917857
0.910511
0.901125
0.890134
0.878095
0.865662
0.853548
0.842519
0.833333
0.826613
0.822763
0.821869
0.823638
0.827474
0.832585
0.838122
0.843276
0.847342
0.849761
0.850141
0.848265
0.844079
0.837753
0.82971
0.820653
0.811481
0.80314
0.796394
0.791614
0.788659
0.786997
0.785934
0.784894
0.78354
0.781869
0.780157
0.778893
0.778611
0.779786
0.782729
0.787566
0.794218
0.80241
0.811656
0.821184
0.830032
0.837197
0.841872
0.843596
0.842321
0.838386
0.832401
0.825117
0.817327
0.809799
0.803207
0.798129
0.795006
0.794163
0.795768
0.79978
0.805923
0.813743
0.822621
0.831865
0.840784
0.848742
0.855173
0.859687
0.862098
0.862477
0.861116
0.858488
0.855131
0.851506
0.847877
0.844261
0.840447
0.836179
0.831256
0.825692
0.819764
0.814049
0.809287
0.806315
0.805814
0.808241
0.813705
0.821934
0.832287
0.84385
0.855513
0.86612
0.87463
0.880181
0.882202
0.88039
0.874722
0.865363
0.85263
0.837011
0.81917
0.799948
0.780427
0.761904
0.745721
0.733137
0.725222
0.722755
0.726152
0.735289
0.749359
0.76688
0.785999
0.804829
0.821783
0.83571
0.845952
0.852328
0.855059
0.854678
0.851916
0.847553
0.842342
0.836966
0.832042
0.828114
0.825677
0.825202
0.827044
0.831398
0.83822
0.847207
0.857832
0.86936
0.880951
0.891729
0.900865
0.907677
0.911665
0.912608
0.91058
0.906028
0.899704
0.892621
0.885891
0.880445
0.876816
0.875029
0.874687
0.875212
0.87607
0.876953
0.877782
0.878625
0.879531
0.880437
0.881107
0.881149
0.880148
0.877806
0.874125
0.86942
0.864268
0.8594
0.855583
0.85353
0.853815
0.856742
0.862273
0.870012
0.879309
0.889354
0.899321
0.908431
0.915962
0.921237
0.923695
0.922928
0.91874
0.911225
0.900774
0.888105
0.874153
0.859991
0.846679
0.835114
0.825914
0.819304
0.815125
0.812878
0.811863
0.811284
0.810477
0.809046
0.806963
0.804553
0.802274
0.800469
0.799211
0.798325
0.797547
0.796667
0.795514
0.793962
0.791929
0.78944
0.786657
0.783887
0.781515
0.779919
0.779378
0.780056
0.782013
0.785244
0.789673
0.795153
0.801449
0.808173
0.814762
0.820512
0.824645
0.82651
0.825765
0.82254
0.817529
0.811923
0.807144
0.804437
0.80453
0.807573
0.813222
0.820825
0.82961
0.838778
0.847526
0.855082
0.860713
0.863765
0.863754
0.860397
0.853662
0.843756
0.831108
0.816334
0.800223
0.783666
0.767577
0.752799
0.740003
0.729596
0.721704
0.716217
0.712849
0.711209
0.71091
0.711628
0.713187
0.715594
0.719048
0.723768
0.729892
0.737346
0.745796
0.75476
0.763719
0.772186
0.779818
0.786426
0.792004
0.796721
0.800829
0.804553
0.80802
0.811235
0.814075
0.816385
0.818056
0.819121
0.819757
0.82024
0.820838
0.821667
0.822621
0.823334
0.823306
0.822082
0.819392
0.815243
0.809965
0.804111
0.79836
0.793387
0.78975
0.787801
0.787673
0.789319
0.792514
0.796936
0.802221
0.807982
0.813887
0.819658
0.825072
0.829988
0.834319
0.83803
0.841141
0.84368
0.845603
0.846799
0.84704
0.846014
0.843393
0.838972
0.832721
0.824849
0.815807
0.806227
0.796818
0.788232
0.78096
0.775224
0.770955
0.767826
0.765311
0.762803
0.759759
0.755881
0.751314
0.746705
0.74309
0.741533
0.742553
0.745779
0.750064
0.753969
0.756264
0.756243
0.753855
0.749736
0.745186
0.742014
0.742007
0.746295
0.754912
0.766875
0.780709
0.794994
0.808695
0.821159
0.832022
0.84103
0.847966
0.852602
0.854713
0.854135
0.850849
0.845011
0.837013
