-6.3635
-6.35912
-6.35138
-6.33988
-6.32302
-6.29966
-6.27013
-6.23374
-6.19036
-6.13844
-6.0768
-6.0053
-5.92746
-5.84384
-5.75579
-5.6716
-5.5936
-5.52804
-5.47554
-5.43917
-5.41786
-5.41146
-5.41561
-5.42799
-5.44526
-5.464
-5.48344
-5.50142
-5.51696
-5.5304
-5.54112
-5.55131
-5.55962
-5.56695
-5.57266
-5.5779
-5.58164
-5.5832
-5.58375
-5.58336
-5.58185
-5.58203
-5.58294
-5.58539
-5.58869
-5.59399
-5.5994
-5.60479
-5.6082
-5.61231
-5.6135
-5.61439
-5.61421
-5.61287
-5.61122
-5.61108
-5.61126
-5.61209
-5.61438
-5.61678
-5.61995
-5.62312
-5.62585
-5.62827
-5.62955
-5.62835
-5.62534
-5.6213
-5.61586
-5.61088
-5.60657
-5.60497
-5.60362
-5.60187
-5.59904
-5.59379
-5.58736
-5.57993
-5.57469
-5.57139
-5.56948
-5.57156
-5.5775
-5.58713
-5.59927
-5.61328
-5.62638
-5.63999
-5.65341
-5.66457
-5.67381
-5.6808
-5.68508
-5.68667
-5.68536
-5.68171
-5.67578
-5.66831
-5.65789
-5.64566
-5.63226
-5.61844
-5.60295
-5.58761
-5.57319
-5.55944
-5.54796
-5.53901
-5.53296
-5.52901
-5.52761
-5.52824
-5.53041
-5.53461
-5.54099
-5.54936
-5.5613
-5.57456
-5.58962
-5.60642
-5.62401
-5.64053
-5.65425
-5.66593
-5.67314
-5.67703
-5.67699
-5.67259
-5.66386
-5.65303
-5.64034
-5.6261
-5.61204
-5.59792
-5.58476
-5.57257
-5.56144
-5.55367
-5.54912
-5.5481
-5.55082
-5.55746
-5.56817
-5.58254
-5.59785
-5.61434
-5.6315
-5.6462
-5.65758
-5.66554
-5.66981
-5.6711
-5.66916
-5.66497
-5.65737
-5.64789
-5.63711
-5.62523
-5.61352
-5.60104
-5.58852
-5.57732
-5.56664
-5.55846
-5.5534
-5.55209
-5.55486
-5.56004
-5.56742
-5.57629
-5.58372
-5.59021
-5.59484
-5.59579
-5.59386
-5.58917
-5.58145
-5.57117
-5.55936
-5.5463
-5.53577
-5.52594
-5.52085
-5.52009
-5.52443
-5.53396
-5.54683
-5.56162
-5.57582
-5.59127
-5.60286
-5.61137
-5.61619
-5.61755
-5.61594
-5.61032
-5.60258
-5.59308
-5.58402
-5.57529
-5.5684
-5.56329
-5.56102
-5.56101
-5.56321
-5.56756
-5.57325
-5.57985
-5.58683
-5.59245
-5.59683
-5.59925
-5.5996
-5.59739
-5.59343
-5.58744
-5.57929
-5.57091
-5.56316
-5.55642
-5.55175
-5.54951
-5.55065
-5.55118
-5.5538
-5.55675
-5.55901
-5.562
-5.56368
-5.56483
-5.56611
-5.56634
-5.56751
-5.56833
-5.56807
-5.56748
-5.5658
-5.56367
-5.56113
-5.55777
-5.55352
-5.54979
-5.54735
-5.54744
-5.55081
-5.55686
-5.56566
-5.57628
-5.58752
-5.59962
-5.6109
-5.62119
-5.62952
-5.63548
-5.63801
-5.63741
-5.63409
-5.6276
-5.61992
-5.61099
-5.60037
-5.58977
-5.58039
-5.57035
-5.56263
-5.55554
-5.55036
-5.54727
-5.54499
-5.54285
-5.54192
-5.5418
-5.54196
-5.54256
-5.54343
-5.54534
-5.54645
-5.54903
-5.55183
-5.55615
-5.55898
-5.56176
-5.56301
-5.56129
-5.5592
-5.55751
-5.55361
-5.5499
-5.54825
-5.548
-5.54795
-5.54798
-5.54824
-5.54899
-5.54792
-5.54626
-5.54498
-5.54492
-5.54407
-5.54464
-5.5461
-5.54818
-5.5502
-5.55217
-5.55241
-5.55148
-5.54849
-5.54675
-5.54534
-5.54469
-5.54305
-5.54027
-5.53725
-5.53306
-5.5287
-5.52502
-5.52208
-5.51977
-5.51779
-5.51755
-5.51693
-5.51884
-5.52191
-5.52728
-5.53348
-5.53972
-5.54588
-5.55122
-5.55424
-5.55611
-5.55687
-5.55517
-5.5511
-5.5465
-5.54005
-5.53215
-5.52358
-5.51499
-5.50853
-5.50267
-5.49948
-5.49817
-5.49781
-5.49976
-5.50292
-5.50724
-5.51371
-5.52185
-5.52926
-5.53696
-5.54518
-5.55167
-5.55789
-5.56468
-5.56854
-5.57116
-5.57179
-5.57019
-5.56535
-5.55786
-5.5475
-5.53446
-5.52047
-5.50618
-5.49351
-5.48367
-5.4773
-5.47492
-5.47656
-5.48325
-5.4928
-5.5039
-5.51659
-5.52939
-5.54256
-5.55339
-5.56309
-5.56921
-5.57222
-5.5721
-5.57129
-5.56848
-5.56328
-5.55764
-5.55232
-5.54624
-5.54156
-5.53763
-5.53718
-5.53725
-5.53891
-5.54187
-5.54645
-5.55327
-5.56135
-5.56898
-5.57731
-5.58394
-5.58861
-5.59132
-5.59283
-5.59173
-5.59071
-5.58804
-5.5855
-5.58169
-5.57829
-5.57442
-5.57124
-5.56689
-5.56294
-5.55793
-5.55404
-5.55015
-5.54563
-5.54302
-5.54077
-5.54023
-5.54076
-5.54269
-5.54445
-5.54675
-5.55026
-5.55137
-5.55366
-5.55635
-5.55771
-5.55921
-5.56067
-5.56183
-5.56208
-5.56227
-5.56314
-5.5645
-5.56717
-5.5694
-5.57325
-5.57764
-5.58166
-5.58552
-5.5874
-5.58896
-5.58801
-5.58556
-5.58051
-5.57325
-5.56487
-5.55614
-5.54674
-5.53935
-5.53331
-5.53133
-5.53199
-5.5353
-5.54013
-5.54683
-5.55666
-5.5659
-5.57592
-5.58511
-5.59414
-5.60325
-5.61045
-5.61743
-5.62188
-5.62457
-5.62645
-5.62672
-5.625
-5.62091
-5.61692
-5.61213
-5.60646
-5.59985
-5.59253
-5.58549
-5.57799
-5.57135
-5.56602
-5.56102
-5.55748
-5.55603
-5.55538
-5.555
-5.55555
-5.55622
-5.55664
-5.55676
-5.55711
-5.55786
-5.55939
-5.56059
-5.56303
-5.5667
-5.57026
-5.57509
-5.58043
-5.58587
-5.59081
-5.59606
-5.59886
-5.5999
-5.60016
-5.59914
-5.59719
-5.59374
-5.58822
-5.58231
-5.57464
-5.56689
-5.55823
-5.54725
-5.53571
-5.52312
-5.51073
-5.499
-5.48996
-5.48305
-5.47871
-5.47644
-5.47717
-5.47796
-5.48085
-5.48324
-5.4864
-5.49067
-5.49668
-5.50324
-5.51096
-5.52014
-5.53086
-5.54311
-5.55621
-5.57007
-5.58402
-5.59716
-5.60844
-5.61918
-5.62734
-5.63231
-5.63477
-5.63464
-5.63178
-5.62638
-5.61742
-5.60866
-5.59902
-5.59048
-5.58434
-5.57826
-5.57416
-5.57177
-5.57164
-5.5728
-5.57398
-5.57506
-5.57702
-5.5782
-5.57945
-5.57972
-5.57967
-5.57776
-5.57383
-5.56699
-5.55913
-5.55022
-5.54115
-5.5324
-5.52583
-5.52213
-5.52224
-5.52506
-5.53066
-5.53819
-5.54579
-5.55457
-5.56234
-5.56813
-5.57395
-5.5776
-5.5782
-5.57812
-5.57656
-5.57307
-5.56859
-5.56509
-5.56148
-5.55876
-5.5566
-5.55449
-5.55343
-5.55259
-5.55101
-5.54953
-5.54779
-5.54716
-5.54759
-5.55006
-5.55493
-5.56334
-5.5714
-5.57986
-5.587
-5.59381
-5.59671
-5.59579
-5.59232
-5.58611
-5.57863
-5.57083
-5.56395
-5.55878
-5.5536
-5.55091
-5.54985
-5.55145
-5.55494
-5.56005
-5.56685
-5.57461
-5.58189
-5.5885
-5.59402
-5.59841
-5.60245
-5.60407
-5.60576
-5.60764
-5.60905
-5.61165
-5.61399
-5.61643
-5.61909
-5.62277
-5.62707
-5.6292
-5.63116
-5.63153
-5.63074
-5.62708
-5.62218
-5.61453
-5.6062
-5.59521
-5.58196
-5.56893
-5.55606
-5.54442
-5.53524
-5.52867
-5.52482
-5.52423
-5.5266
-5.53044
-5.5363
-5.54139
-5.54745
-5.55167
-5.55378
-5.55356
-5.55093
-5.54644
-5.54026
-5.53177
-5.52241
-5.51263
-5.50399
-5.4986
-5.49261
-5.4883
-5.48618
-5.48482
-5.48453
-5.48333
-5.48166
-5.47965
-5.47747
-5.47719
-5.47867
-5.48101
-5.486
-5.49219
-5.50114
-5.51054
-5.52007
-5.52861
-5.53503
-5.54
-5.54097
-5.53954
-5.5347
-5.52917
-5.52143
-5.51379
-5.50657
-5.50013
-5.4961
-5.49328
-5.49184
-5.49404
-5.4976
-5.50435
-5.51187
-5.5206
-5.5303
-5.54012
-5.54778
-5.55451
-5.55887
-5.56113
-5.56227
-5.56045
-5.55843
-5.55553
-5.55175
-5.54782
-5.5445
-5.53993
-5.53567
-5.53074
-5.52563
-5.51895
-5.51263
-5.50787
-5.5061
-5.50515
-5.50833
-5.51334
-5.52157
-5.53253
-5.54364
-5.555
-5.56561
-5.57427
-5.57952
-5.58184
-5.58048
-5.57512
-5.56621
-5.55242
-5.53695
-5.51926
-5.50034
-5.48112
-5.462
-5.44611
-5.43474
-5.42667
-5.42451
-5.42806
-5.43704
-5.45081
-5.46833
-5.48806
-5.50704
-5.52248
-5.53717
-5.54741
-5.55469
-5.55772
-5.55825
-5.55579
-5.55112
-5.54576
-5.53963
-5.5344
-5.53077
-5.52819
-5.52711
-5.53001
-5.53421
-5.54179
-5.55077
-5.56155
-5.57247
-5.58452
-5.59515
-5.6061
-5.61291
-5.61644
-5.61723
-5.6149
-5.6102
-5.60388
-5.5977
-5.59097
-5.58537
-5.58189
-5.5795
-5.5784
-5.57969
-5.58039
-5.58067
-5.5809
-5.58083
-5.58174
-5.58264
-5.58347
-5.58336
-5.58251
-5.57986
-5.57527
-5.57012
-5.56451
-5.56025
-5.55673
-5.55483
-5.55466
-5.55789
-5.56297
-5.57101
-5.58061
-5.59081
-5.60138
-5.61049
-5.61756
-5.62254
-5.62469
-5.62423
-5.61959
-5.61162
-5.60117
-5.5885
-5.57455
-5.56099
-5.54768
-5.53566
-5.52661
-5.51955
-5.51552
-5.51312
-5.51211
-5.51092
-5.50997
-5.50853
-5.50615
-5.50359
-5.50146
-5.4995
-5.49719
-5.4966
-5.49583
-5.49495
-5.49455
-5.493
-5.49006
-5.48817
-5.48539
-5.48307
-5.4807
-5.47941
-5.47932
-5.4803
-5.48241
-5.48639
-5.49082
-5.4966
-5.50184
-5.50872
-5.51531
-5.52076
-5.52519
-5.52645
-5.52541
-5.52278
-5.51732
-5.51126
-5.50708
-5.50483
-5.50477
-5.50751
-5.51362
-5.52077
-5.53
-5.53887
-5.54747
-5.55427
-5.55975
-5.56295
-5.56309
-5.56034
-5.5536
-5.5443
-5.53105
-5.51643
-5.50077
-5.48406
-5.46752
-5.45153
-5.43873
-5.42848
-5.42058
-5.41495
-5.41158
-5.40933
-5.40904
-5.40975
-5.41162
-5.41448
-5.41793
-5.42295
-5.42938
-5.43698
-5.44619
-5.45546
-5.46472
-5.47379
-5.48142
-5.48803
-5.49315
-5.49772
-5.50213
-5.50615
-5.50992
-5.51314
-5.51628
-5.51784
-5.51981
-5.52072
-5.52227
-5.52199
-5.52184
-5.52312
-5.52392
-5.52509
-5.52476
-5.52338
-5.52115
-5.51685
-5.51142
-5.50496
-5.49921
-5.49363
-5.49045
-5.48774
-5.48746
-5.4885
-5.4917
-5.49597
-5.50186
-5.50807
-5.51368
-5.5199
-5.52471
-5.52978
-5.53472
-5.53843
-5.54184
-5.54498
-5.54721
-5.5484
-5.54774
-5.54626
-5.54349
-5.53891
-5.53236
-5.52419
-5.51484
-5.50526
-5.49585
-5.48817
-5.48045
-5.47577
-5.4718
-5.46882
-5.46495
-5.46305
-5.46046
-5.45703
-5.45186
-5.44801
-5.44469
-5.44344
-5.44446
-5.44753
-5.45303
-5.45678
-5.45863
-5.45876
-5.45622
-5.45149
-5.44709
-5.44392
-5.4424
-5.44684
-5.45576
-5.46773
-5.48156
-5.49554
-5.50864
-5.52095
-5.53182
-5.54007
-5.54791
-5.55225
-5.55451
-5.55257
-5.54808
-5.54239
-5.53409
