1.64875
1.64437
1.63663
1.62513
1.60933
1.58853
1.56188
1.52836
1.48694
1.43669
1.377
1.30792
1.23039
1.14661
1.06008
0.975285
0.897142
0.830067
0.777267
0.740292
0.718983
0.711671
0.715667
0.727752
0.744714
0.763753
0.782739
0.800267
0.815654
0.828797
0.839969
0.849554
0.857863
0.865048
0.871052
0.875691
0.878833
0.880536
0.881094
0.881
0.88085
0.881187
0.882392
0.884697
0.888142
0.892538
0.897495
0.902429
0.906745
0.909948
0.911749
0.912181
0.911555
0.910362
0.909162
0.908418
0.908449
0.909436
0.911415
0.914273
0.91774
0.921372
0.924553
0.926667
0.927194
0.925841
0.922681
0.91819
0.913203
0.90867
0.905274
0.903063
0.901415
0.899361
0.896075
0.891283
0.885301
0.878931
0.873243
0.869341
0.868184
0.870412
0.876205
0.885229
0.896761
0.909863
0.923572
0.937031
0.94954
0.960548
0.969644
0.976476
0.980761
0.982346
0.981186
0.977386
0.971159
0.962784
0.952512
0.940581
0.927186
0.912607
0.897268
0.881776
0.866903
0.853461
0.842133
0.833333
0.827128
0.823332
0.821628
0.821806
0.823823
0.827871
0.83425
0.843229
0.854867
0.868883
0.884696
0.901491
0.918331
0.934241
0.948262
0.959492
0.967152
0.970738
0.970099
0.965395
0.957115
0.945981
0.932844
0.918606
0.904085
0.889971
0.876813
0.865069
0.855154
0.84753
0.842686
0.841208
0.843631
0.850268
0.860978
0.875041
0.891263
0.908198
0.924453
0.938855
0.950537
0.95895
0.963822
0.965114
0.963022
0.95792
0.950325
0.940846
0.930068
0.918492
0.906478
0.894297
0.882228
0.870728
0.8605
0.852471
0.847566
0.846404
0.849023
0.854809
0.862645
0.871215
0.879248
0.885729
0.889911
0.891309
0.889684
0.884992
0.87743
0.867455
0.855792
0.843491
0.831901
0.82253
0.816835
0.815925
0.820259
0.829483
0.84251
0.857753
0.873465
0.888
0.900048
0.908709
0.913524
0.914433
0.91177
0.906151
0.898406
0.889509
0.880453
0.872175
0.865434
0.860783
0.858513
0.858649
0.861005
0.865203
0.870744
0.877035
0.883414
0.889188
0.893715
0.896432
0.896937
0.895032
0.890768
0.884475
0.876778
0.868546
0.860804
0.854511
0.8503
0.848356
0.84844
0.850024
0.852495
0.855299
0.858009
0.860392
0.862376
0.863983
0.865258
0.866245
0.86696
0.867327
0.867218
0.866478
0.864949
0.862522
0.85922
0.855255
0.851161
0.847731
0.845894
0.846445
0.849813
0.856012
0.864658
0.875126
0.886669
0.898471
0.909747
0.919736
0.927759
0.933271
0.935946
0.935654
0.932487
0.926751
0.918915
0.909531
0.899222
0.888619
0.87833
0.868897
0.860724
0.854083
0.849055
0.845519
0.843233
0.841855
0.841068
0.840651
0.840507
0.840656
0.841216
0.842375
0.844239
0.84682
0.849917
0.853186
0.856167
0.858343
0.859289
0.858781
0.85684
0.853788
0.850192
0.846785
0.844227
0.842921
0.842867
0.843656
0.844671
0.845272
0.845107
0.844205
0.842919
0.841808
0.841403
0.84198
0.84344
0.845363
0.847082
0.847995
0.847782
0.846548
0.844772
0.843029
0.84162
0.840363
0.838729
0.836248
0.832774
0.828586
0.824225
0.820238
0.817002
0.814686
0.813311
0.812924
0.813661
0.815729
0.819252
0.824166
0.830063
0.8363
0.84216
0.847042
0.850519
0.852386
0.85255
0.850993
0.847679
0.84263
0.836032
0.828279
0.820013
0.812027
0.805115
0.799858
0.796515
0.795053
0.795299
0.797101
0.800404
0.805186
0.811347
0.818582
0.826444
0.83445
0.842213
0.849457
0.855978
0.861563
0.865879
0.868499
0.868975
0.86692
0.862083
0.854442
0.844234
0.831948
0.818409
0.804726
0.792213
0.782216
0.77585
0.773767
0.776018
0.782097
0.791192
0.802443
0.814986
0.827933
0.840347
0.851328
0.86012
0.866242
0.869554
0.870188
0.868479
0.864908
0.860014
0.854374
0.848598
0.843271
0.838901
0.835874
0.834369
0.83444
0.836097
0.83936
0.844237
0.850608
0.858084
0.86601
0.873586
0.880066
0.884884
0.887747
0.888655
0.887855
0.885784
0.882959
0.879816
0.876608
0.873365
0.869941
0.866163
0.86196
0.85741
0.852702
0.848057
0.843715
0.839946
0.837033
0.835241
0.834702
0.835377
0.837002
0.839216
0.841672
0.844122
0.846441
0.848583
0.850513
0.852176
0.853527
0.854537
0.855241
0.85579
0.856431
0.857451
0.859121
0.861641
0.865074
0.869226
0.873769
0.878239
0.882104
0.884889
0.886143
0.885498
0.882742
0.877845
0.871038
0.862817
0.853927
0.845289
0.837899
0.832612
0.830033
0.830387
0.833544
0.839129
0.846588
0.855357
0.864904
0.874774
0.884563
0.893891
0.902398
0.909753
0.915679
0.919971
0.922515
0.923335
0.922552
0.920375
0.917037
0.912751
0.907656
0.901837
0.89537
0.888358
0.881014
0.873667
0.866722
0.860635
0.855787
0.852404
0.8505
0.849847
0.850072
0.850776
0.851594
0.852319
0.852887
0.853391
0.853989
0.854917
0.85642
0.858706
0.86192
0.86609
0.871069
0.876558
0.882151
0.887396
0.891887
1.65166
1.64592
1.63261
1.61213
1.58512
1.55233
1.51464
1.47297
1.42835
1.38189
1.33493
1.2893
1.24745
1.21237
1.18687
1.17248
1.16844
1.17164
1.17777
1.18299
1.18534
1.18518
1.18472
1.1869
1.19449
1.20922
1.23116
1.25878
1.28942
1.32013
1.34845
1.37289
1.39309
1.40952
1.42269
1.43249
1.43782
1.43713
1.42928
1.41428
1.39355
1.36963
1.3455
1.32379
1.30647
1.29481
1.2896
1.29126
1.29954
1.3133
1.33044
1.34839
1.3646
1.37709
1.38458
1.38647
1.38271
1.37384
1.36096
1.34561
1.32953
1.31439
1.30126
1.2904
1.28138
1.27361
1.26679
1.26093
1.2564
1.25374
1.25346
1.25599
1.26141
1.26925
1.27841
1.28732
1.29435
1.29825
1.29853
1.29544
1.28977
1.28279
1.27616
1.272
1.27226
1.27748
1.28585
1.29384
1.2983
1.29833
1.29592
1.29458
1.29726
1.30476
1.31574
1.32781
1.33887
1.34772
1.35394
1.35754
1.35841
1.35622
1.35057
1.34134
1.32898
1.31474
1.30038
1.28764
1.27741
1.2695
1.26308
1.25764
1.25362
1.25235
1.25529
1.26322
1.27573
1.29138
1.30809
1.3237
1.33619
1.34405
1.34676
1.34512
1.34112
1.33736
1.33609
1.33855
1.34474
1.35355
1.36337
1.37264
1.38021
1.38551
1.38842
1.38895
1.38687
1.38164
1.37267
1.35982
1.34377
1.32607
1.30864
1.29305
1.28007
1.26967
1.26141
1.25498
1.25041
1.2479
1.24769
1.2499
1.25453
1.26152
1.27062
1.28139
1.29318
1.30519
1.31673
1.3274
1.33721
1.34641
1.3552
1.36332
1.36971
1.37275
1.37082
1.36289
1.34889
1.32975
1.30703
1.28236
1.25719
1.23255
1.20927
1.1882
1.17053
1.15773
1.15119
1.15166
1.15874
1.17081
1.18557
1.20076
1.21468
1.22643
1.23573
1.24276
1.24781
1.25118
1.25321
1.25437
1.25537
1.25722
1.26085
1.26654
1.27351
1.2801
1.28451
1.28564
1.28344
1.2789
1.27357
1.26891
1.26578
1.2643
1.26401
1.26416
1.26417
1.2637
1.26277
1.26153
1.2602
1.25905
1.2586
1.25969
1.26326
1.27008
1.28032
1.2933
1.30747
1.32059
1.3302
1.33423
1.33154
1.32212
1.30696
1.28775
1.26644
1.24504
1.22562
1.21005
1.19979
1.1955
1.19679
1.20215
1.20948
1.21663
1.22207
1.22509
1.22599
1.22578
1.22582
1.22715
1.23014
1.23454
1.23979
1.24537
1.25103
1.25677
1.26278
1.26936
1.2771
1.28676
1.29917
1.31474
1.33298
1.35248
1.37122
1.38699
1.3979
1.40247
1.39997
1.39051
1.37524
1.35615
1.33559
1.31554
1.29716
1.28078
1.26633
1.25381
1.24352
1.23602
1.23178
1.23073
1.23187
1.23349
1.23373
1.23122
1.22558
1.2175
1.2085
1.20063
1.196
1.19626
1.20226
1.21371
1.22921
1.2465
1.2631
1.27696
1.28695
1.2931
1.2964
1.29826
1.29986
1.30165
1.30331
1.30403
1.30301
1.29982
1.29449
1.28749
1.27973
1.27237
1.26653
1.26302
1.26214
1.26363
1.26696
1.27147
1.27655
1.28165
1.28638
1.2908
1.29556
1.30183
1.3108
1.32296
1.33772
1.35335
1.36734
1.37703
1.38018
1.37555
1.36345
1.34593
1.32624
1.30753
1.2914
1.27742
1.26389
1.24934
1.23343
1.21729
1.20294
1.19246
1.18724
1.1877
1.19344
1.20331
1.2155
1.22765
1.23726
1.24234
1.24199
1.23686
1.22917
1.22228
1.21972
1.22401
1.23576
1.25341
1.27374
1.29304
1.30816
1.31722
1.31968
1.31611
1.30766
1.29574
1.28167
1.26654
1.25114
1.23617
1.22242
1.21097
1.20295
1.19917
1.19947
1.20257
1.20632
1.20847
1.20744
1.20281
1.19547
1.18746
1.18122
1.17856
1.17961
1.18265
1.18507
1.18483
1.18174
1.17753
1.17476
1.17528
1.17907
1.1845
1.18945
1.19242
1.19304
1.19187
1.18988
1.18783
1.18624
1.18581
1.1882
1.19588
1.211
1.23399
1.26301
1.29478
1.32594
1.354
1.37744
1.3955
1.40776
1.41394
1.41395
1.40803
1.39702
1.38265
1.36753
1.35459
1.34574
1.34117
1.33969
1.33991
1.34095
1.34255
1.34484
1.34806
1.35245
1.35802
1.36453
1.37137
1.37769
1.38252
1.38485
1.38379
1.37871
1.36934
1.35584
1.33888
1.31954
1.29923
1.27946
1.26162
1.24675
1.23527
1.22695
1.22116
1.21746
1.21619
1.21878
1.2274
1.24359
1.26711
1.29559
1.3256
1.35402
1.37888
1.39931
1.415
1.42579
1.43141
1.43149
1.42577
1.41407
1.39646
1.37349
1.34638
1.31713
1.28843
1.26331
1.24448
1.23361
1.23107
1.2365
1.2498
1.271
1.29873
1.32928
1.35776
1.38012
1.39445
1.40121
1.40245
1.4008
1.39827
1.39568
1.39264
1.38811
1.38108
1.37104
1.35805
1.34255
1.32508
1.30645
1.28785
1.2711
1.25834
1.25147
1.25131
1.25709
1.26662
1.27698
1.28541
1.65217
1.64464
1.62838
1.60634
1.58245
1.56066
1.54406
1.53417
1.53091
1.53303
1.53845
1.54477
1.5498
1.5521
1.55127
1.54776
1.54242
1.53591
1.52836
1.51942
1.50889
1.49731
1.48641
1.47896
1.47793
1.4853
1.50128
1.52419
1.55093
1.57795
1.60194
1.62024
1.63111
1.63378
1.62874
1.61775
1.60331
1.58761
1.57179
1.55617
1.54108
1.5272
1.51531
1.50605
1.49965
1.49617
1.49576
1.49869
1.50528
1.51559
1.5291
1.54474
1.56099
1.5762
1.58888
1.59795
1.60291
1.60381
1.6013
1.59643
1.59045
1.58432
1.57836
1.57227
1.56552
1.55771
1.54875
1.53876
1.52828
1.51837
1.51032
1.50488
1.50188
1.50058
1.5005
1.50221
1.50753
1.51863
1.5366
1.56056
1.58783
1.61465
1.63726
1.65278
1.65966
1.6577
1.64766
1.63088
1.60886
1.58317
1.55536
1.52697
1.49949
1.47428
1.45248
1.43488
1.42191
1.41354
1.40932
1.40857
1.41065
1.41519
1.42211
1.43156
1.44363
1.45823
1.47527
1.4948
1.51684
1.54088
1.56558
1.58872
1.6077
1.62032
1.62551
1.62359
1.61616
1.60524
1.59267
1.57974
1.56751
1.557
1.54892
1.54338
1.53967
1.53629
1.53162
1.52466
1.51599
1.50832
1.50587
1.51208
1.52726
1.54841
1.57111
1.59195
1.60972
1.62507
1.63928
1.65308
1.66604
1.67678
1.68369
1.68552
1.68183
1.67286
1.65912
1.64109
1.61925
1.59459
1.56894
1.5449
1.52495
1.51027
1.50023
1.49303
1.48657
1.47925
1.47025
1.45947
1.44693
1.43229
1.41532
1.39699
1.38007
1.36858
1.36612
1.37419
1.39162
1.41532
1.44182
1.46835
1.49313
1.51517
1.5339
1.54889
1.55973
1.56604
1.56742
1.56365
1.55484
1.54194
1.5268
1.51184
1.49945
1.49141
1.48861
1.49108
1.49806
1.50818
1.51968
1.53083
1.54035
1.54767
1.55284
1.55618
1.55792
1.55818
1.55736
1.55677
1.55887
1.56651
1.58137
1.60275
1.62775
1.65274
1.67473
1.69157
1.70163
1.70378
1.69748
1.68275
1.66013
1.63115
1.5987
1.56664
1.53793
1.51249
1.48701
1.45757
1.42297
1.38604
1.35243
1.3278
1.3152
1.31461
1.32406
1.34091
1.36235
1.38552
1.40768
1.42673
1.44159
1.45245
1.46051
1.46721
1.47351
1.47929
1.48333
1.48389
1.4797
1.47122
1.46157
1.4561
1.46026
1.47642
1.50204
1.53087
1.55652
1.57493
1.58464
1.58589
1.57965
1.56751
1.55167
1.53495
1.52038
1.5106
1.50703
1.50944
1.5161
1.52466
1.53309
1.54016
1.54549
1.54891
1.55009
1.54836
1.54303
1.53402
1.52222
1.50937
1.4974
1.48747
1.47938
1.47168
1.4625
1.4508
1.43711
1.42355
1.41296
1.40776
1.40911
1.41672
1.4293
1.4452
1.46293
1.4815
1.50027
1.5186
1.53548
1.54961
1.55959
1.5645
1.56418
1.55908
1.55018
1.53867
1.52576
1.51266
1.50055
1.4904
1.48284
1.47787
1.4746
1.47118
1.46486
1.45263
1.43295
1.40887
1.39018
1.38866
1.40738
1.43814
1.47105
1.50132
1.52811
1.5514
1.57039
1.58371
1.59002
1.5887
1.58025
1.56623
1.54899
1.53115
1.51498
1.50199
1.49271
1.48674
1.48296
1.47984
1.47576
1.46942
1.46007
1.44783
1.43364
1.41915
1.40622
1.39633
1.39015
1.38732
1.38694
1.38827
1.39134
1.39698
1.40597
1.41814
1.43183
1.44436
1.45317
1.45711
1.45706
1.45564
1.45586
1.45949
1.46608
1.47347
1.479
1.48105
1.47981
1.47743
1.47739
1.48307
1.49596
1.51483
1.5364
1.55694
1.57354
1.58439
1.58841
1.58516
1.57503
1.55959
1.54149
1.52387
1.5091
1.49804
1.4901
1.4841
1.47906
1.47449
1.47044
1.4673
1.46567
1.46612
1.4689
1.4738
1.48026
1.48766
1.49559
1.50403
1.51306
1.52249
1.53179
1.54002
1.5461
1.54886
1.54735
1.54122
1.53128
1.51963
1.50918
1.50292
1.503
1.51006
1.52312
1.53971
1.5567
1.57106
1.58057
1.5841
1.58163
1.57395
1.56258
1.54945
1.53656
1.52563
1.51772
1.51313
1.51156
1.51254
1.51557
1.52026
1.5262
1.53292
1.53993
1.54687
1.55356
1.55965
1.56407
1.56498
1.5606
1.55032
1.53516
1.51722
1.49848
1.48009
1.46249
1.4462
1.43243
1.42292
1.41947
1.42338
1.43504
1.45362
1.47687
1.50162
1.52451
1.54261
1.55383
1.55718
1.55291
1.54252
1.52881
1.51535
1.50538
1.50081
1.50166
1.50658
1.51366
1.52109
1.52762
1.53273
1.53679
1.54106
1.5474
1.55743
1.57162
1.58881
1.60619
1.62007
1.62678
1.62378
1.61002
1.58638
1.55555
1.52164
1.48932
1.4628
1.44497
1.43705
1.43871
1.44842
1.4636
1.48065
1.4954
1.50416
1.50505
1.49868
1.48746
1.47358
1.45793
1.44085
1.42389
1.41039
1.40426
1.40772
1.41954
1.43578
1.66524
1.6765
1.68376
1.68883
1.69334
1.69803
1.70263
1.70625
1.70804
1.70787
1.70645
1.70471
1.70299
1.70071
1.69673
1.69012
1.68037
1.66759
1.65266
1.63747
1.6246
1.61587
1.61102
1.60781
1.60426
1.60074
1.59994
1.60483
1.61596
1.63062
1.64435
1.65281
1.65315
1.64471
1.62971
1.61352
1.60361
1.60651
1.62412
1.65244
1.68449
1.71413
1.73748
1.75239
1.75791
1.75428
1.7435
1.72949
1.71772
1.71345
1.71938
1.73418
1.75343
1.77168
1.78455
1.78966
1.78679
1.77743
1.76415
1.74975
1.73676
1.72696
1.72045
1.71534
1.70908
1.70078
1.69228
1.68679
1.68608
1.6886
1.69063
1.68886
1.68185
1.66991
1.65413
1.63574
1.61567
1.59444
1.57222
1.54927
1.52647
1.50581
1.49033
1.48311
1.48593
1.49833
1.51788
1.54118
1.56507
1.58743
1.6074
1.6248
1.63923
1.64983
1.6559
1.65758
1.65607
1.65296
1.64941
1.64599
1.64312
1.6413
1.6407
1.64052
1.63884
1.63321
1.62169
1.60396
1.58202
1.56021
1.54423
1.53857
1.54352
1.55482
1.56669
1.57563
1.58179
1.58815
1.59831
1.61406
1.63325
1.64963
1.65585
1.64796
1.62834
1.6046
1.58495
1.57306
1.56655
1.55984
1.54837
1.53099
1.5098
1.48879
1.47224
1.46386
1.46635
1.48092
1.5066
1.53978
1.57501
1.60696
1.63212
1.64939
1.65974
1.66549
1.66933
1.67281
1.6754
1.67493
1.66952
1.65931
1.64714
1.63784
1.63565
1.64186
1.65444
1.66995
1.6852
1.69767
1.70534
1.70672
1.70137
1.6906
1.67782
1.66767
1.66375
1.66639
1.67234
1.67726
1.67835
1.67542
1.67041
1.66613
1.66489
1.66751
1.67302
1.67914
1.68345
1.68425
1.68078
1.67308
1.66172
1.64744
1.63103
1.61326
1.59509
1.57795
1.5638
1.55478
1.55252
1.55728
1.56766
1.58104
1.59451
1.60575
1.61331
1.61675
1.61663
1.6147
1.61387
1.61734
1.62721
1.64355
1.66434
1.6861
1.70473
1.71633
1.71778
1.70741
1.68537
1.65416
1.61932
1.58898
1.57067
1.56657
1.57232
1.58117
1.58837
1.59266
1.59535
1.59882
1.60524
1.61566
1.62967
1.64599
1.66328
1.68041
1.69648
1.7108
1.72306
1.73303
1.74024
1.74365
1.74217
1.73573
1.72606
1.71636
1.70986
1.70816
1.71069
1.71524
1.71904
1.71966
1.71549
1.70564
1.68995
1.66906
1.64443
1.61834
1.59345
1.57212
1.55572
1.54406
1.5356
1.52817
1.52008
1.51098
1.50229
1.49667
1.49671
1.50331
1.5151
1.52906
1.54189
1.55116
1.5556
1.55498
1.54942
1.53905
1.52443
1.50732
1.49093
1.47929
1.47572
1.48156
1.49605
1.51715
1.5422
1.56815
1.59184
1.6106
1.62286
1.62849
1.62851
1.62478
1.61933
1.61394
1.60969
1.60675
1.60452
1.60204
1.59846
1.59331
1.58659
1.57859
1.56969
1.56033
1.55118
1.5433
1.5382
1.53774
1.54376
1.5572
1.57711
1.60022
1.62178
1.63725
1.64404
1.64248
1.63547
1.62714
1.62119
1.61945
1.62117
1.62364
1.62419
1.62212
1.6188
1.61649
1.61724
1.62244
1.63309
1.64949
1.67051
1.6931
1.71288
1.72558
1.72844
1.72068
1.70325
1.67831
1.64875
1.61797
1.58966
1.56762
1.55507
1.55403
1.56478
1.58585
1.61436
1.64655
1.67853
1.70722
1.73099
1.74973
1.76435
1.7761
1.78571
1.79302
1.79693
1.79597
1.78898
1.77575
1.75754
1.73701
1.71775
1.70319
1.6951
1.69259
1.69259
1.69162
1.68752
1.68008
1.6707
1.66179
1.65599
1.65523
1.65999
1.66903
1.67995
1.69028
1.69824
1.70275
1.70317
1.69912
1.69067
1.67889
1.66608
1.6557
1.65146
1.656
1.66969
1.69038
1.71397
1.73539
1.74969
1.75291
1.74264
1.71842
1.68248
1.64061
1.60205
1.57647
1.56929
1.58007
1.6046
1.63718
1.67156
1.70161
1.72223
1.7302
1.72452
1.70617
1.67768
1.64247
1.60457
1.56863
1.54001
1.52434
1.52628
1.54779
1.58716
1.63917
1.69659
1.75195
1.79887
1.83273
1.85109
1.85379
1.84287
1.82215
1.79625
1.76973
1.74635
1.72866
1.71779
1.71292
1.71122
1.70872
1.70189
1.68935
1.67268
1.65615
1.64489
1.64262
1.6499
1.66418
1.6813
1.69716
1.70884
1.71504
1.7159
1.71276
1.7077
1.703
1.70033
1.70021
1.70176
1.70305
1.70186
1.69645
1.68596
1.67053
1.65096
1.6286
1.60514
1.58248
1.56253
1.54692
1.53668
1.5318
1.53087
1.5315
1.53138
1.52915
1.52458
1.51841
1.51215
1.50771
1.50688
1.51083
1.5199
1.53347
1.55007
1.56771
1.58439
1.5987
1.61012
1.61901
1.62638
1.63341
1.64111
1.6502
1.66103
1.6736
1.68779
1.70306
1.71843
1.73257
1.74431
1.75295
1.75835
1.76083
1.7609
1.75887
1.75485
1.74872
1.74032
1.72979
1.63922
1.62852
1.61893
1.61046
1.60342
1.5993
1.60063
1.6097
1.62636
1.64719
1.66714
1.68224
1.691
1.6938
1.69165
1.68542
1.67592
1.66453
1.65363
1.64612
1.64397
1.64683
1.65177
1.65471
1.65198
1.64118
1.62154
1.59374
1.55947
1.52108
1.48128
1.44314
1.41009
1.38568
1.37282
1.37305
1.38594
1.40938
1.44019
1.47502
1.5111
1.54669
1.58105
1.61384
1.64449
1.67174
1.69413
1.71069
1.72157
1.72789
1.73121
1.73272
1.73289
1.73159
1.72823
1.72207
1.71256
1.69958
1.68348
1.66501
1.64569
1.62735
1.61127
1.59777
1.58652
1.57661
1.56681
1.55627
1.54549
1.5366
1.53262
1.53593
1.54704
1.56437
1.58498
1.60532
1.62184
1.63153
1.63293
1.62692
1.61634
1.6043
1.59245
1.58065
1.56835
1.5563
1.54694
1.5432
1.54676
1.55693
1.57068
1.58394
1.59334
1.59744
1.59697
1.59427
1.5921
1.5925
1.59582
1.60091
1.60614
1.61064
1.6146
1.61837
1.62137
1.62211
1.61952
1.6144
1.60966
1.6086
1.61228
1.61848
1.623
1.6221
1.61441
1.60135
1.58601
1.57158
1.55991
1.55139
1.54562
1.54239
1.5422
1.54593
1.55381
1.56484
1.57706
1.58842
1.59746
1.6035
1.60639
1.60609
1.60247
1.59536
1.585
1.57239
1.55933
1.5479
1.53972
1.53539
1.53467
1.53715
1.54281
1.55185
1.56421
1.57897
1.5942
1.6074
1.61619
1.61887
1.61475
1.60428
1.58912
1.57199
1.55576
1.54233
1.53189
1.5233
1.51532
1.50749
1.50037
1.49523
1.4936
1.49663
1.50449
1.51615
1.52966
1.54242
1.55176
1.55547
1.55269
1.54439
1.53328
1.52309
1.51736
1.5183
1.5262
1.53947
1.55544
1.57144
1.58576
1.59782
1.60779
1.61588
1.62175
1.6244
1.62247
1.61485
1.6014
1.58347
1.56384
1.5462
1.53392
1.52871
1.52977
1.53408
1.53796
1.53858
1.53487
1.52744
1.51785
1.50776
1.49867
1.49221
1.49054
1.49582
1.50883
1.52787
1.54945
1.57013
1.58793
1.60225
1.61367
1.62346
1.63314
1.6436
1.65422
1.66274
1.66617
1.66214
1.64989
1.63062
1.6075
1.58552
1.57104
1.56947
1.58128
1.60107
1.62175
1.63891
1.65162
1.66092
1.66823
1.67441
1.67964
1.68358
1.68571
1.68526
1.68095
1.67086
1.65334
1.62827
1.5981
1.56765
1.54268
1.52792
1.52569
1.53549
1.55462
1.57928
1.60574
1.63115
1.65386
1.6733
1.68959
1.70295
1.71333
1.72027
1.72291
1.72042
1.7123
1.69863
1.67996
1.65727
1.63175
1.60522
1.58053
1.56157
1.55202
1.55337
1.564
1.5802
1.59786
1.61351
1.62467
1.62988
1.62863
1.62132
1.60916
1.59399
1.57818
1.56439
1.55531
1.55321
1.55914
1.57249
1.59085
1.61065
1.62828
1.64108
1.64776
1.64819
1.64277
1.63205
1.61662
1.59761
1.57723
1.55892
1.54631
1.5413
1.54236
1.54484
1.54344
1.53452
1.51729
1.49376
1.46821
1.44604
1.43216
1.42918
1.43661
1.45173
1.47128
1.49293
1.51574
1.53982
1.5652
1.59076
1.61421
1.63287
1.64466
1.64838
1.64338
1.62917
1.6053
1.57203
1.5313
1.48769
1.44869
1.42309
1.41785
1.43463
1.46883
1.51258
1.55834
1.60082
1.63704
1.66559
1.68623
1.69954
1.7065
1.70794
1.7043
1.69601
1.6843
1.67215
1.66393
1.66356
1.67212
1.68708
1.70381
1.7179
1.72653
1.72872
1.72491
1.71643
1.70493
1.69209
1.67921
1.66706
1.65592
1.64564
1.63613
1.6276
1.62075
1.61659
1.61592
1.61865
1.62337
1.62733
1.62723
1.62056
1.60667
1.58764
1.56825
1.55511
1.55426
1.56761
1.59113
1.61686
1.63689
1.6458
1.64072
1.621
1.58915
1.55289
1.52497
1.51716
1.53181
1.56089
1.59354
1.62249
1.64461
1.65892
1.66496
1.66266
1.65282
1.63749
1.61954
1.60137
1.5838
1.56626
1.54811
1.52996
1.51407
1.50339
1.49953
1.50157
1.50665
1.51169
1.51465
1.51506
1.5139
1.51311
1.51441
1.51798
1.5218
1.52237
1.51659
1.50352
1.48515
1.46597
1.45123
1.44488
1.44821
1.45972
1.47611
1.4936
1.50885
1.51934
1.52347
1.52074
1.51187
1.49885
1.48481
1.47352
1.46857
1.47243
1.4859
1.50816
1.53725
1.57069
1.60583
1.64
1.6705
1.69451
1.70915
1.71195
1.70147
1.67792
1.64351
1.60244
1.56069
1.52489
1.50051
1.4901
1.49259
1.50421
1.52018
1.53637
1.55025
1.56132
1.57092
1.58121
1.59373
1.60812
1.62199
1.63224
1.63686
1.63613
1.63274
1.63063
1.63309
1.64135
1.65439
1.66981
1.68495
1.69782
1.7074
1.7134
1.71589
1.71511
1.71159
1.70616
1.69972
1.69269
1.68475
1.675
1.66276
1.64825
1.63271
1.61782
1.60492
1.59483
1.58808
1.58503
1.58569
1.58943
1.59519
1.60208
1.65707
1.66493
1.67431
1.68592
1.69897
1.71098
1.71893
1.72063
1.71557
1.70466
1.68949
1.67131
1.65034
1.62602
1.59829
1.56957
1.54581
1.53433
1.53872
1.55555
1.5767
1.59479
1.60645
1.61208
1.61405
1.61512
1.61759
1.62308
1.63242
1.64564
1.6618
1.6791
1.69536
1.70851
1.71713
1.72056
1.7188
1.71249
1.70262
1.69033
1.67659
1.66186
1.6464
1.63098
1.6172
1.60711
1.60192
1.60102
1.60186
1.60108
1.59633
1.58777
1.57787
1.56916
1.5618
1.55346
1.54149
1.52496
1.50546
1.4871
1.47544
1.47508
1.48711
1.50861
1.53495
1.56221
1.58809
1.61156
1.63204
1.64878
1.66093
1.66808
1.67091
1.67115
1.67085
1.67136
1.67298
1.67511
1.6768
1.67727
1.676
1.67267
1.66704
1.65873
1.64746
1.63344
1.61774
1.6024
1.58984
1.58178
1.5784
1.57823
1.57897
1.57878
1.57703
1.57447
1.57271
1.57371
1.5791
1.58948
1.60354
1.6179
1.62845
1.63214
1.62836
1.6192
1.60888
1.60239
1.60348
1.61318
1.62945
1.64839
1.66594
1.67893
1.68534
1.68425
1.67589
1.66197
1.64571
1.63138
1.6231
1.62337
1.63211
1.64675
1.66313
1.67697
1.68508
1.68621
1.68089
1.67063
1.65706
1.64139
1.62451
1.60771
1.59293
1.58237
1.57721
1.57688
1.57938
1.58257
1.58487
1.58543
1.58381
1.57962
1.5723
1.56141
1.54707
1.53019
1.5122
1.49464
1.47875
1.46563
1.45657
1.45294
1.45583
1.46525
1.47974
1.49659
1.51307
1.52839
1.54476
1.56615
1.59523
1.63123
1.67068
1.71003
1.74718
1.78096
1.80984
1.83138
1.84297
1.84298
1.83131
1.80937
1.77978
1.74619
1.71319
1.68607
1.66975
1.66725
1.67856
1.7008
1.72922
1.75867
1.78446
1.80263
1.81015
1.80519
1.78741
1.75839
1.72152
1.68139
1.64254
1.60815
1.5796
1.55697
1.54013
1.52929
1.52491
1.5272
1.53582
1.54981
1.56772
1.58768
1.6074
1.62437
1.63623
1.64145
1.64002
1.63378
1.62601
1.62037
1.61928
1.62316
1.6305
1.63859
1.6447
1.64696
1.64493
1.63957
1.6326
1.62573
1.61996
1.61549
1.612
1.60905
1.60619
1.60289
1.59852
1.59259
1.58497
1.57636
1.56832
1.56274
1.56079
1.56193
1.56423
1.56565
1.56517
1.56319
1.56121
1.5612
1.56493
1.57326
1.58598
1.60198
1.61967
1.63741
1.65382
1.66759
1.6774
1.68187
1.68008
1.67208
1.65914
1.64387
1.62953
1.61913
1.6146
1.61635
1.62354
1.63464
1.64808
1.66251
1.67678
1.68968
1.6999
1.70607
1.70708
1.7024
1.69227
1.67771
1.66032
1.64206
1.62493
1.61071
1.60056
1.59473
1.59246
1.59229
1.59271
1.59267
1.5918
1.59025
1.58852
1.58714
1.58656
1.58724
1.58976
1.59478
1.60259
1.6128
1.62426
1.63577
1.64683
1.65819
1.67133
1.68762
1.70738
1.72961
1.75208
1.77186
1.78605
1.79257
1.79062
1.78112
1.76645
1.74983
1.73425
1.72186
1.71401
1.71175
1.71611
1.72737
1.74409
1.76308
1.78046
1.79306
1.79907
1.79791
1.78969
1.77483
1.75393
1.72775
1.69741
1.66459
1.63141
1.60006
1.57245
1.54958
1.5314
1.51698
1.50522
1.49571
1.48917
1.48697
1.49015
1.4987
1.5113
1.52598
1.541
1.55525
1.56818
1.57953
1.58943
1.59842
1.60706
1.61505
1.6208
1.62198
1.61715
1.60802
1.60057
1.60284
1.61946
1.64772
1.67995
1.70914
1.73216
1.74909
1.76118
1.76916
1.77302
1.77246
1.7674
1.75819
1.74587
1.73225
1.71961
1.71011
1.70463
1.70237
1.7014
1.69975
1.69616
1.69031
1.68243
1.67304
1.66278
1.65245
1.64274
1.63376
1.62466
1.61374
1.59946
1.5817
1.56238
1.54453
1.53043
1.52042
1.51352
1.50858
1.50482
1.50188
1.49967
1.49845
1.49909
1.50321
1.51287
1.5297
1.55401
1.58433
1.61786
1.65151
1.68257
1.7092
1.73035
1.74561
1.75487
1.7582
1.75597
1.74906
1.73904
1.72799
1.7183
1.71227
1.71199
1.71879
1.73273
1.75205
1.7734
1.79272
1.80627
1.81129
1.80626
1.79091
1.76621
1.73454
1.69949
1.66553
1.63711
1.6175
1.6078
1.60696
1.61263
1.62222
1.63333
1.64367
1.65119
1.6547
1.6545
1.65231
1.65038
1.65058
1.65374
1.65967
1.66725
1.67472
1.68025
1.68242
1.68063
1.67506
1.6664
1.65531
1.64236
1.62827
1.61473
1.60473
1.60131
1.60548
1.61523
1.62661
1.63582
1.64092
1.64223
1.64123
1.63889
1.63462
1.6265
1.61293
1.59451
1.57467
1.55831
1.54886
1.54634
1.54785
1.54978
1.54976
1.54739
1.54391
1.5413
1.54145
1.54565
1.55435
1.56719
1.5832
1.60101
1.61908
1.6358
1.64962
1.65921
1.66386
1.66396
1.66098
1.65661
1.65201
1.64784
1.64487
1.64413
1.6465
1.65589
1.66497
1.67607
1.68795
1.69931
1.70895
1.71597
1.71972
1.71992
1.71663
1.71022
1.70106
1.68931
1.67462
1.65614
1.63295
1.60457
1.57157
1.53589
1.50087
1.47094
1.45082
1.44426
1.45232
1.47251
1.49971
1.52819
1.55332
1.57255
1.58564
1.59428
1.601
1.6079
1.61576
1.62371
1.62966
1.6312
1.62662
1.61551
1.59862
1.5774
1.55364
1.52952
1.50782
1.49145
1.48271
1.48245
1.49
1.50357
1.5207
1.53873
1.55526
1.56844
1.5772
1.58101
1.57971
1.57337
1.56247
1.54828
1.53338
1.52157
1.51704
1.52256
1.53817
1.5611
1.58731
1.61335
1.63729
1.65853
1.677
1.69256
1.70483
1.7132
1.71686
1.71515
1.70794
1.69624
1.68212
1.6682
1.65662
1.64815
1.64223
1.63779
1.63422
1.63167
1.63043
1.63029
1.63019
1.62878
1.62491
1.61806
1.60828
1.59588
1.58135
1.56531
1.54878
1.53354
1.52233
1.51871
1.52567
1.54319
1.56688
1.59
1.60706
1.61612
1.61882
1.61906
1.62124
1.62836
1.64084
1.65647
1.67151
1.68207
1.68536
1.68042
1.66832
1.65181
1.63453
1.61989
1.60996
1.60514
1.60468
1.60759
1.61285
1.61912
1.62466
1.62791
1.62829
1.62675
1.6256
1.62772
1.63536
1.64922
1.66828
1.6903
1.71249
1.73195
1.74618
1.75345
1.75323
1.74661
1.7364
1.72637
1.71962
1.71699
1.7168
1.71578
1.7106
1.69915
1.68109
1.6576
1.63063
1.60225
1.57452
1.5498
1.53081
1.52002
1.51854
1.52559
1.5385
1.55351
1.56665
1.57495
1.57781
1.57769
1.57937
1.58727
1.60321
1.62579
1.65136
1.67546
1.69403
1.70441
1.70571
1.69872
1.68558
1.66922
1.65288
1.63973
1.63246
1.63304
1.64239
1.66004
1.68404
1.71122
1.73762
1.75925
1.77299
1.77754
1.77379
1.76445
1.75316
1.74322
1.73667
1.73376
1.73325
1.73297
1.73055
1.72384
1.71127
1.69205
1.66649
1.63609
1.60337
1.57147
1.54378
1.52357
1.51323
1.513
1.52047
1.53165
1.54306
1.55315
1.56228
1.57181
1.58277
1.59494
1.607
1.61762
1.62644
1.63432
1.64232
1.6507
1.65855
1.66437
1.66687
1.66545
1.66031
1.65249
1.64392
1.63704
1.63406
1.63595
1.64189
1.64947
1.65569
1.65832
1.65652
1.65085
1.64258
1.63301
1.62329
1.61467
1.60891
1.60827
1.61485
1.62944
1.65065
1.67499
1.69797
1.71552
1.72506
1.72587
1.7188
1.70571
1.68886
1.67031
1.65158
1.6338
1.61783
1.60445
1.59434
1.58796
1.58539
1.5867
1.59228
1.6029
1.61923
1.64112
1.66725
1.69529
1.72211
1.74435
1.75894
1.76356
1.75696
1.73895
1.71034
1.67339
1.63246
1.59442
1.56704
1.55536
1.55875
1.57217
1.59007
1.60876
1.62652
1.64252
1.65608
1.66649
1.67301
1.67505
1.67241
1.66535
1.65473
1.64195
1.62891
1.61779
1.61055
1.60796
1.60897
1.61101
1.61103
1.60641
1.59561
1.57838
1.55624
1.53285
1.51381
1.50414
1.50462
1.51094
1.51722
1.52002
1.51954
1.51862
1.52111
1.53036
1.54793
1.5728
1.60155
1.62933
1.65113
1.66278
1.66165
1.64753
1.62379
1.59734
1.57603
1.56455
1.56301
1.56912
1.58049
1.59497
1.61037
1.62497
1.63786
1.64893
1.65859
1.66749
1.67627
1.68502
1.69279
1.69726
1.695
1.68287
1.66043
1.6326
1.60873
1.59614
1.59432
1.59798
1.60336
1.60965
1.61704
1.62486
1.63135
1.6343
1.63219
1.62558
1.61778
1.61398
1.61873
1.63321
1.65442
1.67677
1.69453
1.70346
1.70138
1.68795
1.66468
1.63491
1.60336
1.57503
1.55381
1.54156
1.53799
1.54147
1.55031
1.56395
1.58324
1.6096
1.64331
1.68222
1.72195
1.75716
1.78309
1.79647
1.79608
1.78286
1.75983
1.73166
1.70363
1.68045
1.66499
1.65769
1.65687
1.65948
1.6622
1.66242
1.65881
1.65137
1.64107
1.62934
1.61771
1.60767
1.60066
1.5979
1.60014
1.60715
1.6176
1.62922
1.63923
1.64484
1.64409
1.63654
1.62353
1.60768
1.59187
1.57829
1.56805
1.5615
1.55889
1.56074
1.56759
1.57942
1.59516
1.61286
1.6303
1.64575
1.65849
1.66885
1.67755
1.68461
1.68892
1.68901
1.68425
1.67536
1.6639
1.65127
1.63799
1.62371
1.6082
1.59254
1.57958
1.57275
1.57383
1.58183
1.59402
1.60774
1.62113
1.63299
1.64265
1.64993
1.65498
1.65791
1.65838
1.65577
1.64967
1.6404
1.62897
1.61657
1.60439
1.59394
1.58708
1.58544
1.58957
1.59872
1.61124
1.62544
1.64004
1.65403
1.66647
1.67669
1.68481
1.69203
1.69992
1.70897
1.71757
1.72252
1.72034
1.70871
1.68732
1.65823
1.62577
1.59551
1.57205
1.55686
1.54817
1.54317
1.54008
1.53878
1.54035
1.5464
1.55831
1.57641
1.59934
1.62435
1.64858
1.66985
1.6864
1.69696
1.70044
1.6969
1.68778
1.67512
1.661
1.64704
1.63424
1.62283
1.61238
1.60216
1.59156
1.58056
1.57017
1.56203
1.55756
1.55746
1.56191
1.57083
1.58369
1.59926
1.61565
1.63072
1.64251
1.64958
1.65134
1.64814
1.64114
1.63185
1.62153
1.61093
1.60043
1.5902
1.58023
1.57022
1.55979
1.54882
1.53789
1.52849
1.5228
1.52314
1.53097
1.54611
1.56668
1.58954
1.6111
1.62819
1.63855
1.64132
1.6372
1.62814
1.61699
1.60678
1.6001
1.59879
1.60379
1.61533
1.63309
1.65582
1.68073
1.70323
1.71812
1.72152
1.71235
1.69244
1.66547
1.63519
1.60409
1.57351
1.54461
1.51939
1.50091
1.49248
1.49606
1.5112
1.53534
1.565
1.59663
1.62691
1.65301
1.67285
1.68517
1.68948
1.68578
1.6743
1.65533
1.62966
1.59931
1.56834
1.54294
1.53002
1.53423
1.55536
1.58826
1.62555
1.66073
1.68991
1.71197
1.7277
1.73889
1.74741
1.75433
1.75957
1.76214
1.76074
1.75449
1.74345
1.72883
1.71297
1.69861
1.68818
1.68312
1.68367
1.68913
1.69825
1.70957
1.72158
1.73265
1.7411
1.74563
1.74556
1.74104
1.733
1.72286
1.71247
1.70397
1.69938
1.69994
1.70554
1.71471
1.72516
1.73451
1.74065
1.74186
1.73689
1.72535
1.70832
1.68856
1.66994
1.65626
1.64999
1.65159
1.65989
1.67287
1.68839
1.70481
1.72102
1.73611
1.74827
1.75427
1.75044
1.73463
1.70794
1.67489
1.64215
1.61629
1.60184
1.6003
1.61022
1.62798
1.64927
1.67054
1.68964
1.70547
1.71762
1.72593
1.73035
1.73115
1.72893
1.72485
1.72051
1.71763
1.71738
1.71987
1.72409
1.72829
1.73056
1.72935
1.72382
1.71406
1.70116
1.6869
1.67306
1.66053
1.64908
1.63787
1.62635
1.61486
1.60461
1.59729
1.59441
1.59646
1.60254
1.61045
1.6174
1.62093
1.6196
1.61342
1.60349
1.59155
1.57922
1.56746
1.5565
1.54606
1.53561
1.5247
1.51297
1.50044
1.488
1.47784
1.47319
1.47715
1.49093
1.51288
1.53917
1.56545
1.58851
1.6068
1.62013
1.62889
1.63344
1.63404
1.63106
1.62529
1.61849
1.61386
1.61482
1.62169
1.63024
1.6343
1.6299
1.61661
1.59678
1.57395
1.5517
1.53305
1.5202
1.51442
1.51597
1.52396
1.53653
1.55129
1.56598
1.57898
1.58958
1.59787
1.60467
1.61136
1.61949
1.63027
1.6439
1.65946
1.67504
1.68855
1.69838
1.70393
1.70564
1.70469
1.70248
1.70018
1.69863
1.69838
1.69972
1.70268
1.70694
1.71158
1.71524
1.71641
1.71382
1.70688
1.69586
1.68203
1.66744
1.65468
1.64627
1.64387
1.64789
1.65762
1.67173
1.68852
1.7059
1.72137
1.73231
1.73688
1.73462
1.72674
1.71588
1.70519
1.697
1.69189
1.68876
1.68585
1.68202
1.67711
1.67162
1.66584
1.65911
1.64996
1.63719
1.62139
1.60558
1.59431
1.59152
1.59875
1.61486
1.63713
1.66261
1.68856
1.71235
1.73122
1.7424
1.74354
1.73325
1.71147
1.6798
1.64136
1.59998
1.55925
1.52178
1.48925
1.46281
1.44316
1.43033
1.42372
1.42235
1.42546
1.43271
1.44388
1.45853
1.47621
1.49676
1.52028
1.54643
1.57382
1.60008
1.62261
1.63941
1.64955
1.65327
1.65174
1.64668
1.63984
1.63278
1.62666
1.62216
1.61934
1.61781
1.61678
1.61527
1.61243
1.60781
1.60153
1.59439
1.58774
1.58297
1.58094
1.5815
1.58368
1.58624
1.58807
1.58817
1.58563
1.57954
1.5692
1.55452
1.53635
1.51644
1.49703
1.4802
1.46749
1.45999
1.45863
1.46439
1.47803
1.49942
1.52713
1.55855
1.59049
1.6199
1.6444
1.66285
1.67568
1.68474
1.69262
1.70159
1.71249
1.72449
1.73536
1.7422
1.74246
1.73479
1.71968
1.69948
1.67795
1.65902
1.64562
1.63888
1.6381
1.64141
1.6463
1.65016
1.65073
1.64671
1.63803
1.62581
1.61199
1.59906
1.58974
1.58627
1.58959
1.59875
1.61108
1.62312
1.63189
1.63589
1.63552
1.63258
1.62941
1.62816
1.63028
1.63633
1.64586
1.65737
1.66876
1.67799
1.684
1.68736
1.69021
1.69523
1.70371
1.71459
1.72518
1.73298
1.73681
1.73664
1.73299
1.72638
1.71698
1.70472
1.69021
1.67541
1.66269
1.65292
1.64441
1.6342
1.62064
1.60506
1.59114
1.58228
1.57895
1.57822
1.5758
1.56856
1.55597
1.53983
1.52336
1.50998
1.50238
1.50184
1.50808
1.51977
1.53518
1.55299
1.57267
1.59455
1.61945
1.64798
1.67956
1.71194
1.74165
1.76532
1.78062
1.78656
1.78314
1.77091
1.75078
1.72413
1.693
1.66019
1.62907
1.60325
1.58582
1.57851
1.58123
1.59164
1.60555
1.61782
1.6238
1.62082
1.60919
1.59253
1.57695
1.56907
1.57339
1.59023
1.61567
1.64329
1.66674
1.66302
1.66717
1.66251
1.6516
1.63769
1.62383
1.61224
1.60384
1.59856
1.59591
1.59524
1.59581
1.59675
1.59723
1.59651
1.59378
1.58823
1.57952
1.56819
1.55569
1.54388
1.5343
1.52761
1.52343
1.52081
1.51896
1.51789
1.51836
1.52127
1.52671
1.53352
1.53995
1.54489
1.54879
1.55266
1.55615
1.55682
1.55166
1.53954
1.52222
1.50362
1.48824
1.47968
1.4801
1.49033
1.51003
1.53765
1.57033
1.60456
1.63718
1.66606
1.68978
1.70733
1.71785
1.72072
1.7159
1.70408
1.68685
1.66653
1.64573
1.62651
1.60951
1.594
1.57878
1.56389
1.55183
1.5471
1.55441
1.57608
1.61062
1.65284
1.69549
1.73144
1.75562
1.76591
1.76287
1.74894
1.72779
1.70404
1.68293
1.66886
1.66358
1.66583
1.6731
1.6828
1.69199
1.6973
1.6957
1.68576
1.66808
1.64497
1.61966
1.59542
1.57518
1.56138
1.55572
1.55819
1.5668
1.57854
1.59062
1.60122
1.60939
1.6148
1.61771
1.61895
1.61961
1.62082
1.62356
1.62864
1.63661
1.64742
1.66025
1.67345
1.685
1.69287
1.69561
1.69273
1.68462
1.67231
1.65681
1.63873
1.61831
1.59588
1.57222
1.54872
1.52754
1.51209
1.5066
1.51368
1.53149
1.55409
1.57515
1.5906
1.5988
1.59961
1.5936
1.58175
1.56534
1.54563
1.52385
1.50113
1.47859
1.45731
1.43846
1.42318
1.4126
1.40764
1.40874
1.41566
1.42766
1.44409
1.46469
1.48941
1.51759
1.54746
1.57635
1.60174
1.62217
1.63766
1.64931
1.65864
1.66691
1.67463
1.68155
1.68691
1.68991
1.69007
1.68748
1.68258
1.67572
1.66699
1.65636
1.6444
1.63274
1.62396
1.62018
1.62165
1.62642
1.63126
1.63308
1.62987
1.62104
1.60758
1.59163
1.57608
1.56374
1.55679
1.55668
1.56426
1.5797
1.60232
1.63018
1.66002
1.68794
1.71034
1.72489
1.73078
1.72837
1.71869
1.70275
1.68133
1.6552
1.62577
1.59607
1.57094
1.55601
1.55534
1.5692
1.59357
1.62172
1.6469
1.66459
1.67322
1.67373
1.66836
1.65938
1.64816
1.63519
1.62073
1.60551
1.59075
1.57798
1.56852
1.56305
1.56116
1.56151
1.56285
1.56513
1.56958
1.57777
1.59002
1.60497
1.62014
1.63287
1.64075
1.64181
1.63476
1.61928
1.59619
1.5671
1.53418
1.49987
1.46699
1.43885
1.41917
1.41146
1.4178
1.43752
1.46696
1.50067
1.53351
1.56196
1.58438
1.60047
1.61046
1.61468
1.6137
1.60897
1.60297
1.59816
1.59601
1.59726
1.60292
1.61417
1.6308
1.65049
1.67005
1.68718
1.70092
1.71106
1.71745
1.71995
1.71857
1.7138
1.70673
1.69898
1.6923
1.68816
1.68724
1.68945
1.694
1.69987
1.7061
1.71215
1.71793
1.72396
1.73101
1.73969
1.74984
1.76028
1.76892
1.77327
1.77122
1.76186
1.74576
1.72499
1.70254
1.68149
1.66411
1.65123
1.64216
1.63519
1.62842
1.62063
1.61163
1.60203
1.5925
1.58306
1.57313
1.56232
1.55153
1.54283
1.53825
1.53842
1.54237
1.54848
1.55564
1.56342
1.57171
1.57989
1.58637
1.58888
1.58551
1.57563
1.56023
1.5416
1.52262
1.50583
1.4925
1.48199
1.47204
1.46027
1.44573
1.42965
1.41465
1.4035
1.3982
1.39999
1.40967
1.42742
1.45194
1.48004
1.50757
1.53099
1.54852
1.56027
1.56751
1.57191
1.57484
1.57713
1.57911
1.5807
1.58165
1.58184
1.5813
1.58047
1.58025
1.58206
1.58754
1.59825
1.61509
1.63782
1.66468
1.69268
1.71821
1.73824
1.75115
1.75716
1.75816
1.75667
1.75448
1.75211
1.74908
1.74473
1.73882
1.73167
1.72401
1.71662
1.71011
1.70483
1.70079
1.69766
1.69485
1.69165
1.68732
1.68125
1.67307
1.66321
1.65309
1.64466
1.6389
1.63498
1.63134
1.62717
1.62304
1.62028
1.62001
1.62248
1.62729
1.6337
1.64077
1.64716
1.65128
1.65206
1.65006
1.64755
1.64756
1.65224
1.6621
1.67609
1.69216
1.70801
1.72149
1.7309
1.73498
1.73294
1.72457
1.71037
1.69186
1.67131
1.65111
1.63285
1.61691
1.60274
1.58969
1.57772
1.56758
1.5605
1.55734
1.55786
1.56039
1.56257
1.56233
1.55898
1.55372
1.54915
1.54804
1.55185
1.55973
1.56905
1.57687
1.58129
1.58199
1.58018
1.57818
1.57853
1.58309
1.59238
1.60543
1.62023
1.63423
1.6452
1.65189
1.65439
1.65414
1.65335
1.65417
1.65788
1.66435
1.67201
1.67847
1.68147
1.67952
1.67242
1.66119
1.64757
1.63333
1.61978
1.60755
1.59695
1.58831
1.58211
1.57866
1.57765
1.57814
1.57893
1.5793
1.57925
1.57916
1.57902
1.57787
1.57416
1.56674
1.55624
1.54568
1.53991
1.54314
1.556
1.57518
1.59584
1.61431
1.62908
1.64013
1.64808
1.65332
1.65563
1.65412
1.6478
1.63655
1.62169
1.6347
1.6208
1.61177
1.60921
1.61314
1.622
1.63288
1.64209
1.64588
1.64113
1.62591
1.60027
1.56698
1.53216
1.50469
1.49371
1.50456
1.53593
1.58053
1.62839
1.67024
1.69938
1.71239
1.70955
1.69508
1.67675
1.66361
1.66217
1.67377
1.69552
1.72314
1.75284
1.78154
1.80632
1.82421
1.83228
1.82793
1.80944
1.77662
1.73138
1.67823
1.62403
1.57683
1.54399
1.53003
1.53507
1.55454
1.5806
1.60476
1.62041
1.62418
1.61618
1.5994
1.57852
1.55861
1.54384
1.53668
1.53763
1.54561
1.55881
1.57526
1.59326
1.61135
1.62851
1.6443
1.65881
1.67227
1.68448
1.69462
1.70162
1.70476
1.70424
1.70087
1.6956
1.68901
1.68127
1.67249
1.66304
1.65378
1.64604
1.64126
1.64024
1.6427
1.64748
1.65322
1.65893
1.66411
1.66878
1.67339
1.67877
1.68598
1.69587
1.7086
1.72345
1.739
1.75337
1.76448
1.77021
1.7688
1.75933
1.74228
1.71988
1.69581
1.67445
1.65965
1.65373
1.65711
1.66854
1.68574
1.70619
1.72792
1.74965
1.77053
1.78955
1.80547
1.81695
1.82317
1.82406
1.82024
1.81274
1.80246
1.78987
1.77495
1.75782
1.73934
1.72126
1.70567
1.6942
1.68724
1.68375
1.68174
1.67916
1.67467
1.6677
1.65804
1.64514
1.62807
1.606
1.57908
1.54877
1.51732
1.48689
1.45925
1.43664
1.4225
1.42076
1.43358
1.45916
1.4917
1.52363
1.54841
1.56224
1.5644
1.55668
1.54282
1.5278
1.51702
1.51493
1.52363
1.5424
1.56865
1.59909
1.63057
1.66033
1.68631
1.70722
1.72244
1.73189
1.73574
1.73427
1.72765
1.71576
1.69853
1.6765
1.65139
1.6261
1.60389
1.58731
1.57741
1.57361
1.57433
1.57778
1.58272
1.58891
1.5968
1.60656
1.61699
1.62561
1.63007
1.62963
1.62552
1.61994
1.61473
1.61045
1.60654
1.60212
1.59696
1.59196
1.58883
1.58909
1.59315
1.6
1.60778
1.61458
1.61901
1.62016
1.61771
1.61223
1.60545
1.59988
1.59807
1.60197
1.61279
1.63097
1.65599
1.68602
1.71825
1.74968
1.77773
1.80031
1.81546
1.82136
1.81656
1.80053
1.77408
1.73955
1.7009
1.66312
1.63126
1.609
1.59743
1.59499
1.59874
1.6057
1.61352
1.62034
1.62417
1.62282
1.61438
1.59817
1.57542
1.54957
1.52539
1.50724
1.49725
1.49467
1.49712
1.50254
1.51057
1.52266
1.54111
1.56745
1.60123
1.6396
1.67811
1.71232
1.7394
1.75862
1.77099
1.77822
1.78197
1.78337
1.78297
1.78105
1.77782
1.77355
1.76831
1.76174
1.75309
1.74152
1.72659
1.70889
1.69032
1.6736
1.66126
1.65458
1.65348
1.65692
1.66357
1.67205
1.68117
1.68995
1.69766
1.70364
1.70716
1.70743
1.70398
1.69713
1.68781
1.67681
1.66375
1.64715
1.62609
1.60177
1.57725
1.55564
1.53903
1.52866
1.52511
1.52822
1.53696
1.54965
1.56458
1.58038
1.59606
1.6112
1.62594
1.64081
1.6561
1.67112
1.68383
1.6913
1.69055
1.67943
1.65721
1.62485
1.5851
1.54234
1.50232
1.47145
1.45535
1.45705
1.47604
1.50869
1.55
1.59496
1.63944
1.68033
1.71513
1.74125
1.75567
1.7553
1.73793
1.70358
1.65606
1.6036
1.55716
1.52554
1.51098
1.50997
1.51739
1.52921
1.54255
1.55524
1.56569
1.57298
1.57705
1.57892
1.58075
1.58545
1.59564
1.6126
1.63568
1.66262
1.69037
1.71604
1.73755
1.75392
1.76499
1.7709
1.77173
1.76741
1.75798
1.74382
1.72557
1.70377
1.67861
1.65
1.61794
1.58308
1.54695
1.512
1.48129
1.45811
1.44538
1.44496
1.45722
1.48084
1.51313
1.55054
1.58939
1.62624
1.65808
1.68233
1.69706
1.7016
1.69714
1.68665
1.67386
1.66176
1.6516
1.64289
1.63434
1.62478
1.61355
1.60067
1.58681
1.57319
1.56128
1.55247
1.54771
1.5474
1.55169
1.56084
1.57524
1.5949
1.6188
1.64476
1.66995
1.69199
1.7096
1.72235
1.72984
1.73146
1.72683
1.71644
1.70195
1.6856
1.66935
1.65446
1.64192
1.63292
1.62861
1.62915
1.633
1.63724
1.63868
1.63516
1.62625
1.613
1.59735
1.58125
1.56622
1.55343
1.54443
1.54206
1.55003
1.57066
1.60236
1.6401
1.67804
1.71143
1.73691
1.75228
1.75633
1.74892
1.73117
1.70553
1.67564
1.64604
1.62139
1.60536
1.59936
1.6019
1.60902
1.61576
1.61776
1.61225
1.59852
1.57789
1.55352
1.52994
1.51216
1.5042
1.50763
1.52089
1.54039
1.56232
1.58388
1.60313
1.61846
1.62869
1.63346
1.6333
1.62905
1.62151
1.61162
1.60069
1.59041
1.58233
1.57724
1.57497
1.57455
1.57476
1.57475
1.57417
1.57272
1.5695
1.56334
1.55385
1.54206
1.53024
1.52101
1.5166
1.51831
1.52618
1.53901
1.55455
1.57003
1.58276