-4.71475
-4.71475
-4.71475
-4.71475
-4.71369
-4.71112
-4.70825
-4.70538
-4.70342
-4.70176
-4.69979
-4.69738
-4.69707
-4.69722
-4.69571
-4.69631
-4.69646
-4.69797
-4.69827
-4.69888
-4.69888
-4.69979
-4.69994
-4.70024
-4.70055
-4.70025
-4.7007
-4.70115
-4.7013
-4.70161
-4.70115
-4.70175
-4.70175
-4.70191
-4.7016
-4.70221
-4.70281
-4.70266
-4.70266
-4.70236
-4.701
-4.70085
-4.70054
-4.7007
-4.70054
-4.70145
-4.7019
-4.70236
-4.70145
-4.70236
-4.70175
-4.70221
-4.70266
-4.70251
-4.70205
-4.70266
-4.70281
-4.70266
-4.70296
-4.70251
-4.70221
-4.70175
-4.7013
-4.7016
-4.70236
-4.70251
-4.70266
-4.70311
-4.70266
-4.7022
-4.7013
-4.7019
-4.70221
-4.70251
-4.70296
-4.70251
-4.70206
-4.701
-4.70145
-4.70205
-4.7013
-4.70115
-4.7013
-4.7019
-4.70251
-4.70341
-4.70281
-4.70296
-4.70387
-4.70402
-4.70417
-4.70432
-4.70432
-4.70432
-4.70417
-4.70432
-4.70462
-4.70553
-4.70538
-4.70508
-4.70508
-4.70583
-4.70568
-4.70583
-4.70628
-4.70598
-4.70583
-4.70568
-4.70583
-4.70568
-4.70598
-4.70644
-4.70659
-4.70674
-4.70674
-4.70613
-4.70644
-4.70568
-4.70493
-4.70493
-4.70568
-4.70629
-4.70599
-4.70644
-4.70599
-4.70629
-4.7069
-4.7072
-4.70674
-4.70704
-4.7075
-4.7075
-4.70795
-4.70795
-4.70795
-4.7075
-4.70629
-4.70614
-4.70644
-4.70689
-4.70719
-4.70719
-4.70719
-4.7075
-4.70659
-4.70614
-4.70705
-4.70735
-4.70705
-4.70659
-4.70599
-4.70599
-4.70614
-4.70705
-4.70705
-4.70704
-4.70704
-4.70674
-4.70704
-4.70674
-4.70629
-4.70659
-4.70614
-4.70598
-4.70583
-4.70568
-4.70583
-4.70523
-4.70478
-4.70508
-4.70448
-4.70448
-4.70493
-4.70448
-4.70417
-4.70417
-4.70402
-4.70372
-4.70357
-4.70281
-4.70387
-4.70341
-4.70402
-4.70417
-4.70417
-4.70447
-4.70432
-4.70387
-4.70236
-4.70327
-4.70281
-4.70266
-4.70266
-4.70312
-4.70417
-4.70417
-4.70417
-4.70357
-4.70357
-4.70311
-4.70296
-4.70251
-4.70251
-4.70236
-4.70221
-4.70236
-4.70251
-4.70281
-4.70342
-4.70327
-4.70312
-4.70281
-4.70266
-4.70236
-4.70266
-4.70296
-4.70251
-4.70236
-4.70236
-4.70191
-4.70145
-4.70115
-4.70221
-4.70115
-4.7013
-4.70145
-4.701
-4.70161
-4.7013
-4.70085
-4.70085
-4.70009
-4.70055
-4.701
-4.70085
-4.701
-4.70085
-4.70115
-4.70191
-4.70251
-4.70236
-4.70206
-4.70145
-4.701
-4.701
-4.70085
-4.701
-4.70115
-4.70085
-4.70115
-4.70115
-4.70145
-4.70176
-4.70221
-4.70206
-4.70176
-4.70161
-4.70085
-4.701
-4.70145
-4.70115
-4.70115
-4.70206
-4.70145
-4.70191
-4.70145
-4.7013
-4.70175
-4.70176
-4.701
-4.70085
-4.70115
-4.70145
-4.70191
-4.70221
-4.70297
-4.70221
-4.70221
-4.70191
-4.70297
-4.70282
-4.70342
-4.70372
-4.70251
-4.70236
-4.70372
-4.70342
-4.70311
-4.70402
-4.70508
-4.70508
-4.70432
-4.70357
-4.70372
-4.70281
-4.70206
-4.70206
-4.70312
-4.70266
-4.70266
-4.70266
-4.70281
-4.70312
-4.70417
-4.70463
-4.70493
-4.70372
-4.70372
-4.70372
-4.70433
-4.70433
-4.70402
-4.70448
-4.70448
-4.70448
-4.70478
-4.70508
-4.70508
-4.70448
-4.70463
-4.70327
-4.70312
-4.70266
-4.70312
-4.70342
-4.70342
-4.70372
-4.70417
-4.70372
-4.70372
-4.70432
-4.70417
-4.70342
-4.70387
-4.70402
-4.70387
-4.70357
-4.70296
-4.70342
-4.70281
-4.70296
-4.70311
-4.70251
-4.70266
-4.70251
-4.70206
-4.70236
-4.70327
-4.70282
-4.70251
-4.70297
-4.70221
-4.70191
-4.70312
-4.70266
-4.70266
-4.70282
-4.70327
-4.70327
-4.70342
-4.70327
-4.70251
-4.70206
-4.70145
-4.7013
-4.70145
-4.70145
-4.70115
-4.70055
-4.70115
-4.7016
-4.70145
-4.70161
-4.70146
-4.70221
-4.70206
-4.70297
-4.70297
-4.70266
-4.70191
-4.70282
-4.70357
-4.70327
-4.70327
-4.70372
-4.70296
-4.70266
-4.70176
-4.70281
-4.70281
-4.70281
-4.70251
-4.70221
-4.70266
-4.70327
-4.70297
-4.70372
-4.70387
-4.70372
-4.70357
-4.70418
-4.70387
-4.70493
-4.70508
-4.70568
-4.70508
-4.70493
-4.70448
-4.70508
-4.70493
-4.70553
-4.70523
-4.70599
-4.70644
-4.70568
-4.70599
-4.70553
-4.70553
-4.70538
-4.70568
-4.70523
-4.70508
-4.70614
-4.70493
-4.70508
-4.70584
-4.70553
-4.70568
-4.70614
-4.70659
-4.70629
-4.70584
-4.70568
-4.70538
-4.70553
-4.70432
-4.70402
-4.70387
-4.70342
-4.70342
-4.70251
-4.70281
-4.70251
-4.70281
-4.70266
-4.70221
-4.70206
-4.70221
-4.70145
-4.70145
-4.7007
-4.7013
-4.7016
-4.70175
-4.701
-4.70024
-4.7013
-4.701
-4.70115
-4.70055
-4.70024
-4.70085
-4.7007
-4.70176
-4.70191
-4.70206
-4.70311
-4.70417
-4.70463
-4.70387
-4.70417
-4.70448
-4.70463
-4.70448
-4.70417
-4.70448
-4.70432
-4.70463
-4.70538
-4.70523
-4.70508
-4.70553
-4.70553
-4.70493
-4.70478
-4.70463
-4.70432
-4.70387
-4.70372
-4.70387
-4.70447
-4.70417
-4.70432
-4.70478
-4.70417
-4.70402
-4.70387
-4.70372
-4.70342
-4.70417
-3.94554
-3.94433
-3.94448
-3.94388
-3.94388
-3.94433
-3.94357
-3.94478
-3.94524
-3.94554
-3.94508
-3.94478
-3.94478
-3.94417
-3.94417
-3.94402
-3.94357
-3.94342
-3.94282
-3.94343
-3.94388
-3.94509
-3.94569
-3.94523
-3.94418
-3.94448
-3.94433
-3.94524
-3.94584
-3.94615
-3.94615
-3.94569
-3.94524
-3.94358
-3.94343
-3.94448
-3.94403
-3.94403
-3.94343
-3.94297
-3.94327
-3.94297
-3.94221
-3.94327
-3.94176
-3.94145
-3.94176
-3.94206
-3.94221
-3.94236
-3.94221
-3.94237
-3.94358
-3.94433
-3.94403
-3.94448
-3.94463
-3.94403
-3.94373
-3.94418
-3.94342
-3.94372
-3.94297
-3.94267
-3.94312
-3.94342
-3.94312
-3.94312
-3.94221
-3.94251
-3.94342
-3.94327
-3.94191
-3.94221
-3.94221
-3.94191
-3.94176
-3.94282
-3.94207
-3.94207
-3.94252
-3.94161
-3.94176
-3.94206
-3.94237
-3.94176
-3.94207
-3.94162
-3.94192
-3.94192
-3.94207
-3.94282
-3.94252
-3.94267
-3.94297
-3.94327
-3.94358
-3.94448
-3.94373
-3.94403
-3.94418
-3.94328
-3.94267
-3.94161
-3.94056
-3.9404
-3.9404
-3.94131
-3.94056
-3.94207
-3.94192
-3.94252
-3.94252
-3.94312
-3.94433
-3.94494
-3.94524
-3.9463
-3.946
-3.94524
-3.94479
-3.94494
-3.94449
-3.94418
-3.94448
-3.94463
-3.94478
-3.94343
-3.94328
-3.94267
-3.94298
-3.94388
-3.94403
-3.94403
-3.94419
-3.94494
-3.94555
-3.94645
-3.946
-3.9457
-3.94479
-3.94449
-3.94388
-3.94403
-3.94328
-3.94267
-3.94222
-3.94237
-3.94343
-3.94373
-3.94343
-3.94343
-3.94388
-3.94373
-3.94328
-3.94373
-3.94283
-3.94252
-3.94328
-3.94434
-3.94419
-3.94509
-3.94615
-3.946
-3.94509
-3.94525
-3.9457
-3.94479
-3.94449
-3.94434
-3.94479
-3.94479
-3.94449
-3.94434
-3.94418
-3.94403
-3.94388
-3.94343
-3.94343
-3.94312
-3.94222
-3.94222
-3.94237
-3.94358
-3.94449
-3.94419
-3.94449
-3.94479
-3.94525
-3.94494
-3.94449
-3.94434
-3.94479
-3.94434
-3.94389
-3.94434
-3.94298
-3.94298
-3.94344
-3.94374
-3.94419
-3.94404
-3.94404
-3.94313
-3.94389
-3.94328
-3.94268
-3.94283
-3.94238
-3.94117
-3.94147
-3.94086
-3.94117
-3.94162
-3.94162
-3.94298
-3.94222
-3.94117
-3.94087
-3.94102
-3.94223
-3.94268
-3.94268
-3.94253
-3.94253
-3.94208
-3.94253
-3.94298
-3.94283
-3.94313
-3.94253
-3.94343
-3.94222
-3.94177
-3.94147
-3.94193
-3.94147
-3.94132
-3.94268
-3.94208
-3.94208
-3.94223
-3.94208
-3.94253
-3.94193
-3.94162
-3.94238
-3.94314
-3.94298
-3.94178
-3.94223
-3.94117
-3.94026
-3.94117
-3.94207
-3.94192
-3.94177
-3.94117
-3.94132
-3.94117
-3.94087
-3.94132
-3.94148
-3.94193
-3.94208
-3.94268
-3.94283
-3.94359
-3.94359
-3.94344
-3.94328
-3.94238
-3.94268
-3.94208
-3.94283
-3.94298
-3.94268
-3.94284
-3.94284
-3.94314
-3.94329
-3.94389
-3.94299
-3.94329
-3.94359
-3.94313
-3.94329
-3.94283
-3.94329
-3.94344
-3.94405
-3.94435
-3.94435
-3.94465
-3.94435
-3.94495
-3.9454
-3.9454
-3.94571
-3.9451
-3.9442
-3.9445
-3.94465
-3.9445
-3.94389
-3.94283
-3.94329
-3.94223
-3.94193
-3.94178
-3.94253
-3.94193
-3.94193
-3.94238
-3.94193
-3.94163
-3.94208
-3.94193
-3.94117
-3.94253
-3.94178
-3.94148
-3.94163
-3.94012
-3.93982
-3.93952
-3.93906
-3.93966
-3.94102
-3.94057
-3.94042
-3.94057
-3.94072
-3.94057
-3.94102
-3.94117
-3.94057
-3.94057
-3.94057
-3.94011
-3.93951
-3.94011
-3.94042
-3.93982
-3.93982
-3.93982
-3.93921
-3.93891
-3.94042
-3.93936
-3.93951
-3.93996
-3.93996
-3.93981
-3.94011
-3.93861
-3.93815
-3.93876
-3.93861
-3.938
-3.9377
-3.938
-3.93815
-3.93905
-3.93951
-3.9392
-3.9392
-3.9392
-3.94011
-3.93981
-3.94056
-3.94057
-3.94132
-3.94132
-3.94102
-3.94102
-3.94011
-3.94041
-3.94011
-3.9395
-3.93935
-3.93921
-3.93981
-3.93981
-3.94057
-3.94087
-3.94117
-3.94132
-3.94177
-3.94117
-3.94177
-3.94253
-3.94283
-3.94147
-3.94192
-3.94283
-3.94223
-3.94238
-3.94268
-3.94313
-3.94389
-3.94298
-3.94328
-3.94374
-3.94435
-3.94404
-3.94435
-3.94389
-3.94359
-3.94314
-3.94344
-3.94269
-3.94238
-3.94268
-3.94344
-3.94298
-3.94389
-3.94389
-3.9451
-3.94374
-3.94313
-3.94147
-3.94041
-3.94102
-3.94102
-3.94102
-3.94132
-3.94147
-3.94162
-3.94207
-3.94102
-3.93996
-3.94071
-3.94071
-3.93981
-3.93981
-3.9389
-3.93769
-3.93739
-3.93769
-3.93769
-3.93784
-3.93739
-3.93845
-3.93799
-3.93845
-3.93844
-3.93814
-3.93769
-3.93799
-3.9383
-3.93845
-3.93769
-3.93815
-3.93815
-3.93709
-3.9377
-3.938
-3.93845
-3.93815
-3.938
-3.93769
-3.938
-3.93724
-3.93679
-3.93739
-3.93663
-3.93724
-3.93784
-3.93769
-3.93799
-3.93845
-3.93814
-3.9386
-3.93966
-3.93951
-3.93997
-3.93861
-3.93785
-3.93875
-3.9386
-3.9383
-3.93875
-3.938
-3.93739
-3.93724
-3.93739
-3.93755
-3.938
-3.93906
-3.9383
-3.9386
-3.93966
-3.93935
-3.9392
-3.93951
-3.93951
-3.94011
-3.94011
-3.93996
-3.57633
-3.57602
-3.57526
-3.57662
-3.57692
-3.57677
-3.57631
-3.57752
-3.57783
-3.57828
-3.57828
-3.57843
-3.57859
-3.57859
-3.57889
-3.57979
-3.57919
-3.57904
-3.57889
-3.57813
-3.57843
-3.57828
-3.57828
-3.57813
-3.57873
-3.57873
-3.57767
-3.57767
-3.57707
-3.57722
-3.57783
-3.57874
-3.57995
-3.58025
-3.57995
-3.57979
-3.57904
-3.57964
-3.57934
-3.57949
-3.58009
-3.58085
-3.58085
-3.5819
-3.58175
-3.58085
-3.58205
-3.58145
-3.58205
-3.58069
-3.58054
-3.58055
-3.57979
-3.57949
-3.57949
-3.57783
-3.57813
-3.57858
-3.57934
-3.57964
-3.57949
-3.57949
-3.57934
-3.57873
-3.57813
-3.57798
-3.57858
-3.57768
-3.57768
-3.57752
-3.57677
-3.57707
-3.57647
-3.57617
-3.57526
-3.57526
-3.57526
-3.57677
-3.57692
-3.57722
-3.57783
-3.57783
-3.57919
-3.57889
-3.57949
-3.57934
-3.57934
-3.57919
-3.57904
-3.57964
-3.57888
-3.57843
-3.57903
-3.57888
-3.57903
-3.57858
-3.58024
-3.57949
-3.57934
-3.58039
-3.58039
-3.58009
-3.58054
-3.5807
-3.58115
-3.5807
-3.5807
-3.58054
-3.58115
-3.58054
-3.5813
-3.58206
-3.58191
-3.58145
-3.58085
-3.5804
-3.58055
-3.58085
-3.581
-3.58085
-3.581
-3.58009
-3.58009
-3.57933
-3.58024
-3.58085
-3.57994
-3.5804
-3.581
-3.58054
-3.58069
-3.58069
-3.581
-3.58191
-3.58085
-3.58115
-3.58236
-3.58296
-3.58175
-3.58326
-3.58357
-3.58327
-3.58342
-3.58296
-3.58191
-3.58176
-3.58221
-3.58206
-3.58191
-3.58236
-3.5819
-3.58296
-3.58221
-3.58145
-3.5816
-3.58176
-3.58161
-3.581
-3.58115
-3.58221
-3.58236
-3.58161
-3.58312
-3.58251
-3.58191
-3.581
-3.57964
-3.57994
-3.57949
-3.57934
-3.57874
-3.57753
-3.57738
-3.57799
-3.57768
-3.57708
-3.57708
-3.57632
-3.57663
-3.57632
-3.57647
-3.57723
-3.57783
-3.57829
-3.57859
-3.57828
-3.57843
-3.57919
-3.57964
-3.57964
-3.57904
-3.57935
-3.57904
-3.57844
-3.57889
-3.57738
-3.57648
-3.57768
-3.57738
-3.57738
-3.57753
-3.57738
-3.57798
-3.57859
-3.5792
-3.5792
-3.58011
-3.58026
-3.58011
-3.58026
-3.57965
-3.5792
-3.58041
-3.58041
-3.5801
-3.58025
-3.5798
-3.58041
-3.58011
-3.58026
-3.58041
-3.5804
-3.5801
-3.5801
-3.57995
-3.57949
-3.57844
-3.57904
-3.57965
-3.57874
-3.57799
-3.57678
-3.57618
-3.57633
-3.57587
-3.57527
-3.57497
-3.57497
-3.57527
-3.57588
-3.57512
-3.57436
-3.57466
-3.57572
-3.57587
-3.57602
-3.57633
-3.57709
-3.57694
-3.57679
-3.57754
-3.57784
-3.57724
-3.57648
-3.57769
-3.57844
-3.57859
-3.57844
-3.57814
-3.57768
-3.57814
-3.57814
-3.57874
-3.57995
-3.5795
-3.5792
-3.5792
-3.5789
-3.57874
-3.58026
-3.58056
-3.58191
-3.58131
-3.58222
-3.58176
-3.58041
-3.5789
-3.5789
-3.57935
-3.5795
-3.57889
-3.57738
-3.57798
-3.57814
-3.57783
-3.57708
-3.57693
-3.57678
-3.57799
-3.57799
-3.57784
-3.57633
-3.57527
-3.57527
-3.57557
-3.57617
-3.57693
-3.57678
-3.57723
-3.57799
-3.57783
-3.57708
-3.57768
-3.57768
-3.57647
-3.57602
-3.57602
-3.57603
-3.57587
-3.57632
-3.57737
-3.57873
-3.57934
-3.57889
-3.5798
-3.57965
-3.5798
-3.57965
-3.57965
-3.57844
-3.5795
-3.58025
-3.58025
-3.57964
-3.57979
-3.57994
-3.58115
-3.581
-3.58115
-3.58055
-3.57919
-3.5801
-3.57964
-3.5801
-3.57949
-3.57964
-3.57858
-3.57934
-3.57994
-3.58024
-3.5813
-3.5804
-3.57934
-3.58085
-3.5804
-3.57964
-3.57934
-3.57964
-3.57949
-3.57964
-3.57919
-3.5798
-3.58025
-3.57934
-3.57994
-3.5801
-3.57934
-3.57829
-3.57814
-3.57769
-3.57768
-3.57798
-3.57708
-3.57692
-3.57692
-3.57783
-3.57859
-3.57859
-3.57829
-3.57708
-3.57572
-3.57587
-3.57557
-3.57602
-3.57632
-3.57662
-3.57647
-3.57647
-3.57557
-3.57617
-3.57572
-3.57617
-3.57678
-3.57678
-3.57663
-3.57678
-3.57647
-3.57527
-3.57617
-3.57542
-3.57708
-3.57844
-3.57919
-3.57965
-3.5792
-3.57859
-3.57814
-3.57814
-3.57708
-3.57618
-3.57602
-3.57602
-3.57693
-3.57677
-3.57571
-3.57587
-3.57602
-3.57663
-3.57738
-3.57859
-3.57875
-3.57859
-3.57844
-3.57859
-3.57829
-3.57829
-3.57783
-3.57814
-3.57859
-3.57753
-3.57708
-3.57632
-3.57648
-3.57648
-3.57648
-3.57663
-3.57693
-3.57799
-3.57799
-3.57753
-3.57663
-3.57663
-3.57708
-3.57663
-3.57633
-3.57723
-3.57738
-3.57678
-3.57678
-3.57693
-3.57723
-3.57662
-3.57617
-3.57511
-3.57526
-3.5742
-3.57405
-3.57436
-3.57436
-3.57376
-3.57376
-3.57376
-3.57421
-3.57496
-3.57738
-3.57768
-3.57707
-3.57707
-3.57737
-3.57707
-3.57753
-3.57768
-3.57813
-3.57783
-3.57768
-3.57662
-3.57707
-3.57601
-3.57647
-3.57541
-3.57572
-3.57662
-3.57602
-3.57527
-3.57542
-3.57526
-3.57466
-3.57405
-3.57405
-3.57359
-3.57329
-3.5739
-3.57374
-3.57314
-3.57314
-3.57284
-3.573
-3.5733
-3.5736
-3.57406
-3.57421
-3.57345
-3.5733
-3.57375
-3.57345
-3.57163
-3.57239
-3.57345
-3.57284
-3.5733
-3.36221
-3.36251
-3.36251
-3.36236
-3.36251
-3.36251
-3.36326
-3.36281
-3.36311
-3.36372
-3.36341
-3.36402
-3.36417
-3.36402
-3.36417
-3.36432
-3.36357
-3.36402
-3.36402
-3.36417
-3.36417
-3.36341
-3.36281
-3.36281
-3.3619
-3.3622
-3.36266
-3.3625
-3.3616
-3.36039
-3.35934
-3.35874
-3.36025
-3.36055
-3.36085
-3.36084
-3.36205
-3.36235
-3.3625
-3.36221
-3.3616
-3.36176
-3.36161
-3.36282
-3.36387
-3.36417
-3.36432
-3.36523
-3.36522
-3.36583
-3.36598
-3.36719
-3.36629
-3.36644
-3.36705
-3.36599
-3.36644
-3.36599
-3.36644
-3.36613
-3.36628
-3.36583
-3.36538
-3.36568
-3.36583
-3.36538
-3.36447
-3.36432
-3.36447
-3.36387
-3.36417
-3.36432
-3.36599
-3.36568
-3.36598
-3.36598
-3.36477
-3.36523
-3.36492
-3.36538
-3.36583
-3.36613
-3.36658
-3.36567
-3.36613
-3.36522
-3.36538
-3.36568
-3.36568
-3.36538
-3.36538
-3.36508
-3.36448
-3.36493
-3.36433
-3.36387
-3.36266
-3.36372
-3.36372
-3.36478
-3.36432
-3.36447
-3.36432
-3.36417
-3.36357
-3.36372
-3.36417
-3.36342
-3.3616
-3.36084
-3.36024
-3.36069
-3.36054
-3.36176
-3.36161
-3.36251
-3.36221
-3.36205
-3.36205
-3.36175
-3.36251
-3.36191
-3.36252
-3.36312
-3.36478
-3.36523
-3.36537
-3.36538
-3.36583
-3.36553
-3.36629
-3.36568
-3.36553
-3.36598
-3.36552
-3.36537
-3.36612
-3.36507
-3.36582
-3.36598
-3.36523
-3.36478
-3.36463
-3.36553
-3.36447
-3.36568
-3.36553
-3.36492
-3.36598
-3.36523
-3.36598
-3.36643
-3.36643
-3.36567
-3.36567
-3.36598
-3.36507
-3.36462
-3.36477
-3.36462
-3.36538
-3.36538
-3.36568
-3.36523
-3.36598
-3.36643
-3.36703
-3.36704
-3.36719
-3.36689
-3.36779
-3.369
-3.36824
-3.36734
-3.36613
-3.36673
-3.36689
-3.36719
-3.36643
-3.36583
-3.36568
-3.36583
-3.36568
-3.36598
-3.36628
-3.36658
-3.36583
-3.36568
-3.36462
-3.36552
-3.36477
-3.36507
-3.36447
-3.36507
-3.36523
-3.36523
-3.36508
-3.36598
-3.36598
-3.36537
-3.36567
-3.36703
-3.36597
-3.36507
-3.36552
-3.36507
-3.36538
-3.36477
-3.36493
-3.36493
-3.36568
-3.36658
-3.36658
-3.36657
-3.36627
-3.36567
-3.36643
-3.36598
-3.36583
-3.36477
-3.36507
-3.36598
-3.36613
-3.36598
-3.36688
-3.36673
-3.36643
-3.36583
-3.36462
-3.36477
-3.36356
-3.36417
-3.36447
-3.36493
-3.36462
-3.36493
-3.36447
-3.36432
-3.36341
-3.36401
-3.36296
-3.36341
-3.36296
-3.3619
-3.3616
-3.3619
-3.3613
-3.36175
-3.36009
-3.35918
-3.35812
-3.35948
-3.36008
-3.36084
-3.36114
-3.36009
-3.35994
-3.36024
-3.36039
-3.36008
-3.36023
-3.36084
-3.3619
-3.36266
-3.3616
-3.36145
-3.36236
-3.36326
-3.36266
-3.36342
-3.36417
-3.36507
-3.36477
-3.36371
-3.3628
-3.36431
-3.36401
-3.36386
-3.36326
-3.36311
-3.36326
-3.36417
-3.36508
-3.36462
-3.36447
-3.36462
-3.36492
-3.36462
-3.36402
-3.36402
-3.36266
-3.36311
-3.36341
-3.36311
-3.36236
-3.36266
-3.3619
-3.3616
-3.3616
-3.3616
-3.36085
-3.361
-3.36115
-3.36115
-3.3613
-3.3607
-3.36025
-3.36086
-3.36025
-3.36131
-3.36055
-3.36055
-3.36145
-3.36145
-3.35995
-3.36025
-3.36025
-3.35964
-3.35964
-3.35919
-3.35964
-3.36024
-3.36039
-3.36085
-3.36055
-3.36131
-3.36161
-3.36222
-3.36222
-3.36312
-3.36433
-3.36448
-3.36463
-3.36478
-3.36553
-3.36508
-3.36402
-3.36462
-3.36538
-3.36629
-3.36689
-3.36674
-3.36841
-3.36886
-3.36886
-3.36961
-3.36961
-3.36901
-3.36855
-3.3684
-3.3678
-3.36644
-3.36629
-3.36704
-3.36659
-3.36674
-3.36704
-3.36749
-3.36795
-3.36765
-3.36855
-3.36916
-3.36871
-3.36901
-3.3681
-3.3687
-3.3684
-3.3684
-3.3687
-3.3684
-3.36871
-3.36871
-3.36886
-3.36825
-3.3675
-3.36704
-3.36704
-3.36674
-3.36674
-3.36719
-3.36658
-3.36719
-3.36764
-3.3681
-3.36719
-3.3672
-3.36796
-3.36902
-3.36992
-3.36977
-3.37067
-3.36886
-3.36885
-3.36915
-3.369
-3.36945
-3.36991
-3.36976
-3.37067
-3.37068
-3.37053
-3.37037
-3.36917
-3.36826
-3.3678
-3.36659
-3.36583
-3.36583
-3.36522
-3.36537
-3.36461
-3.36401
-3.36401
-3.36341
-3.36327
-3.36418
-3.36373
-3.36433
-3.36403
-3.36418
-3.36433
-3.36266
-3.36266
-3.36281
-3.36235
-3.3625
-3.36235
-3.36205
-3.36311
-3.36463
-3.36523
-3.36463
-3.36598
-3.36689
-3.36673
-3.36613
-3.36628
-3.36674
-3.36644
-3.36599
-3.36689
-3.36629
-3.36568
-3.36599
-3.36644
-3.36689
-3.36764
-3.36749
-3.36734
-3.36734
-3.3681
-3.36931
-3.36901
-3.36931
-3.36931
-3.36931
-3.36825
-3.36885
-3.3681
-3.36764
-3.36689
-3.36674
-3.36765
-3.36825
-3.36825
-3.36825
-3.3675
-3.36765
-3.3675
-3.36719
-3.3678
-3.36734
-3.36659
-3.36704
-3.36704
-3.36735
-3.36705
-3.36629
-3.36614
-3.36689
-3.36659
-3.36568
-3.36629
-3.36674
-3.36689
-3.36704
-3.36689
-3.36704
-3.36689
-3.36644
-3.36614
-3.36614
-3.36584
-3.36554
-3.36614
-3.36614
-3.36584
-3.36629
-3.36644
-3.3669
-3.44438
-3.44423
-3.44317
-3.44196
-3.44091
-3.44075
-3.4412
-3.44105
-3.44226
-3.44121
-3.44182
-3.44136
-3.44212
-3.44227
-3.44257
-3.44227
-3.44242
-3.44332
-3.44392
-3.44347
-3.44302
-3.44392
-3.44423
-3.44559
-3.44635
-3.4465
-3.44635
-3.44635
-3.44635
-3.44634
-3.4468
-3.44664
-3.44664
-3.44558
-3.44588
-3.44498
-3.44468
-3.44528
-3.44619
-3.44665
-3.44559
-3.44483
-3.44468
-3.44483
-3.44559
-3.44559
-3.44484
-3.44604
-3.44544
-3.44574
-3.44453
-3.44408
-3.44529
-3.44498
-3.44438
-3.44423
-3.44423
-3.44438
-3.44408
-3.44453
-3.44423
-3.44377
-3.44483
-3.44408
-3.44287
-3.44287
-3.44377
-3.44513
-3.44574
-3.44468
-3.44392
-3.44437
-3.44453
-3.44438
-3.44408
-3.44317
-3.44302
-3.44333
-3.44378
-3.44332
-3.44362
-3.44393
-3.44423
-3.44378
-3.44332
-3.44392
-3.44392
-3.44468
-3.44407
-3.44528
-3.44695
-3.44634
-3.44514
-3.44544
-3.44589
-3.44589
-3.44498
-3.44437
-3.44377
-3.44438
-3.44483
-3.44468
-3.44559
-3.44528
-3.44528
-3.44513
-3.44362
-3.44362
-3.44422
-3.44483
-3.44573
-3.44453
-3.44393
-3.44332
-3.44347
-3.44377
-3.44332
-3.44437
-3.44528
-3.44588
-3.44513
-3.44588
-3.44634
-3.44558
-3.44588
-3.44619
-3.44589
-3.44679
-3.44815
-3.44906
-3.45012
-3.45102
-3.45057
-3.44982
-3.45057
-3.44921
-3.44981
-3.44905
-3.44936
-3.45011
-3.44981
-3.44905
-3.44951
-3.45041
-3.44966
-3.44966
-3.44951
-3.44906
-3.44891
-3.44891
-3.44936
-3.44921
-3.44861
-3.448
-3.4483
-3.44815
-3.448
-3.44785
-3.4474
-3.4477
-3.4474
-3.44815
-3.4486
-3.44679
-3.44739
-3.44679
-3.44709
-3.4477
-3.448
-3.4477
-3.44816
-3.44846
-3.44755
-3.4477
-3.44755
-3.44724
-3.44815
-3.44861
-3.44876
-3.44921
-3.44921
-3.44846
-3.44785
-3.448
-3.4477
-3.44816
-3.44831
-3.4474
-3.44695
-3.44604
-3.44528
-3.44664
-3.44619
-3.44543
-3.44438
-3.44317
-3.44408
-3.44317
-3.44468
-3.44498
-3.44574
-3.44574
-3.44513
-3.44604
-3.44649
-3.44649
-3.44604
-3.44725
-3.44725
-3.44725
-3.4474
-3.4471
-3.44665
-3.44679
-3.44679
-3.44664
-3.44695
-3.4471
-3.4465
-3.44544
-3.44574
-3.44484
-3.44377
-3.44377
-3.44422
-3.44528
-3.44468
-3.44498
-3.44574
-3.44529
-3.44529
-3.44332
-3.44377
-3.44438
-3.44377
-3.44377
-3.44317
-3.44257
-3.44287
-3.44257
-3.44333
-3.44408
-3.44498
-3.44543
-3.44467
-3.44437
-3.44482
-3.44558
-3.44498
-3.44468
-3.44377
-3.44423
-3.44438
-3.44513
-3.44543
-3.44528
-3.44498
-3.44453
-3.44513
-3.44483
-3.44438
-3.44226
-3.44271
-3.44302
-3.44347
-3.44392
-3.44422
-3.44558
-3.44482
-3.44467
-3.44392
-3.44347
-3.44362
-3.44407
-3.44332
-3.44287
-3.44241
-3.44241
-3.44226
-3.44196
-3.44181
-3.44241
-3.44362
-3.44422
-3.44422
-3.44482
-3.44498
-3.44437
-3.44302
-3.44347
-3.44287
-3.44226
-3.44287
-3.4412
-3.44045
-3.44045
-3.44045
-3.4412
-3.44241
-3.44165
-3.44151
-3.44166
-3.44242
-3.44257
-3.44302
-3.44362
-3.44302
-3.44256
-3.4418
-3.44241
-3.44241
-3.44256
-3.44181
-3.44151
-3.44151
-3.44151
-3.44105
-3.44151
-3.44257
-3.44257
-3.44212
-3.44272
-3.44318
-3.44393
-3.44333
-3.44408
-3.44423
-3.44468
-3.44498
-3.44573
-3.44527
-3.44452
-3.44437
-3.44498
-3.44483
-3.44468
-3.44453
-3.44544
-3.44559
-3.44559
-3.44468
-3.44468
-3.44483
-3.44332
-3.44362
-3.44377
-3.44362
-3.44407
-3.44332
-3.44453
-3.44393
-3.44423
-3.44408
-3.44408
-3.44362
-3.44272
-3.44287
-3.44135
-3.44045
-3.4403
-3.44075
-3.4409
-3.4412
-3.44135
-3.4412
-3.44045
-3.4412
-3.44075
-3.44045
-3.44121
-3.44121
-3.44091
-3.44121
-3.44106
-3.44136
-3.4415
-3.4412
-3.44181
-3.44196
-3.44197
-3.44122
-3.44152
-3.44167
-3.44152
-3.44106
-3.44045
-3.4415
-3.44165
-3.44135
-3.44091
-3.44061
-3.44137
-3.44197
-3.44182
-3.44197
-3.44182
-3.44106
-3.44121
-3.44136
-3.44075
-3.4409
-3.43985
-3.4406
-3.44075
-3.4409
-3.44015
-3.44121
-3.44015
-3.44045
-3.44
-3.44046
-3.44015
-3.4397
-3.43924
-3.43985
-3.43985
-3.44061
-3.44016
-3.43925
-3.4397
-3.44
-3.4406
-3.44075
-3.43999
-3.43894
-3.4397
-3.43955
-3.44045
-3.44046
-3.43985
-3.44016
-3.44061
-3.44076
-3.44076
-3.44106
-3.44105
-3.44196
-3.44105
-3.44151
-3.44105
-3.44075
-3.44106
-3.44106
-3.44197
-3.44227
-3.44197
-3.44076
-3.44046
-3.44122
-3.44122
-3.44106
-3.44061
-3.44
-3.44015
-3.44075
-3.44075
-3.43985
-3.44
-3.43955
-3.43819
-3.4388
-3.43879
-3.43834
-3.43955
-3.44
-3.44031
-3.44031
-3.44122
-3.44182
-3.44212
-3.44151
-3.44121
-3.44196
-3.44272
-3.44227
-3.44227
-3.44227
-3.44212
-3.44318
-3.44363
-3.44303
-3.44303
-3.44272
-3.44182
-3.44046
-3.44
-3.44031
-3.4397
-3.43955
-3.4397
-3.43985
-3.4403
-3.44
-3.43864
-3.44046
-3.44106
-3.44166
-3.44046
-3.44031
-3.4397
-3.39397
-3.39427
-3.39517
-3.39532
-3.39533
-3.39518
-3.39518
-3.39472
-3.39518
-3.39638
-3.39608
-3.39593
-3.39608
-3.39744
-3.39729
-3.39819
-3.39789
-3.39713
-3.39668
-3.39608
-3.39563
-3.39503
-3.39608
-3.39653
-3.39789
-3.39698
-3.39592
-3.39623
-3.39653
-3.39592
-3.39547
-3.39562
-3.39532
-3.39562
-3.39517
-3.39517
-3.39562
-3.39562
-3.39517
-3.39532
-3.39638
-3.39623
-3.39547
-3.39592
-3.39577
-3.39487
-3.39562
-3.39532
-3.39578
-3.39699
-3.39608
-3.39638
-3.39517
-3.39471
-3.39532
-3.39562
-3.39623
-3.39608
-3.39577
-3.39622
-3.39667
-3.39682
-3.39667
-3.39653
-3.39698
-3.39759
-3.39759
-3.39759
-3.39683
-3.39728
-3.39729
-3.39759
-3.39804
-3.39804
-3.39683
-3.39728
-3.39743
-3.39819
-3.39864
-3.39879
-3.39864
-3.39743
-3.39653
-3.39653
-3.39683
-3.39758
-3.39773
-3.39758
-3.39743
-3.39622
-3.39592
-3.39607
-3.39743
-3.39773
-3.39743
-3.39834
-3.39864
-3.39773
-3.39788
-3.39849
-3.39864
-3.39849
-3.39789
-3.39804
-3.39668
-3.39622
-3.39622
-3.39561
-3.39622
-3.39607
-3.39577
-3.39607
-3.39623
-3.39623
-3.39517
-3.39502
-3.39517
-3.39532
-3.39426
-3.39471
-3.39546
-3.39531
-3.39577
-3.39516
-3.39426
-3.39396
-3.39351
-3.39441
-3.39502
-3.39622
-3.39622
-3.39637
-3.39713
-3.39713
-3.39803
-3.39773
-3.39698
-3.39683
-3.39652
-3.39653
-3.39637
-3.39773
-3.39849
-3.39925
-3.3994
-3.3994
-3.39804
-3.39668
-3.39728
-3.39819
-3.39804
-3.39849
-3.39924
-3.39834
-3.39834
-3.39788
-3.39864
-3.39925
-3.3994
-3.39985
-3.39879
-3.3997
-3.40015
-3.40015
-3.40061
-3.40061
-3.40016
-3.39955
-3.39865
-3.39774
-3.3979
-3.39774
-3.39774
-3.3982
-3.39759
-3.39774
-3.39834
-3.39788
-3.39894
-3.39848
-3.39894
-3.39819
-3.39834
-3.39789
-3.39774
-3.39729
-3.39805
-3.39895
-3.3994
-3.39955
-3.39985
-3.40091
-3.40136
-3.40121
-3.4009
-3.40166
-3.40226
-3.40241
-3.40105
-3.4003
-3.4006
-3.40091
-3.4003
-3.40045
-3.40106
-3.40106
-3.40016
-3.3991
-3.40001
-3.40016
-3.3997
-3.3997
-3.3997
-3.39909
-3.39834
-3.39819
-3.39728
-3.39744
-3.39668
-3.39638
-3.39653
-3.39637
-3.39622
-3.39622
-3.39577
-3.39683
-3.39638
-3.39638
-3.39728
-3.39789
-3.39789
-3.39849
-3.39758
-3.39758
-3.39743
-3.39759
-3.39608
-3.39668
-3.39638
-3.39638
-3.39728
-3.39683
-3.39804
-3.39773
-3.39698
-3.39773
-3.39819
-3.39758
-3.39713
-3.39698
-3.39653
-3.39608
-3.39623
-3.39759
-3.39758
-3.39667
-3.39818
-3.39833
-3.39924
-3.39833
-3.39848
-3.39818
-3.39894
-3.39954
-3.39924
-3.39955
-3.39955
-3.39849
-3.39864
-3.39879
-3.39819
-3.39773
-3.39713
-3.39743
-3.39803
-3.39743
-3.39758
-3.39773
-3.39698
-3.39758
-3.39758
-3.39698
-3.39728
-3.39803
-3.39894
-3.39894
-3.39909
-3.39879
-3.4003
-3.40121
-3.40136
-3.40151
-3.40166
-3.40136
-3.40106
-3.40136
-3.40151
-3.40151
-3.4009
-3.4003
-3.39954
-3.39924
-3.39819
-3.39622
-3.39758
-3.39728
-3.39652
-3.39682
-3.39606
-3.39576
-3.39576
-3.39546
-3.3947
-3.39425
-3.39455
-3.3938
-3.39516
-3.39441
-3.39471
-3.3938
-3.39395
-3.39395
-3.3938
-3.3941
-3.39471
-3.39319
-3.39365
-3.3947
-3.3944
-3.39485
-3.39621
-3.39486
-3.39516
-3.39531
-3.39455
-3.39561
-3.39591
-3.39651
-3.39667
-3.39742
-3.39727
-3.39803
-3.39758
-3.39622
-3.39561
-3.39621
-3.39621
-3.39485
-3.39637
-3.39577
-3.39546
-3.39501
-3.3953
-3.3953
-3.39591
-3.39636
-3.39531
-3.39531
-3.39471
-3.39425
-3.39501
-3.39516
-3.39516
-3.39637
-3.39592
-3.39622
-3.39501
-3.39516
-3.39516
-3.39591
-3.39546
-3.39425
-3.39395
-3.3941
-3.39395
-3.3938
-3.39365
-3.39289
-3.39334
-3.3944
-3.39425
-3.3935
-3.39259
-3.39335
-3.39259
-3.39335
-3.39455
-3.39485
-3.3947
-3.39455
-3.39379
-3.39364
-3.39274
-3.39259
-3.39289
-3.3941
-3.39364
-3.39349
-3.39454
-3.39439
-3.39454
-3.39409
-3.39439
-3.39576
-3.39576
-3.39666
-3.39666
-3.39666
-3.39697
-3.39636
-3.39712
-3.39772
-3.39787
-3.39742
-3.39757
-3.39787
-3.39862
-3.39847
-3.39923
-3.39923
-3.39893
-3.39878
-3.39848
-3.39757
-3.39818
-3.39727
-3.39712
-3.39621
-3.39621
-3.39696
-3.39681
-3.39696
-3.39741
-3.39741
-3.39696
-3.39712
-3.39712
-3.39772
-3.39893
-3.39923
-3.39863
-3.39787
-3.39757
-3.39727
-3.39712
-3.39772
-3.39666
-3.39667
-3.39667
-3.39636
-3.39591
-3.39576
-3.39636
-3.39531
-3.39591
-3.39515
-3.39591
-3.39651
-3.39621
-3.3953
-3.39576
-3.39667
-3.39697
-3.39652
-3.39682
-3.39667
-3.39682
-3.39758
-3.39833
-3.39894
-3.39818
-3.39893
-3.39908
-3.39938
-3.39923
-3.39969
-3.39818
-3.39924
-3.39954
-3.39833
-3.39742
-3.39772
-3.39696
-3.39636
-3.39682
-3.395
-3.39395
-3.39395
-3.39501
-3.39486
-3.39486
-3.3941
-3.3944
-3.3938
-3.39395
-3.39304
-3.39349
-3.39395
-3.39395
-3.39349
-3.39038
-3.39022
-3.38977
-3.39098
-3.39113
-3.39249
-3.39219
-3.39249
-3.39249
-3.39295
-3.3934
-3.39325
-3.39295
-3.39219
-3.39295
-3.3928
-3.3937
-3.39355
-3.3934
-3.39355
-3.394
-3.3946
-3.3946
-3.39445
-3.39476
-3.3943
-3.39416
-3.39355
-3.3928
-3.39295
-3.39264
-3.39158
-3.39128
-3.39007
-3.39007
-3.39008
-3.38947
-3.38902
-3.38842
-3.38826
-3.38917
-3.38932
-3.38917
-3.38977
-3.38856
-3.38946
-3.39007
-3.39052
-3.39083
-3.39098
-3.39113
-3.39128
-3.39128
-3.39113
-3.39083
-3.39159
-3.39219
-3.39264
-3.39294
-3.39279
-3.39399
-3.39475
-3.39475
-3.39475
-3.39445
-3.39445
-3.39415
-3.39415
-3.39234
-3.39294
-3.39325
-3.39249
-3.39174
-3.39158
-3.39083
-3.39113
-3.38992
-3.39052
-3.39052
-3.39067
-3.39173
-3.39143
-3.39264
-3.39158
-3.39113
-3.39067
-3.39067
-3.39022
-3.39052
-3.39067
-3.39113
-3.39082
-3.39067
-3.38977
-3.39007
-3.39067
-3.39052
-3.39097
-3.39112
-3.39127
-3.38991
-3.39067
-3.39083
-3.39053
-3.39037
-3.39037
-3.39097
-3.39082
-3.39006
-3.38931
-3.38946
-3.38886
-3.38856
-3.38736
-3.38781
-3.3875
-3.38765
-3.38689
-3.38704
-3.38765
-3.3878
-3.3869
-3.3869
-3.3875
-3.38811
-3.38886
-3.38856
-3.39053
-3.39052
-3.39037
-3.39052
-3.39022
-3.38976
-3.39022
-3.39098
-3.39128
-3.39038
-3.38977
-3.38992
-3.39128
-3.39053
-3.39083
-3.39067
-3.39113
-3.39143
-3.38977
-3.39038
-3.39038
-3.39068
-3.39023
-3.39038
-3.39173
-3.39204
-3.39249
-3.394
-3.394
-3.39369
-3.3943
-3.39415
-3.3937
-3.3943
-3.39416
-3.39461
-3.39506
-3.39506
-3.39551
-3.39521
-3.39521
-3.39581
-3.39566
-3.39536
-3.39567
-3.39506
-3.39567
-3.39567
-3.39687
-3.39747
-3.39687
-3.39747
-3.39717
-3.39777
-3.39837
-3.39898
-3.39883
-3.39883
-3.39884
-3.39914
-3.39869
-3.39823
-3.39778
-3.39732
-3.39672
-3.39626
-3.3955
-3.3952
-3.39415
-3.3937
-3.39294
-3.39325
-3.39355
-3.3934
-3.39415
-3.39536
-3.39521
-3.39581
-3.39551
-3.39535
-3.39581
-3.39596
-3.39687
-3.39672
-3.39521
-3.39476
-3.39536
-3.39536
-3.39536
-3.39506
-3.39445
-3.39446
-3.39506
-3.39476
-3.39491
-3.39355
-3.3937
-3.3943
-3.39415
-3.39355
-3.39294
-3.39279
-3.39173
-3.39173
-3.39112
-3.39158
-3.39203
-3.39158
-3.39219
-3.39204
-3.39324
-3.39204
-3.39158
-3.39218
-3.39158
-3.39128
-3.39067
-3.39082
-3.39112
-3.39263
-3.39248
-3.39309
-3.3937
-3.3943
-3.39294
-3.394
-3.3943
-3.3943
-3.39445
-3.3949
-3.39445
-3.39505
-3.39505
-3.39354
-3.39399
-3.39369
-3.39399
-3.39384
-3.39354
-3.39369
-3.39278
-3.39459
-3.39354
-3.39293
-3.39248
-3.39233
-3.39294
-3.39279
-3.39234
-3.39324
-3.394
-3.39369
-3.39384
-3.39278
-3.39172
-3.39142
-3.39127
-3.39127
-3.39097
-3.38961
-3.39037
-3.39067
-3.39082
-3.39052
-3.39006
-3.39037
-3.39052
-3.39082
-3.39082
-3.39067
-3.39081
-3.39112
-3.39172
-3.39157
-3.39157
-3.39187
-3.39142
-3.39203
-3.39128
-3.39233
-3.39399
-3.39384
-3.39368
-3.39459
-3.39414
-3.3949
-3.39535
-3.39611
-3.39671
-3.39641
-3.39565
-3.3955
-3.3964
-3.39746
-3.39837
-3.39853
-3.39853
-3.39853
-3.39868
-3.39823
-3.39732
-3.39671
-3.39701
-3.3961
-3.3952
-3.39414
-3.39354
-3.39293
-3.39339
-3.39399
-3.39399
-3.39444
-3.3946
-3.39459
-3.39384
-3.39354
-3.39399
-3.394
-3.39491
-3.39597
-3.39717
-3.39717
-3.3961
-3.39595
-3.39535
-3.3943
-3.3949
-3.39475
-3.3949
-3.3952
-3.39611
-3.39596
-3.39566
-3.3949
-3.3946
-3.39459
-3.39489
-3.39535
-3.39535
-3.39475
-3.39415
-3.39415
-3.39264
-3.39218
-3.39279
-3.39263
-3.39323
-3.39368
-3.39353
-3.39459
-3.39565
-3.3952
-3.39535
-3.39565
-3.3961
-3.3952
-3.39505
-3.39444
-3.3943
-3.39294
-3.39234
-3.39355
-3.39309
-3.39264
-3.39294
-3.39188
-3.39202
-3.39112
-3.39036
-3.39006
-3.38991
-3.38976
-3.38961
-3.39128
-3.39112
-3.39052
-3.39067
-3.39037
-3.38976
-3.39082
-3.38961
-3.39021
-3.39006
-3.38961
-3.38901
-3.38931
-3.38916
-3.38901
-3.38871
-3.38916
-3.38886
-3.3887
-3.3887
-3.38991
-3.39006
-3.38931
-3.38901
-3.38931
-3.38961
-3.38886
-3.38886
-3.38931
-3.38916
-3.38901
-3.39007
-3.39007
-3.39052
-3.38992
-3.38947
-3.39007
-3.39052
-3.39158
-3.39203
-3.39128
-3.39218
-3.39324
-3.39249
-3.39294
-3.39324
-3.39445
-3.3943
-3.3946
-3.3949
-3.39521
-3.39491
-3.39596
-3.39581
-3.39445
-3.39415
-3.39445
-3.3943
-3.39566
-3.39551
-3.39581
-3.39566
-3.39551
-3.3949
-3.39581
-3.39641
-3.39717
-3.39687
-3.39671
-3.39687
-3.39657
-3.39641
-3.39672
-3.39611
-3.39778
-3.39762
-3.39717
-3.39747
-3.39732
-3.39672
-3.39687
-3.39672
-3.39642
-3.39566
-3.39491
-3.39566
-3.39581
-3.39716
-3.39701
-3.39626
-3.39702
-3.39687
-3.39626
-3.39626
-3.39611
-3.39596
-3.39641
-3.39702
-3.39778
-3.39672
-3.39922
-3.39922
-3.39877
-3.39877
-3.39695
-3.39544
-3.39574
-3.39589
-3.39604
-3.3965
-3.39604
-3.39574
-3.39499
-3.39544
-3.39499
-3.39589
-3.39574
-3.39604
-3.39619
-3.3968
-3.39725
-3.39755
-3.39801
-3.39756
-3.39726
-3.39681
-3.39771
-3.39711
-3.39665
-3.3971
-3.3968
-3.3968
-3.39604
-3.39635
-3.39665
-3.3965
-3.39604
-3.39574
-3.39529
-3.39499
-3.39468
-3.39529
-3.39589
-3.39604
-3.39619
-3.39665
-3.3965
-3.39499
-3.39393
-3.39409
-3.39575
-3.39605
-3.3962
-3.3965
-3.39589
-3.39635
-3.39589
-3.39559
-3.39619
-3.39695
-3.39741
-3.39635
-3.3956
-3.39605
-3.39666
-3.39606
-3.3959
-3.3965
-3.39605
-3.39635
-3.39635
-3.3971
-3.39771
-3.39846
-3.39891
-3.39831
-3.39816
-3.39801
-3.39877
-3.39968
-3.39907
-3.39802
-3.39726
-3.39666
-3.39605
-3.39545
-3.3956
-3.39605
-3.39545
-3.39499
-3.39408
-3.39453
-3.39483
-3.39483
-3.39423
-3.39529
-3.39529
-3.3959
-3.3962
-3.39635
-3.39514
-3.39529
-3.39499
-3.39438
-3.39484
-3.39499
-3.39484
-3.39393
-3.39469
-3.39378
-3.39362
-3.39468
-3.39513
-3.39559
-3.39604
-3.3968
-3.39755
-3.39756
-3.39816
-3.39741
-3.39816
-3.39741
-3.39741
-3.39741
-3.39892
-3.39876
-3.39967
-3.40012
-3.39967
-3.39967
-3.39876
-3.39952
-3.39907
-3.39937
-3.39892
-3.39771
-3.39772
-3.39772
-3.39817
-3.39816
-3.39831
-3.39861
-3.39876
-3.39786
-3.39741
-3.39862
-3.39816
-3.39756
-3.39771
-3.39726
-3.39741
-3.39802
-3.39802
-3.39848
-3.39923
-3.39801
-3.39801
-3.39816
-3.39801
-3.39695
-3.39695
-3.39756
-3.39756
-3.39696
-3.39681
-3.39696
-3.39545
-3.3956
-3.3959
-3.3959
-3.39514
-3.39544
-3.39499
-3.39499
-3.39529
-3.39514
-3.39589
-3.39575
-3.39575
-3.39544
-3.39605
-3.3959
-3.39544
-3.39605
-3.39605
-3.39605
-3.3965
-3.39665
-3.3959
-3.39665
-3.3965
-3.39604
-3.39574
-3.39574
-3.39635
-3.3962
-3.39544
-3.39499
-3.39454
-3.39484
-3.39454
-3.39544
-3.39589
-3.39574
-3.39559
-3.39544
-3.39499
-3.39514
-3.39438
-3.39318
-3.39242
-3.39227
-3.39347
-3.39377
-3.39377
-3.39453
-3.39408
-3.39318
-3.39348
-3.39454
-3.39454
-3.39469
-3.39453
-3.39499
-3.39529
-3.39574
-3.39559
-3.39514
-3.39483
-3.39529
-3.3956
-3.39454
-3.39545
-3.39454
-3.39333
-3.39378
-3.39453
-3.39468
-3.39438
-3.39483
-3.39498
-3.39544
-3.39499
-3.39559
-3.39468
-3.39453
-3.39378
-3.39408
-3.39498
-3.39453
-3.39453
-3.39438
-3.39468
-3.39574
-3.39514
-3.39468
-3.39484
-3.39499
-3.39468
-3.39438
-3.39423
-3.39408
-3.39483
-3.39453
-3.39529
-3.39453
-3.39302
-3.39363
-3.39484
-3.3959
-3.39469
-3.39363
-3.39378
-3.39317
-3.39317
-3.39468
-3.39377
-3.39438
-3.39362
-3.39317
-3.39362
-3.39242
-3.39121
-3.39166
-3.39182
-3.39242
-3.39272
-3.39317
-3.39362
-3.39362
-3.39423
-3.39453
-3.39483
-3.39514
-3.39498
-3.39423
-3.39423
-3.39559
-3.39544
-3.39559
-3.39635
-3.39695
-3.3974
-3.39679
-3.39664
-3.39634
-3.39664
-3.39649
-3.39679
-3.3974
-3.39649
-3.39725
-3.39635
-3.39665
-3.39695
-3.3965
-3.3968
-3.39725
-3.39634
-3.39589
-3.39589
-3.39694
-3.39589
-3.39528
-3.39468
-3.39498
-3.39498
-3.39513
-3.39408
-3.39392
-3.39408
-3.39438
-3.39453
-3.39362
-3.39377
-3.39347
-3.39347
-3.39483
-3.39499
-3.39484
-3.39514
-3.39634
-3.39604
-3.39589
-3.3968
-3.39574
-3.39634
-3.39543
-3.39559
-3.39498
-3.39529
-3.39529
-3.39559
-3.39498
-3.39438
-3.39543
-3.39483
-3.39528
-3.39589
-3.39589
-3.39589
-3.39604
-3.39634
-3.39513
-3.39528
-3.39483
-3.39513
-3.39528
-3.39558
-3.39528
-3.39528
-3.39558
-3.39498
-3.39422
-3.39392
-3.39422
-3.39482
-3.39482
-3.39468
-3.39513
-3.39559
-3.39559
-3.39483
-3.39468
-3.39513
-3.39528
-3.39528
-3.39498
-3.39468
-3.39483
-3.39438
-3.39423
-3.39362
-3.39362
-3.39483
-3.39453
-3.39483
-3.39483
-3.39468
-3.39498
-3.39468
-3.39544
-3.39544
-3.39619
-3.39756
-3.3971
-3.3968
-3.39634
-3.39604
-3.39589
-3.39513
-3.39604
-3.39589
-3.39514
-3.39363
-3.39439
-3.39484
-3.39484
-3.39453
-3.39408
-3.39423
-3.39377
-3.39317
-3.39302
-3.39302
-3.39302
-3.39272
-3.39287
-3.39317
-3.39287
-3.39241
-3.39302
-3.39348
-3.39348
-3.39302
-3.39408
-3.39423
-3.39529
-3.39529
-3.39514
-3.39544
-3.39514
-3.39498
-3.39529
-3.39589
-3.3968
-3.39741
-3.3965
-3.3968
-3.39619
-3.39574
-3.39544
-3.39605
-3.3959
-3.39499
-3.39544
-3.39484
-3.39483
-3.39408
-3.39438
-3.39453
-3.39528
-3.39619
-3.3971
-3.39635
-3.39695
-3.39695
-3.39665
-3.39695
-3.39634
-3.39695
-3.39665
-3.3965
-3.39665
-3.39635
-3.39695
-3.39665
-3.39589
-3.39619
-3.39665
-3.39604
-3.39513
-3.39604
-3.39543
-3.39543
-3.39543
-3.39574
-3.39574
-3.39574
-3.39559
-3.39469
-3.39529
-3.39483
-3.39453
-3.39483
-3.39513
-3.39422
-3.39498
-3.39559
-3.39575
-3.41523
-3.41538
-3.41553
-3.41614
-3.41629
-3.41613
-3.41553
-3.41568
-3.41659
-3.41492
-3.41508
-3.41613
-3.41659
-3.41628
-3.41659
-3.41704
-3.41749
-3.41779
-3.41734
-3.41764
-3.4184
-3.41779
-3.41704
-3.41734
-3.41749
-3.41779
-3.41749
-3.4181
-3.41779
-3.4181
-3.41855
-3.41855
-3.41855
-3.41765
-3.4184
-3.41795
-3.41689
-3.41735
-3.41735
-3.41538
-3.41583
-3.41628
-3.41552
-3.41492
-3.41552
-3.41568
-3.41462
-3.41417
-3.41372
-3.41357
-3.41477
-3.41538
-3.41598
-3.41538
-3.41508
-3.41478
-3.41447
-3.41402
-3.41432
-3.41507
-3.41417
-3.41432
-3.41477
-3.41462
-3.41432
-3.41386
-3.41386
-3.41401
-3.41461
-3.41492
-3.41568
-3.41508
-3.41508
-3.41523
-3.41538
-3.41629
-3.41568
-3.41553
-3.41643
-3.41688
-3.41733
-3.41733
-3.41855
-3.41764
-3.41885
-3.4187
-3.41885
-3.4181
-3.41855
-3.41719
-3.41643
-3.41704
-3.41749
-3.41779
-3.41779
-3.41824
-3.419
-3.42006
-3.41991
-3.42021
-3.41946
-3.42006
-3.42006
-3.42006
-3.42051
-3.4199
-3.4196
-3.41915
-3.419
-3.4196
-3.41975
-3.4199
-3.41975
-3.41945
-3.42051
-3.41976
-3.41961
-3.41976
-3.42036
-3.42051
-3.42006
-3.41946
-3.4184
-3.4181
-3.41764
-3.41885
-3.41839
-3.41794
-3.41749
-3.41794
-3.41779
-3.41749
-3.41704
-3.41765
-3.4178
-3.41825
-3.4178
-3.41749
-3.41794
-3.41779
-3.41764
-3.41704
-3.41779
-3.41794
-3.41794
-3.41885
-3.4184
-3.4187
-3.41885
-3.419
-3.41915
-3.41885
-3.4196
-3.41945
-3.41976
-3.419
-3.4184
-3.41704
-3.41674
-3.41734
-3.41689
-3.41749
-3.41628
-3.41553
-3.41613
-3.41598
-3.41704
-3.41704
-3.41779
-3.41674
-3.41719
-3.41674
-3.41628
-3.41568
-3.41628
-3.41718
-3.41703
-3.41749
-3.41658
-3.41689
-3.41523
-3.41583
-3.41613
-3.41613
-3.41613
-3.41552
-3.41567
-3.41522
-3.41522
-3.41537
-3.41537
-3.41417
-3.41492
-3.41447
-3.41417
-3.41523
-3.41508
-3.41463
-3.41508
-3.41402
-3.41402
-3.41342
-3.41236
-3.41296
-3.41341
-3.41371
-3.41356
-3.41235
-3.4116
-3.41085
-3.41115
-3.41115
-3.41191
-3.41206
-3.4116
-3.4113
-3.41145
-3.41115
-3.4113
-3.41054
-3.41069
-3.40918
-3.40993
-3.41039
-3.41039
-3.40994
-3.41054
-3.41069
-3.40978
-3.40979
-3.40994
-3.41054
-3.41054
-3.4116
-3.41191
-3.41176
-3.4113
-3.41115
-3.411
-3.41085
-3.41145
-3.41115
-3.40978
-3.41039
-3.40978
-3.40902
-3.40993
-3.40933
-3.40933
-3.40873
-3.40919
-3.41039
-3.41175
-3.41115
-3.4116
-3.41085
-3.4116
-3.41145
-3.411
-3.41145
-3.41099
-3.41039
-3.41009
-3.41009
-3.41054
-3.40994
-3.411
-3.41115
-3.41175
-3.41266
-3.4113
-3.4119
-3.41266
-3.41175
-3.4119
-3.41145
-3.41265
-3.41371
-3.41386
-3.41371
-3.41311
-3.41281
-3.41236
-3.4113
-3.4116
-3.4113
-3.41024
-3.41024
-3.40994
-3.41009
-3.41009
-3.41024
-3.41055
-3.411
-3.4113
-3.4113
-3.4113
-3.4122
-3.4113
-3.41099
-3.41145
-3.41236
-3.41205
-3.41175
-3.41266
-3.41281
-3.41251
-3.4116
-3.41039
-3.4116
-3.4113
-3.41114
-3.4116
-3.4125
-3.41311
-3.41417
-3.41386
-3.41326
-3.41296
-3.41266
-3.41236
-3.41205
-3.41251
-3.41311
-3.41296
-3.41326
-3.41356
-3.4128
-3.41341
-3.41265
-3.4125
-3.41251
-3.41266
-3.4122
-3.41341
-3.4134
-3.41355
-3.4137
-3.41446
-3.41446
-3.41386
-3.41371
-3.41356
-3.41386
-3.41492
-3.41537
-3.41476
-3.41461
-3.41416
-3.41416
-3.41431
-3.41446
-3.41431
-3.41431
-3.41415
-3.41415
-3.41385
-3.4146
-3.41581
-3.41642
-3.41702
-3.41868
-3.41899
-3.41884
-3.41899
-3.41884
-3.4196
-3.42035
-3.42035
-3.42004
-3.41929
-3.41914
-3.41914
-3.41853
-3.41853
-3.41808
-3.41808
-3.41702
-3.41702
-3.41657
-3.41611
-3.41642
-3.41627
-3.41627
-3.41521
-3.41597
-3.41597
-3.41612
-3.41476
-3.41536
-3.41536
-3.41567
-3.41567
-3.41567
-3.41642
-3.41672
-3.41702
-3.41717
-3.41748
-3.41748
-3.41793
-3.41793
-3.41703
-3.41703
-3.41793
-3.41838
-3.41823
-3.41838
-3.41944
-3.41944
-3.42095
-3.4202
-3.42065
-3.42035
-3.42035
-3.41944
-3.41989
-3.42004
-3.41823
-3.41853
-3.41868
-3.41928
-3.41959
-3.41959
-3.41929
-3.41914
-3.41853
-3.41853
-3.41792
-3.41838
-3.41868
-3.41778
-3.41808
-3.41793
-3.41793
-3.41808
-3.41777
-3.41838
-3.41808
-3.41929
-3.41959
-3.41959
-3.41989
-3.41929
-3.41929
-3.41913
-3.41944
-3.41989
-3.42004
-3.42004
-3.42004
-3.41944
-3.41944
-3.41959
-3.41899
-3.41823
-3.41913
-3.41853
-3.41808
-3.41868
-3.41899
-3.41687
-3.41717
-3.41748
-3.41702
-3.41702
-3.41717
-3.41687
-3.41777
-3.41762
-3.41853
-3.41808
-3.41868
-3.41808
-3.41793
-3.41778
-3.41823
-3.41838
-3.41823
-3.41823
-3.41687
-3.41718
-3.41657
-3.41612
-3.41672
-3.41687
-3.41687
-3.41702
-3.41763
-3.41672
-3.41672
-3.41597
-3.41642
-3.41687
-3.41672
-3.41808
-3.41838
-3.41854
-3.41929
-3.41899
-3.38923
-3.38922
-3.38922
-3.38756
-3.38786
-3.38741
-3.38696
-3.38802
-3.38848
-3.38833
-3.38833
-3.38953
-3.38878
-3.38816
-3.3871
-3.38649
-3.38604
-3.3862
-3.38696
-3.38666
-3.38651
-3.38652
-3.38485
-3.38455
-3.38439
-3.38424
-3.38438
-3.38393
-3.38469
-3.38514
-3.38514
-3.3856
-3.38575
-3.38651
-3.38772
-3.38802
-3.38757
-3.38576
-3.38561
-3.38651
-3.38605
-3.3862
-3.3862
-3.38665
-3.3877
-3.38816
-3.38756
-3.38711
-3.38697
-3.38667
-3.38712
-3.38727
-3.38802
-3.38847
-3.38801
-3.38892
-3.38816
-3.38741
-3.38771
-3.38711
-3.38741
-3.38741
-3.38817
-3.38771
-3.38696
-3.38545
-3.3856
-3.38575
-3.38575
-3.3859
-3.38635
-3.38711
-3.38801
-3.38801
-3.38816
-3.38786
-3.38711
-3.38726
-3.38665
-3.38605
-3.38635
-3.3862
-3.38696
-3.38711
-3.38892
-3.38998
-3.38922
-3.38877
-3.38862
-3.38846
-3.38846
-3.38937
-3.38937
-3.38937
-3.38877
-3.38862
-3.38953
-3.38953
-3.39059
-3.39044
-3.39104
-3.39119
-3.39088
-3.39073
-3.39088
-3.39028
-3.38907
-3.38877
-3.38847
-3.38862
-3.38756
-3.38741
-3.38711
-3.38696
-3.38726
-3.38696
-3.38756
-3.38681
-3.38711
-3.38741
-3.38696
-3.38605
-3.3865
-3.38635
-3.3859
-3.38605
-3.38605
-3.38514
-3.38544
-3.38454
-3.38454
-3.38379
-3.38379
-3.3853
-3.38545
-3.38515
-3.3853
-3.3853
-3.38515
-3.385
-3.38469
-3.38424
-3.38424
-3.38318
-3.38287
-3.38378
-3.38378
-3.38378
-3.38409
-3.38425
-3.3841
-3.38531
-3.38515
-3.385
-3.3856
-3.3856
-3.3865
-3.3862
-3.38589
-3.3862
-3.3859
-3.38514
-3.38469
-3.38484
-3.3853
-3.38454
-3.38454
-3.38469
-3.38409
-3.38454
-3.38333
-3.38349
-3.38288
-3.38318
-3.38288
-3.38242
-3.38348
-3.38378
-3.38408
-3.38393
-3.38393
-3.38348
-3.38273
-3.38348
-3.38378
-3.38499
-3.38409
-3.38333
-3.38227
-3.38212
-3.38288
-3.38423
-3.38469
-3.38514
-3.38393
-3.38363
-3.38363
-3.38408
-3.38393
-3.38363
-3.38438
-3.38469
-3.38484
-3.38439
-3.38454
-3.38408
-3.38348
-3.38333
-3.38318
-3.38332
-3.38332
-3.38363
-3.38287
-3.38302
-3.38272
-3.38257
-3.38242
-3.38242
-3.38288
-3.38379
-3.38318
-3.38334
-3.38364
-3.38228
-3.38303
-3.38333
-3.38287
-3.38302
-3.38362
-3.38453
-3.38423
-3.38408
-3.38378
-3.38393
-3.38363
-3.38454
-3.38454
-3.38499
-3.38635
-3.38666
-3.38711
-3.38725
-3.38786
-3.3874
-3.3877
-3.38695
-3.3871
-3.3868
-3.38695
-3.3868
-3.3874
-3.38725
-3.38755
-3.3871
-3.38726
-3.3862
-3.38635
-3.3859
-3.38665
-3.38635
-3.3868
-3.38756
-3.38786
-3.38725
-3.38816
-3.38635
-3.38604
-3.38574
-3.38589
-3.38695
-3.38695
-3.38711
-3.38756
-3.38725
-3.38816
-3.38816
-3.3871
-3.38756
-3.38771
-3.3868
-3.38665
-3.3868
-3.3865
-3.38605
-3.38514
-3.38499
-3.38424
-3.38333
-3.38318
-3.38303
-3.38288
-3.38303
-3.38228
-3.38167
-3.38243
-3.38242
-3.38227
-3.38318
-3.38318
-3.38469
-3.38394
-3.38394
-3.38348
-3.38424
-3.38424
-3.38454
-3.38409
-3.38439
-3.3853
-3.38454
-3.38379
-3.38364
-3.38394
-3.3844
-3.38439
-3.38454
-3.38545
-3.38575
-3.38529
-3.38438
-3.38483
-3.38498
-3.38604
-3.38529
-3.3856
-3.38514
-3.38424
-3.38379
-3.38439
-3.3844
-3.38379
-3.38455
-3.38516
-3.385
-3.38424
-3.38363
-3.38272
-3.38332
-3.38333
-3.38333
-3.38258
-3.38228
-3.38243
-3.38182
-3.38137
-3.38167
-3.38243
-3.38197
-3.38167
-3.38136
-3.38212
-3.38227
-3.38182
-3.38091
-3.38016
-3.37986
-3.38001
-3.38046
-3.38152
-3.38152
-3.38212
-3.38167
-3.38303
-3.38409
-3.38288
-3.38333
-3.38515
-3.38545
-3.38469
-3.3853
-3.38409
-3.38363
-3.38363
-3.38303
-3.38363
-3.38408
-3.38408
-3.38469
-3.38484
-3.38515
-3.38424
-3.3847
-3.38576
-3.38591
-3.38651
-3.38666
-3.38817
-3.38742
-3.38726
-3.38741
-3.38802
-3.38681
-3.38651
-3.38726
-3.38711
-3.38847
-3.38802
-3.38817
-3.38741
-3.38696
-3.38651
-3.3862
-3.38575
-3.38515
-3.38409
-3.38439
-3.38424
-3.38379
-3.38395
-3.38485
-3.3841
-3.38395
-3.38364
-3.38334
-3.38349
-3.38319
-3.38289
-3.38379
-3.38379
-3.38334
-3.38379
-3.38424
-3.38394
-3.38304
-3.38274
-3.38304
-3.38304
-3.38335
-3.38304
-3.38259
-3.38244
-3.38123
-3.38047
-3.38092
-3.38198
-3.38062
-3.38077
-3.38062
-3.38108
-3.38032
-3.38048
-3.38123
-3.38123
-3.38123
-3.38078
-3.38153
-3.38229
-3.38093
-3.38168
-3.38198
-3.38319
-3.38273
-3.38334
-3.38213
-3.38319
-3.38335
-3.3838
-3.38395
-3.38441
-3.38486
-3.38485
-3.38455
-3.3856
-3.38545
-3.3859
-3.38545
-3.38561
-3.38621
-3.38652
-3.38637
-3.38607
-3.38531
-3.38546
-3.38576
-3.38576
-3.38591
-3.38606
-3.38576
-3.38561
-3.38546
-3.3847
-3.38591
-3.38667
-3.38667
-3.38697
-3.38652
-3.38637
-3.38561
-3.38652
-3.38682
-3.38697
-3.38742
-3.38727
-3.38666
-3.38651
-3.38651
-3.38591
-3.38576
-3.3841
-3.38425