-6.3635
-6.35912
-6.35138
-6.33988
-6.32302
-6.29966
-6.27013
-6.23374
-6.19036
-6.13844
-6.0768
-6.0053
-5.92746
-5.84384
-5.75579
-5.6716
-5.5936
-5.52804
-5.47554
-5.43917
-5.41786
-5.41146
-5.41561
-5.42799
-5.44526
-5.464
-5.48344
-5.50142
-5.51696
-5.5304
-5.54112
-5.55131
-5.55962
-5.56695
-5.57266
-5.5779
-5.58164
-5.5832
-5.58375
-5.58336
-5.58185
-5.58203
-5.58294
-5.58539
-5.58869
-5.59399
-5.5994
-5.60479
-5.6082
-5.61231
-5.6135
-5.61439
-5.61421
-5.61287
-5.61122
-5.61108
-5.61126
-5.61209
-5.61438
-5.61678
-5.61995
-5.62312
-5.62585
-5.62827
-5.62955
-5.62835
-5.62534
-5.6213
-5.61586
-5.61088
-5.60657
-5.60497
-5.60362
-5.60187
-5.59904
-5.59379
-5.58736
-5.57993
-5.57469
-5.57139
-5.56948
-5.57156
-5.5775
-5.58713
-5.59927
-5.61328
-5.62638
-5.63999
-5.65341
-5.66457
-5.67381
-5.6808
-5.68508
-5.68667
-5.68536
-5.68171
-5.67578
-5.66831
-5.65789
-5.64566
-5.63226
-5.61844
-5.60295
-5.58761
-5.57319
-5.55944
-5.54796
-5.53901
-5.53296
-5.52901
-5.52761
-5.52824
-5.53041
-5.53461
-5.54099
-5.54936
-5.5613
-5.57456
-5.58962
-5.60642
-5.62401
-5.64053
-5.65425
-5.66593
-5.67314
-5.67703
-5.67699
-5.67259
-5.66386
-5.65303
-5.64034
-5.6261
-5.61204
-5.59792
-5.58476
-5.57257
-5.56144
-5.55367
-5.54912
-5.5481
-5.55082
-5.55746
-5.56817
-5.58254
-5.59785
-5.61434
-5.6315
-5.6462
-5.65758
-5.66554
-5.66981
-5.6711
-5.66916
-5.66497
-5.65737
-5.64789
-5.63711
-5.62523
-5.61352
-5.60104
-5.58852
-5.57732
-5.56664
-5.55846
-5.5534
-5.55209
-5.55486
-5.56004
-5.56742
-5.57629
-5.58372
-5.59021
-5.59484
-5.59579
-5.59386
-5.58917
-5.58145
-5.57117
-5.55936
-5.5463
-5.53577
-5.52594
-5.52085
-5.52009
-5.52443
-5.53396
-5.54683
-5.56162
-5.57582
-5.59127
-5.60286
-5.61137
-5.61619
-5.61755
-5.61594
-5.61032
-5.60258
-5.59308
-5.58402
-5.57529
-5.5684
-5.56329
-5.56102
-5.56101
-5.56321
-5.56756
-5.57325
-5.57985
-5.58683
-5.59245
-5.59683
-5.59925
-5.5996
-5.59739
-5.59343
-5.58744
-5.57929
-5.57091
-5.56316
-5.55642
-5.55175
-5.54951
-5.55065
-5.55118
-5.5538
-5.55675
-5.55901
-5.562
-5.56368
-5.56483
-5.56611
-5.56634
-5.56751
-5.56833
-5.56807
-5.56748
-5.5658
-5.56367
-5.56113
-5.55777
-5.55352
-5.54979
-5.54735
-5.54744
-5.55081
-5.55686
-5.56566
-5.57628
-5.58752
-5.59962
-5.6109
-5.62119
-5.62952
-5.63548
-5.63801
-5.63741
-5.63409
-5.6276
-5.61992
-5.61099
-5.60037
-5.58977
-5.58039
-5.57035
-5.56263
-5.55554
-5.55036
-5.54727
-5.54499
-5.54285
-5.54192
-5.5418
-5.54196
-5.54256
-5.54343
-5.54534
-5.54645
-5.54903
-5.55183
-5.55615
-5.55898
-5.56176
-5.56301
-5.56129
-5.5592
-5.55751
-5.55361
-5.5499
-5.54825
-5.548
-5.54795
-5.54798
-5.54824
-5.54899
-5.54792
-5.54626
-5.54498
-5.54492
-5.54407
-5.54464
-5.5461
-5.54818
-5.5502
-5.55217
-5.55241
-5.55148
-5.54849
-5.54675
-5.54534
-5.54469
-5.54305
-5.54027
-5.53725
-5.53306
-5.5287
-5.52502
-5.52208
-5.51977
-5.51779
-5.51755
-5.51693
-5.51884
-5.52191
-5.52728
-5.53348
-5.53972
-5.54588
-5.55122
-5.55424
-5.55611
-5.55687
-5.55517
-5.5511
-5.5465
-5.54005
-5.53215
-5.52358
-5.51499
-5.50853
-5.50267
-5.49948
-5.49817
-5.49781
-5.49976
-5.50292
-5.50724
-5.51371
-5.52185
-5.52926
-5.53696
-5.54518
-5.55167
-5.55789
-5.56468
-5.56854
-5.57116
-5.57179
-5.57019
-5.56535
-5.55786
-5.5475
-5.53446
-5.52047
-5.50618
-5.49351
-5.48367
-5.4773
-5.47492
-5.47656
-5.48325
-5.4928
-5.5039
-5.51659
-5.52939
-5.54256
-5.55339
-5.56309
-5.56921
-5.57222
-5.5721
-5.57129
-5.56848
-5.56328
-5.55764
-5.55232
-5.54624
-5.54156
-5.53763
-5.53718
-5.53725
-5.53891
-5.54187
-5.54645
-5.55327
-5.56135
-5.56898
-5.57731
-5.58394
-5.58861
-5.59132
-5.59283
-5.59173
-5.59071
-5.58804
-5.5855
-5.58169
-5.57829
-5.57442
-5.57124
-5.56689
-5.56294
-5.55793
-5.55404
-5.55015
-5.54563
-5.54302
-5.54077
-5.54023
-5.54076
-5.54269
-5.54445
-5.54675
-5.55026
-5.55137
-5.55366
-5.55635
-5.55771
-5.55921
-5.56067
-5.56183
-5.56208
-5.56227
-5.56314
-5.5645
-5.56717
-5.5694
-5.57325
-5.57764
-5.58166
-5.58552
-5.5874
-5.58896
-5.58801
-5.58556
-5.58051
-5.57325
-5.56487
-5.55614
-5.54674
-5.53935
-5.53331
-5.53133
-5.53199
-5.5353
-5.54013
-5.54683
-5.55666
-5.5659
-5.57592
-5.58511
-5.59414
-5.60325
-5.61045
-5.61743
-5.62188
-5.62457
-5.62645
-5.62672
-5.625
-5.62091
-5.61692
-5.61213
-5.60646
-5.59985
-5.59253
-5.58549
-5.57799
-5.57135
-5.56602
-5.56102
-5.55748
-5.55603
-5.55538
-5.555
-5.55555
-5.55622
-5.55664
-5.55676
-5.55711
-5.55786
-5.55939
-5.56059
-5.56303
-5.5667
-5.57026
-5.57509
-5.58043
-5.58587
-5.59081
-5.59606
-5.5972
-5.59025
-5.57709
-5.55601
-5.52899
-5.49666
-5.45821
-5.41776
-5.37358
-5.32742
-5.28001
-5.23408
-5.19223
-5.15654
-5.13104
-5.1165
-5.11201
-5.11506
-5.12059
-5.12642
-5.12922
-5.13027
-5.13041
-5.13213
-5.13867
-5.1537
-5.17549
-5.20401
-5.23526
-5.26628
-5.2946
-5.31858
-5.33833
-5.35309
-5.36612
-5.37697
-5.38185
-5.38116
-5.3727
-5.35725
-5.33682
-5.31261
-5.28771
-5.26706
-5.24823
-5.23626
-5.23136
-5.23332
-5.24175
-5.25566
-5.27265
-5.29076
-5.30818
-5.32142
-5.32861
-5.33095
-5.32734
-5.31787
-5.30469
-5.28979
-5.27295
-5.25811
-5.24423
-5.23306
-5.2245
-5.21704
-5.20991
-5.20404
-5.19862
-5.19625
-5.19688
-5.19926
-5.20332
-5.21146
-5.22062
-5.22924
-5.23611
-5.24107
-5.2406
-5.2375
-5.23229
-5.2244
-5.21793
-5.21406
-5.21463
-5.21924
-5.22791
-5.23546
-5.24022
-5.24025
-5.23799
-5.23739
-5.23977
-5.24743
-5.25871
-5.27109
-5.28245
-5.2922
-5.29767
-5.30157
-5.3026
-5.2995
-5.29325
-5.28295
-5.26954
-5.25514
-5.24078
-5.22895
-5.21797
-5.21156
-5.20499
-5.20016
-5.19614
-5.19547
-5.19962
-5.20815
-5.22097
-5.23767
-5.25408
-5.26894
-5.28098
-5.28899
-5.29125
-5.2893
-5.28561
-5.282
-5.28087
-5.28198
-5.28801
-5.29622
-5.30634
-5.31652
-5.32424
-5.32954
-5.33261
-5.33389
-5.33242
-5.32809
-5.31867
-5.30552
-5.28856
-5.27056
-5.25252
-5.23708
-5.22335
-5.21235
-5.20363
-5.19735
-5.19383
-5.19163
-5.19112
-5.19333
-5.19841
-5.20525
-5.2139
-5.22512
-5.236
-5.24771
-5.26001
-5.27174
-5.28139
-5.2915
-5.30135
-5.30932
-5.3148
-5.31799
-5.31652
-5.30768
-5.29338
-5.27409
-5.25182
-5.22715
-5.20167
-5.17688
-5.15345
-5.13224
-5.11442
-5.10116
-5.09462
-5.09479
-5.10096
-5.11303
-5.12795
-5.14435
-5.15918
-5.17062
-5.18022
-5.18756
-5.19306
-5.19612
-5.1977
-5.19871
-5.20017
-5.20156
-5.20473
-5.21088
-5.21649
-5.22308
-5.22795
-5.22938
-5.22763
-5.22294
-5.21761
-5.21204
-5.20966
-5.20759
-5.20669
-5.20699
-5.20654
-5.20487
-5.20424
-5.2024
-5.20136
-5.20067
-5.20022
-5.20267
-5.20549
-5.21125
-5.22119
-5.23432
-5.2497
-5.26327
-5.27289
-5.27677
-5.27407
-5.2642
-5.24949
-5.23073
-5.20927
-5.18817
-5.16815
-5.15349
-5.14201
-5.13727
-5.13826
-5.14408
-5.15095
-5.15796
-5.16475
-5.16717
-5.16806
-5.16801
-5.16789
-5.16967
-5.17207
-5.17617
-5.18217
-5.1885
-5.19401
-5.19855
-5.20501
-5.21053
-5.21736
-5.22793
-5.24125
-5.25667
-5.27476
-5.29365
-5.31254
-5.32817
-5.33877
-5.34379
-5.34145
-5.33244
-5.31732
-5.29883
-5.27843
-5.25913
-5.24075
-5.22422
-5.20962
-5.19619
-5.1862
-5.17809
-5.17461
-5.17372
-5.17456
-5.17633
-5.17656
-5.17436
-5.16887
-5.16139
-5.15149
-5.14392
-5.13958
-5.13939
-5.14554
-5.15654
-5.1725
-5.18994
-5.20714
-5.22131
-5.2313
-5.23775
-5.24075
-5.24321
-5.24526
-5.24705
-5.24901
-5.24913
-5.24721
-5.24432
-5.23914
-5.23199
-5.22362
-5.2152
-5.20982
-5.20525
-5.20407
-5.20541
-5.20949
-5.2134
-5.21848
-5.22403
-5.22831
-5.23243
-5.23764
-5.24375
-5.25197
-5.26549
-5.2795
-5.29482
-5.30897
-5.31715
-5.31999
-5.31507
-5.30251
-5.28559
-5.26726
-5.2481
-5.23182
-5.21798
-5.20461
-5.18991
-5.17445
-5.15846
-5.14351
-5.13303
-5.1278
-5.12781
-5.13294
-5.14342
-5.15592
-5.16747
-5.17707
-5.18216
-5.1812
-5.17577
-5.16959
-5.16164
-5.15922
-5.16396
-5.17572
-5.19322
-5.21386
-5.23165
-5.24632
-5.25598
-5.25829
-5.25411
-5.24536
-5.23374
-5.21982
-5.20559
-5.19065
-5.17538
-5.16163
-5.15017
-5.14306
-5.13897
-5.14003
-5.14314
-5.14764
-5.14979
-5.14846
-5.14383
-5.13558
-5.12787
-5.12133
-5.11807
-5.11897
-5.12186
-5.12488
-5.12464
-5.12231
-5.11839
-5.11593
-5.1166
-5.12084
-5.12567
-5.13123
-5.13495
-5.13587
-5.13334
-5.13181
-5.13066
-5.12846
-5.12819
-5.13088
-5.13901
-5.15489
-5.17697
-5.2063
-5.23852
-5.27029
-5.29804
-5.32179
-5.33939
-5.35135
-5.35708
-5.35739
-5.35072
-5.3394
-5.32533
-5.31097
-5.29757
-5.28963
-5.28506
-5.28479
-5.28365
-5.28408
-5.28402
-5.28525
-5.28907
-5.29346
-5.29904
-5.30585
-5.31284
-5.31931
-5.32459
-5.32587
-5.32375
-5.31943
-5.31005
-5.29565
-5.27868
-5.25844
-5.23692
-5.21684
-5.19931
-5.18444
-5.17311
-5.16433
-5.15961
-5.15545
-5.15463
-5.15723
-5.16554
-5.18128
-5.2051
-5.23388
-5.26405
-5.29171
-5.31703
-5.33746
-5.35209
-5.36349
-5.3694
-5.36994
-5.36392
-5.35207
-5.33415
-5.31148
-5.28362
-5.25392
-5.22582
-5.19994
-5.18172
-5.17145
-5.16876
-5.17449
-5.18825
-5.20914
-5.23733
-5.26894
-5.29727
-5.32008
-5.33306
-5.33906
-5.3412
-5.3394
-5.33657
-5.33443
-5.33064
-5.3255
-5.31832
-5.30843
-5.2956
-5.28054
-5.26414
-5.24475
-5.22645
-5.21075
-5.1977
-5.19067
-5.19081
-5.1966
-5.20673
-5.21709
-5.22537
-5.22849
-5.22066
-5.20364
-5.18297
-5.15937
-5.13743
-5.12038
-5.11169
-5.10874
-5.11131
-5.11673
-5.12321
-5.12839
-5.13069
-5.13016
-5.12756
-5.12161
-5.11495
-5.10724
-5.09755
-5.08732
-5.07559
-5.06469
-5.05709
-5.05666
-5.06403
-5.07896
-5.10186
-5.128
-5.15517
-5.17977
-5.19898
-5.21106
-5.21403
-5.20869
-5.19754
-5.18235
-5.16725
-5.15112
-5.13566
-5.12118
-5.10804
-5.09616
-5.08795
-5.0814
-5.07702
-5.07781
-5.08014
-5.08733
-5.09628
-5.10965
-5.12528
-5.14078
-5.15569
-5.16837
-5.17578
-5.18104
-5.1824
-5.18063
-5.17607
-5.16994
-5.16381
-5.1577
-5.15101
-5.14365
-5.13569
-5.12733
-5.11644
-5.10596
-5.09589
-5.08708
-5.08195
-5.07835
-5.07675
-5.07576
-5.07747
-5.08279
-5.0954
-5.11351
-5.13778
-5.16566
-5.19248
-5.21645
-5.23167
-5.23915
-5.23704
-5.227
-5.21007
-5.1879
-5.16281
-5.13424
-5.1054
-5.07852
-5.05317
-5.03151
-5.01346
-5.00215
-4.99303
-4.98865
-4.98897
-4.99105
-4.99528
-5.00266
-5.01225
-5.02478
-5.03893
-5.05597
-5.07535
-5.09798
-5.12142
-5.14688
-5.17078
-5.18961
-5.20178
-5.20636
-5.20399
-5.1967
-5.18609
-5.17366
-5.16058
-5.14851
-5.13708
-5.12901
-5.12272
-5.11991
-5.11714
-5.11156
-5.10505
-5.09699
-5.08887
-5.08657
-5.09277
-5.10826
-5.13032
-5.15196
-5.1731
-5.19208
-5.20803
-5.22103
-5.23634
-5.2496
-5.26005
-5.2671
-5.26848
-5.26374
-5.25462
-5.24133
-5.22314
-5.20115
-5.17695
-5.15084
-5.12786
-5.10716
-5.09172
-5.08184
-5.07479
-5.06818
-5.06025
-5.0514
-5.04168
-5.02929
-5.0139
-4.99844
-4.9795
-4.96198
-4.94958
-4.94576
-4.95413
-4.97111
-4.99466
-5.02055
-5.04588
-5.07051
-5.09316
-5.11158
-5.12597
-5.13681
-5.14236
-5.14405
-5.13997
-5.13132
-5.11917
-5.10463
-5.09012
-5.07803
-5.06969
-5.06705
-5.07027
-5.07771
-5.08783
-5.09872
-5.11017
-5.11939
-5.12611
-5.13173
-5.13356
-5.1344
-5.13586
-5.13474
-5.13415
-5.1364
-5.14389
-5.15935
-5.18134
-5.20694
-5.23194
-5.25484
-5.27183
-5.28173
-5.28404
-5.27714
-5.26195
-5.24054
-5.21156
-5.17881
-5.14689
-5.11773
-5.0929
-5.06711
-5.03783
-5.00338
-4.96644
-4.93253
-4.9079
-4.89515
-4.89411
-4.9025
-4.91995
-4.942
-4.96426
-4.98567
-5.00351
-5.01777
-5.02878
-5.03638
-5.04248
-5.04848
-5.05426
-5.0586
-5.05976
-5.05482
-5.04559
-5.03624
-5.03182
-5.03613
-5.05244
-5.07836
-5.10796
-5.13346
-5.15171
-5.16218
-5.16373
-5.15688
-5.14398
-5.12935
-5.11339
-5.09897
-5.08903
-5.08516
-5.08712
-5.09424
-5.1028
-5.11183
-5.12012
-5.12499
-5.12811
-5.12929
-5.12726
-5.12178
-5.11428
-5.10277
-5.09128
-5.07871
-5.06969
-5.06114
-5.05208
-5.0414
-5.0297
-5.01646
-5.00304
-4.99185
-4.98514
-4.98709
-4.99485
-5.00714
-5.02228
-5.03986
-5.05828
-5.07826
-5.09659
-5.11332
-5.12594
-5.13486
-5.13977
-5.13975
-5.13525
-5.12711
-5.11545
-5.10299
-5.09065
-5.07838
-5.06747
-5.06052
-5.05555
-5.05107
-5.0472
-5.04088
-5.02866
-5.00883
-4.98519
-4.96755
-4.96739
-4.98672
-5.01703
-5.05085
-5.08097
-5.10791
-5.13104
-5.15004
-5.16215
-5.16952
-5.16895
-5.16051
-5.14588
-5.12878
-5.11109
-5.09613
-5.08299
-5.07386
-5.06728
-5.06215
-5.05994
-5.05541
-5.04952
-5.03956
-5.02747
-5.01223
-4.99849
-4.98616
-4.97658
-4.97145
-4.96771
-4.96628
-4.96912
-4.97174
-4.97662
-4.98531
-4.99778
-5.01132
-5.024
-5.03236
-5.03691
-5.03731
-5.03498
-5.03581
-5.03958
-5.04543
-5.05176
-5.05714
-5.05874
-5.05749
-5.05541
-5.05447
-5.06
-5.07288
-5.09266
-5.11499
-5.13553
-5.15183
-5.16147
-5.16413
-5.16103
-5.1506
-5.13561
-5.11781
-5.1005
-5.08558
-5.07451
-5.06567
-5.06027
-5.05478
-5.05066
-5.04721
-5.04408
-5.0423
-5.04289
-5.04537
-5.04907
-5.05643
-5.06307
-5.07267
-5.08247
-5.09225
-5.10214
-5.11098
-5.11862
-5.12424
-5.127
-5.12444
-5.1174
-5.10731
-5.09565
-5.08611
-5.0797
-5.07871
-5.08593
-5.09914
-5.11634
-5.13409
-5.14965
-5.15931
-5.1627
-5.16007
-5.15254
-5.14087
-5.12774
-5.1144
-5.10376
-5.09631
-5.09066
-5.08864
-5.08887
-5.09205
-5.09673
-5.10267
-5.10955
-5.11686
-5.12486
-5.13155
-5.13719
-5.1407
-5.14161
-5.13768
-5.12695
-5.11149
-5.09445
-5.07586
-5.05687
-5.03926
-5.02313
-5.00965
-4.99954
-4.99564
-4.99848
-5.0103
-5.02782
-5.05092
-5.07598
-5.09887
-5.11636
-5.12758
-5.13094
-5.12711
-5.11748
-5.10619
-5.09303
-5.08245
-5.07788
-5.07904
-5.08365
-5.09118
-5.09877
-5.10576
-5.11056
-5.11447
-5.11768
-5.12447
-5.13344
-5.14809
-5.16422
-5.18191
-5.19669
-5.2028
-5.19904
-5.18543
-5.16164
-5.13021
-5.09569
-5.06336
-5.03639
-5.01826
-5.01095
-5.01245
-5.02157
-5.03675
-5.0535
-5.0684
-5.07746
-5.07865
-5.07274
-5.06167
-5.04703
-5.03123
-5.0146
-4.99734
-4.98203
-4.97664
-4.98116
-4.99238
-5.00908
-5.02745
-5.03902
-5.04627
-5.05118
-5.05585
-5.06054
-5.06589
-5.06906
-5.07115
-5.07159
-5.06986
-5.06872
-5.06716
-5.06472
-5.0609
-5.05445
-5.04394
-5.03161
-5.01668
-5.00164
-4.98876
-4.97928
-4.97383
-4.97062
-4.96617
-4.96294
-4.9626
-4.96734
-4.97756
-4.99102
-5.00369
-5.01155
-5.0134
-5.00526
-4.99055
-4.97436
-4.96566
-4.96886
-4.98662
-5.01465
-5.04609
-5.07589
-5.09908
-5.11521
-5.12178
-5.11846
-5.10783
-5.09471
-5.08294
-5.07928
-5.08536
-5.10137
-5.11971
-5.13812
-5.15159
-5.15565
-5.15323
-5.14342
-5.13059
-5.11588
-5.10305
-5.09279
-5.08583
-5.08102
-5.07491
-5.06616
-5.05675
-5.05111
-5.05055
-5.05247
-5.0548
-5.05319
-5.04784
-5.03559
-5.02012
-5.00173
-4.98044
-4.95967
-4.93715
-4.91465
-4.8923
-4.87194
-4.85692
-4.84879
-4.85206
-4.86355
-4.88326
-4.90686
-4.93076
-4.95281
-4.97279
-4.98988
-5.0037
-5.01476
-5.02022
-5.02145
-5.01873
-5.01668
-5.01312
-5.01076
-5.00744
-5.00577
-5.00502
-5.00469
-5.00241
-4.99693
-4.98587
-4.96738
-4.94363
-4.92106
-4.90447
-4.89926
-4.90406
-4.91657
-4.9283
-4.93815
-4.944
-4.9502
-4.96037
-4.97581
-4.99576
-5.01154
-5.01837
-5.01108
-4.99312
-4.96983
-4.95032
-4.93844
-4.93239
-4.92538
-4.91466
-4.89667
-4.87533
-4.85477
-4.83777
-4.82923
-4.83247
-4.84599
-4.87243
-4.90576
-4.94024
-4.97174
-4.99674
-5.01492
-5.02421
-5.03117
-5.03486
-5.03773
-5.04138
-5.04016
-5.0355
-5.02574
-5.01357
-5.00351
-5.00133
-5.00784
-5.01951
-5.03457
-5.04997
-5.06229
-5.07072
-5.0721
-5.06705
-5.05583
-5.0438
-5.0341
-5.03079
-5.03342
-5.03953
-5.04415
-5.04615
-5.04442
-5.03865
-5.03346
-5.03101
-5.03424
-5.0399
-5.04633
-5.04989
-5.05008
-5.04645
-5.03891
-5.0274
-5.01342
-4.99731
-4.97984
-4.96092
-4.94363
-4.92841
-4.9203
-4.91728
-4.92235
-4.93213
-4.94611
-4.95974
-4.97097
-4.97839
-4.98273
-4.98261
-4.98007
-4.97955
-4.98437
-4.99318
-5.00862
-5.02986
-5.05117
-5.07011
-5.0811
-5.08271
-5.07234
-5.05105
-5.02074
-4.9859
-4.95556
-4.93694
-4.93224
-4.93875
-4.94715
-4.9542
-4.95743
-4.96042
-4.96479
-4.97137
-4.98164
-4.99655
-5.01273
-5.02972
-5.04624
-5.0611
-5.07557
-5.08662
-5.0972
-5.10471
-5.10858
-5.1068
-5.10065
-5.09053
-5.08068
-5.07327
-5.07218
-5.07365
-5.07865
-5.082
-5.08157
-5.07709
-5.06754
-5.05125
-5.03081
-5.00452
-4.97752
-4.95157
-4.9316
-4.9158
-4.9049
-4.89674
-4.88826
-4.88001
-4.87122
-4.86267
-4.85675
-4.85694
-4.86415
-4.877
-4.89172
-4.9035
-4.91261
-4.91796
-4.91825
-4.91208
-4.90246
-4.8886
-4.87239
-4.8557
-4.843
-4.83852
-4.84588
-4.86006
-4.88101
-4.90546
-4.93126
-4.9551
-4.97477
-4.98794
-4.99311
-4.99298
-4.9894
-4.98425
-4.97856
-4.97371
-4.97077
-4.96718
-4.96515
-4.96187
-4.95643
-4.94895
-4.94125
-4.93159
-4.92193
-4.91278
-4.9049
-4.89904
-4.89873
-4.9049
-4.91835
-4.93841
-4.96092
-4.98203
-4.99811
-5.0043
-5.00379
-4.99602
-4.98769
-4.98264
-4.9809
-4.98111
-4.98388
-4.98444
-4.98176
-4.97844
-4.97568
-4.97687
-4.98269
-4.99349
-5.01033
-5.03106
-5.05441
-5.07449
-5.0878
-5.09066
-5.08381
-5.06758
-5.04279
-5.01338
-4.98275
-4.95519
-4.93269
-4.91909
-4.91865
-4.93016
-4.95214
-4.98125
-5.01329
-5.04693
-5.07608
-5.09985
-5.11934
-5.13396
-5.1451
-5.15427
-5.16142
-5.16473
-5.16241
-5.15527
-5.14279
-5.12413
-5.10375
-5.08479
-5.07068
-5.06305
-5.06024
-5.06115
-5.06078
-5.05623
-5.04909
-5.0388
-5.0305
-5.02439
-5.02363
-5.02869
-5.03743
-5.04865
-5.05899
-5.0671
-5.07101
-5.07067
-5.06616
-5.05772
-5.04563
-5.03282
-5.02289
-5.01805
-5.02319
-5.03733
-5.05848
-5.08116
-5.10259
-5.11765
-5.12193
-5.11256
-5.08819
-5.05316
-5.00946
-4.9709
-4.94562
-4.93829
-4.94953
-4.97451
-5.00694
-5.04223
-5.07229
-5.09275
-5.10058
-5.09368
-5.07443
-5.04548
-5.00906
-4.97041
-4.93446
-4.90523
-4.88971
-4.8909
-4.9118
-4.95118
-5.00259
-5.05986
-5.11613
-5.16259
-5.19706
-5.21512
-5.21797
-5.2072
-5.18481
-5.15891
-5.13254
-5.1087
-5.09116
-5.08014
-5.07497
-5.07433
-5.07334
-5.06712
-5.05398
-5.03867
-5.02303
-5.01162
-5.00875
-5.01618
-5.03092
-5.04774
-5.06314
-5.07574
-5.08133
-5.08159
-5.07875
-5.07413
-5.06989
-5.06797
-5.0677
-5.0691
-5.07039
-5.06997
-5.06576
-5.05497
-5.03984
-5.02026
-4.99791
-4.97339
-4.95134
-4.93063
-4.91457
-4.90357
-4.89854
-4.89852
-4.89975
-4.89963
-4.89741
-4.89207
-4.88605
-4.87965
-4.8749
-4.87468
-4.87817
-4.88648
-4.90051
-4.91712
-4.93506
-4.95144
-4.96499
-4.97625
-4.9859
-4.99297
-4.99909
-5.0074
-5.01694
-5.02792
-5.04064
-5.05468
-5.07011
-5.08533
-5.09902
-5.11045
-5.11909
-5.12419
-5.12637
-5.12704
-5.12501
-5.12069
-5.11501
-5.10676
-5.09668
-5.0836
-5.07275
-5.0621
-5.05242
-5.04433
-5.04005
-5.04184
-5.05075
-5.06863
-5.0884
-5.10895
-5.12361
-5.13312
-5.13607
-5.13422
-5.12769
-5.11834
-5.10785
-5.09755
-5.08959
-5.08699
-5.09075
-5.096
-5.1003
-5.09833
-5.08768
-5.06789
-5.04009
-5.00581
-4.96743
-4.92808
-4.88978
-4.85674
-4.83126
-4.81871
-4.81802
-4.83062
-4.85466
-4.88639
-4.92167
-4.95669
-4.99153
-5.02573
-5.05868
-5.09008
-5.11733
-5.13897
-5.15674
-5.16701
-5.17363
-5.17574
-5.17679
-5.17818
-5.17658
-5.17261
-5.1663
-5.15679
-5.14397
-5.12755
-5.10954
-5.08992
-5.07113
-5.0561
-5.04185
-5.02939
-5.01948
-5.01059
-5.00141
-4.99123
-4.98128
-4.97654
-4.98031
-4.99156
-5.00875
-5.02905
-5.04849
-5.06487
-5.07486
-5.07671
-5.07024
-5.05997
-5.04822
-5.03668
-5.02443
-5.01167
-5.00022
-4.99087
-4.98788
-4.99084
-5.00222
-5.01762
-5.03029
-5.03848
-5.04287
-5.04286
-5.04015
-5.03708
-5.03687
-5.03959
-5.04528
-5.05097
-5.05532
-5.06019
-5.06366
-5.06665
-5.06725
-5.06314
-5.05802
-5.05388
-5.05343
-5.05801
-5.06301
-5.06693
-5.06542
-5.05789
-5.04512
-5.02933
-5.01595
-5.00519
-4.99728
-4.99075
-4.98827
-4.98853
-4.99151
-4.9997
-5.01103
-5.02295
-5.03522
-5.04561
-5.05256
-5.05651
-5.05711
-5.05305
-5.04517
-5.03557
-5.0216
-5.00914
-4.99696
-4.98908
-4.98551
-4.98448
-4.98621
-4.99232
-5.00226
-5.01387
-5.02863
-5.04371
-5.05646
-5.0651
-5.06778
-5.06412
-5.05349
-5.03773
-5.01999
-5.00406
-4.99049
-4.97989
-4.97115
-4.96271
-4.95519
-4.94776
-4.94338
-4.94221
-4.94342
-4.95188
-4.96294
-4.97676
-4.99012
-4.99976
-5.00318
-5.00085
-4.99285
-4.98083
-4.97079
-4.96491
-4.96555
-4.97435
-4.98807
-5.0042
-5.02066
-5.03497
-5.04628
-5.05564
-5.06389
-5.06946
-5.07256
-5.07078
-5.06225
-5.04835
-5.02951
-5.00913
-4.99284
-4.98011
-4.97415
-4.97414
-4.97725
-4.98204
-4.98175
-4.97956
-4.97243
-4.96358
-4.9535
-4.9438
-4.93825
-4.93703
-4.94231
-4.95487
-4.97512
-4.9967
-5.01738
-5.03533
-5.04935
-5.06031
-5.07025
-5.07993
-5.09025
-5.10117
-5.10984
-5.11266
-5.10758
-5.09563
-5.07546
-5.05128
-5.02929
-5.01526
-5.01475
-5.02596
-5.04605
-5.06749
-5.0842
-5.0969
-5.10424
-5.112
-5.11878
-5.12341
-5.12735
-5.12888
-5.12783
-5.12382
-5.11343
-5.09667
-5.07235
-5.04309
-5.01309
-4.98735
-4.97229
-4.97051
-4.98107
-4.9996
-5.02396
-5.04952
-5.07537
-5.09823
-5.11843
-5.13502
-5.14823
-5.15831
-5.16479
-5.16804
-5.16525
-5.15667
-5.14089
-5.12268
-5.10028
-5.07522
-5.04914
-5.02475
-5.00714
-4.99684
-4.99804
-5.00792
-5.02367
-5.04148
-5.05758
-5.06799
-5.07275
-5.07104
-5.06374
-5.05142
-5.03595
-5.01999
-5.00679
-4.99892
-4.99743
-5.00336
-5.01732
-5.03583
-5.05502
-5.07129
-5.08455
-5.09063
-5.09045
-5.08564
-5.07325
-5.05707
-5.03806
-5.01768
-5.00012
-4.98872
-4.98296
-4.98386
-4.9865
-4.98586
-4.97709
-4.96031
-4.93738
-4.91123
-4.8886
-4.87397
-4.87159
-4.87902
-4.89429
-4.91309
-4.93444
-4.95724
-4.98133
-5.00626
-5.03227
-5.05678
-5.07544
-5.08677
-5.0911
-5.08656
-5.0731
-5.04863
-5.01612
-4.97553
-4.93237
-4.89367
-4.86881
-4.86312
-4.87915
-4.91321
-4.95756
-5.00317
-5.04551
-5.08157
-5.11103
-5.13182
-5.14513
-5.15119
-5.15262
-5.14914
-5.13933
-5.12793
-5.11592
-5.10754
-5.10763
-5.11544
-5.13161
-5.14774
-5.16213
-5.17061
-5.1728
-5.16854
-5.15914
-5.1478
-5.13345
-5.11965
-5.10736
-5.09667
-5.08655
-5.07733
-5.06895
-5.06196
-5.05704
-5.05712
-5.0594
-5.06382
-5.06854
-5.06844
-5.06147
-5.04788
-5.0287
-5.00961
-4.99662
-4.99546
-5.00942
-5.03309
-5.05883
-5.07811
-5.08732
-5.08239
-5.06252
-5.03022
-4.99335
-4.96647
-4.95881
-4.97316
-5.00179
-5.03415
-5.06385
-5.08658
-5.10074
-5.10693
-5.10448
-5.09388
-5.0787
-5.0609
-5.04212
-5.0247
-5.00611
-4.98871
-4.97071
-4.95497
-4.94354
-4.94073
-4.94172
-4.94711
-4.95169
-4.95511
-4.95521
-4.9536
-4.95235
-4.95426
-4.95783
-4.9624
-4.96252
-4.95584
-4.94322
-4.92515
-4.90658
-4.89198
-4.88487
-4.88715
-4.89942
-4.91565
-4.93406
-4.94931
-4.95919
-4.96363
-4.96135
-4.95263
-4.93961
-4.92587
-4.91457
-4.91053
-4.91348
-4.92741
-4.94921
-4.978
-5.01175
-5.04689
-5.08196
-5.11277
-5.13648
-5.14992
-5.15241
-5.14269
-5.11914
-5.08457
-5.04304
-5.00069
-4.96504
-4.94125
-4.93085
-4.93244
-4.94421
-4.95973
-4.97456
-4.98905
-5.00012
-5.00926
-5.02076
-5.03374
-5.04843
-5.0623
-5.07346
-5.07868
-5.07826
-5.07426
-5.07184
-5.07506
-5.08407
-5.09666
-5.11208
-5.12722
-5.13994
-5.15058
-5.15703
-5.15891
-5.15814
-5.15432
-5.14798
-5.14017
-5.1327
-5.12505
-5.11471
-5.10231
-5.08795
-5.07256
-5.05812
-5.04493
-5.03347
-5.02853
-5.02609
-5.02736
-5.02988
-5.0355
-5.04178
-5.05104
-5.0592
-5.06948
-5.08125
-5.0943
-5.10615
-5.11411
-5.11536
-5.11075
-5.10104
-5.08557
-5.06723
-5.04642
-5.02347
-4.99558
-4.96777
-4.94369
-4.93145
-4.9354
-4.95163
-4.97233
-4.98982
-5.00253
-5.00861
-5.01194
-5.0121
-5.01352
-5.0193
-5.02895
-5.04156
-5.05727
-5.07472
-5.09069
-5.10414
-5.1123
-5.11573
-5.11443
-5.10811
-5.09779
-5.08566
-5.07297
-5.05808
-5.04187
-5.0269
-5.01298
-5.00197
-4.99754
-4.99634
-4.99763
-4.99807
-4.99241
-4.98415
-4.97304
-4.96388
-4.95712
-4.94908
-4.93772
-4.92103
-4.90123
-4.88332
-4.87211
-4.87191
-4.88378
-4.90513
-4.93193
-4.9598
-4.98568
-5.00915
-5.02887
-5.04606
-5.05821
-5.06567
-5.06895
-5.06919
-5.06767
-5.06864
-5.07041
-5.07329
-5.07544
-5.07606
-5.07464
-5.0701
-5.06356
-5.05526
-5.04429
-5.03102
-5.01547
-4.99998
-4.98726
-4.978
-4.97432
-4.9743
-4.9764
-4.97652
-4.97446
-4.9728
-4.97135
-4.97144
-4.97698
-4.98797
-5.00218
-5.01639
-5.02634
-5.03018
-5.02504
-5.01543
-5.0051
-4.998
-4.9997
-5.00925
-5.02521
-5.04446
-5.06216
-5.07516
-5.08051
-5.07926
-5.07106
-5.05729
-5.03997
-5.02609
-5.01856
-5.01868
-5.02788
-5.04192
-5.05739
-5.07092
-5.07859
-5.08062
-5.0759
-5.06685
-5.05329
-5.03776
-5.02164
-5.00484
-4.99097
-4.9801
-4.97419
-4.97371
-4.97591
-4.9791
-4.98124
-4.98317
-4.9823
-4.97886
-4.97169
-4.96081
-4.94511
-4.92686
-4.90948
-4.89283
-4.87679
-4.86412
-4.85581
-4.85127
-4.85416
-4.86314
-4.87839
-4.89584
-4.91247
-4.92825
-4.94355
-4.96585
-4.99539
-5.03138
-5.07129
-5.11064
-5.14733
-5.18052
-5.20849
-5.22913
-5.24087
-5.24073
-5.22905
-5.20757
-5.17737
-5.14392
-5.11153
-5.08396
-5.06869
-5.06573
-5.0775
-5.09898
-5.12756
-5.15656
-5.1822
-5.19992
-5.2082
-5.20414
-5.18682
-5.15795
-5.12138
-5.0823
-5.04389
-5.00936
-4.98051
-4.95863
-4.94239
-4.93171
-4.92596
-4.9275
-4.93642
-4.95071
-4.96802
-4.98813
-5.00846
-5.02543
-5.03638
-5.04055
-5.04003
-5.03393
-5.02571
-5.02006
-5.01898
-5.02225
-5.02884
-5.03678
-5.04198
-5.04439
-5.04161
-5.03594
-5.02912
-5.02211
-5.01618
-5.01171
-5.00777
-5.00588
-5.00257
-4.99926
-4.99581
-4.99047
-4.98286
-4.97485
-4.9659
-4.96032
-4.95823
-4.95952
-4.9603
-4.96233
-4.96155
-4.95957
-4.95849
-4.95803
-4.96297
-4.97099
-4.98296
-4.99971
-5.01785
-5.035
-5.05095
-5.06458
-5.07393
-5.07795
-5.07631
-5.06966
-5.05672
-5.04055
-5.02772
-5.01746
-5.01384
-5.01468
-5.02202
-5.03282
-5.04702
-5.06206
-5.07602
-5.08922
-5.09944
-5.10456
-5.10572
-5.10119
-5.09045
-5.07544
-5.05745
-5.03949
-5.02296
-5.00814
-4.99814
-4.99246
-4.98943
-4.98987
-4.9903
-4.98965
-4.98908
-4.98829
-4.98746
-4.98608
-4.98565
-4.98603
-4.99006
-4.99598
-5.00395
-5.01431
-5.02592
-5.03712
-5.04788
-5.05954
-5.07284
-5.08912
-5.10828
-5.12991
-5.15162
-5.1711
-5.18424
-5.18879
-5.1882
-5.1784
-5.16297
-5.14665
-5.13031
-5.11762
-5.10976
-5.1072
-5.11081
-5.12162
-5.13864
-5.15688
-5.17562
-5.18747
-5.19378
-5.19172
-5.18364
-5.16878
-5.14773
-5.12185
-5.09211
-5.05779
-5.02506
-4.99477
-4.96685
-4.94443
-4.92762
-4.91184
-4.90037
-4.89102
-4.88372
-4.88258
-4.88606
-4.89522
-4.90797
-4.9234
-4.93827
-4.95328
-4.96576
-4.97575
-4.98504
-4.99464
-5.00327
-5.0099
-5.01717
-5.01774
-5.01261
-5.00303
-4.99587
-4.99814
-5.01537
-5.04409
-5.07526
-5.10445
-5.12686
-5.14335
-5.15618
-5.16431
-5.16818
-5.16883
-5.16331
-5.15441
-5.14088
-5.1274
-5.11477
-5.10602
-5.10009
-5.09662
-5.09535
-5.09386
-5.09011
-5.08411
-5.07607
-5.06593
-5.05612
-5.04685
-5.03699
-5.02726
-5.01725
-5.00709
-4.99206
-4.97505
-4.95693
-4.93939
-4.92513
-4.91497
-4.90732
-4.90222
-4.89756
-4.89447
-4.89256
-4.89254
-4.89273
-4.8967
-4.90741
-4.92409
-4.94855
-4.97842
-5.01226
-5.04727
-5.07833
-5.10586
-5.12701
-5.14227
-5.15183
-5.15456
-5.15309
-5.14678
-5.13691
-5.12541
-5.11586
-5.11014
-5.11061
-5.11726
-5.13196
-5.15128
-5.17233
-5.1915
-5.20475
-5.20887
-5.20444
-5.18818
-5.16333
-5.13075
-5.0957
-5.06249
-5.03392
-5.01446
-5.00521
-5.00437
-5.00959
-5.01933
-5.03045
-5.04139
-5.05012
-5.05394
-5.05313
-5.05018
-5.04795
-5.04785
-5.05085
-5.05739
-5.06391
-5.07139
-5.07691
-5.07878
-5.07654
-5.07082
-5.06276
-5.05062
-5.03827
-5.02342
-5.01064
-5.00124
-4.99752
-5.00078
-5.01099
-5.02328
-5.03279
-5.03744
-5.03905
-5.03789
-5.03571
-5.0322
-5.02483
-5.01187
-4.99269
-4.9736
-4.95739
-4.94824
-4.94557
-4.94754
-4.94796
-4.949
-4.94693
-4.94224
-4.93872
-4.93917
-4.94261
-4.95071
-4.96401
-4.97821
-4.99496
-5.01303
-5.03081
-5.04448
-5.05407
-5.05797
-5.05837
-5.05478
-5.05056
-5.04505
-5.04133
-5.03882
-5.03808
-5.04
-5.04627
-5.05519
-5.06584
-5.07893
-5.09044
-5.10144
-5.10816
-5.11222
-5.11242
-5.10958
-5.10361
-5.0943
-5.08226
-5.06681
-5.04909
-5.02575
-4.99827
-4.96512
-4.92929
-4.89442
-4.86493
-4.84542
-4.83886
-4.84677
-4.86727
-4.89402
-4.92235
-4.94687
-4.96534
-4.97859
-4.98693
-4.99258
-4.99918
-5.00583
-5.01378
-5.01974
-5.02067
-5.01564
-5.00392
-4.98688
-4.96657
-4.94296
-4.91869
-4.89759
-4.88001
-4.87218
-4.87252
-4.88052
-4.8944
-4.91168
-4.92986
-4.94654
-4.95972
-4.96834
-4.97184
-4.9713
-4.96556
-4.95511
-4.94122
-4.92617
-4.91557
-4.91179
-4.91731
-4.93292
-4.95555
-4.98176
-5.0075
-5.03144
-5.05087
-5.06994
-5.0858
-5.09732
-5.10493
-5.10844
-5.10598
-5.09907
-5.08616
-5.07264
-5.05872
-5.04729
-5.03988
-5.03366
-5.03042
-5.0258
-5.0228
-5.02111
-5.02096
-5.02041
-5.0193
-5.01558
-5.00918
-4.9991
-4.98656
-4.97112
-4.95538
-4.93946
-4.92406
-4.9133
-4.90983
-4.91694
-4.93311
-4.95756
-4.98083
-4.99759
-5.0065
-5.00919
-5.01003
-5.01206
-5.01843
-5.03015
-5.04594
-5.06038
-5.07064
-5.07272
-5.06823
-5.05582
-5.03946
-5.02142
-5.00693
-4.99761
-4.99294
-4.99157
-4.99449
-5.00035
-5.00722
-5.01352
-5.01647
-5.01882
-5.01727
-5.01597
-5.01824
-5.02558
-5.03898
-5.0585
-5.08128
-5.10377
-5.12233
-5.13596
-5.14338
-5.14452
-5.13714
-5.12723
-5.11704
-5.11074
-5.10842
-5.10657
-5.10615
-5.10098
-5.08983
-5.07132
-5.04798
-5.02237
-4.99429
-4.96701
-4.94379
-4.92481
-4.91371
-4.91284
-4.91974
-4.9322
-4.94781
-4.9608
-4.96956
-4.97287
-4.97275
-4.97487
-4.98248
-4.99842
-5.0216
-5.04702
-5.07082
-5.08969
-5.09947
-5.10137
-5.09439
-5.08245
-5.06669
-5.04975
-5.0372
-5.02963
-5.03081
-5.04077
-5.05902
-5.08287
-5.11006
-5.13646
-5.15839
-5.17168
-5.17577
-5.17156
-5.16177
-5.14987
-5.13949
-5.13218
-5.12897
-5.12739
-5.12666
-5.12349
-5.11709
-5.10481
-5.08544
-5.06064
-5.03145
-4.99858
-4.96728
-4.93928
-4.91892
-4.90904
-4.90896
-4.91734
-4.92837
-4.93827
-4.94791
-4.95764
-4.96717
-4.97813
-4.99
-5.00145
-5.01207
-5.0215
-5.02908
-5.03723
-5.04425
-5.05225
-5.05867
-5.06102
-5.059
-5.05325
-5.04528
-5.03565
-5.02877
-5.02519
-5.02753
-5.03392
-5.04105
-5.04787
-5.05036
-5.04976
-5.04289
-5.03416
-5.0252
-5.01487
-5.00594
-4.99958
-4.99909
-5.00597
-5.02207
-5.04314
-5.06808
-5.09167
-5.10983
-5.118
-5.11987
-5.1131
-5.10001
-5.08331
-5.06521
-5.04603
-5.02885
-5.01288
-4.99799
-4.98834
-4.98165
-4.97938
-4.98054
-4.98581
-4.99658
-5.01201
-5.03571
-5.06079
-5.08823
-5.11459
-5.13668
-5.15188
-5.15635
-5.1493
-5.13219
-5.10434
-5.06708
-5.0263
-4.9872
-4.95876
-4.94677
-4.95002
-4.96344
-4.98104
-4.99837
-5.01689
-5.03319
-5.0469
-5.05701
-5.06307
-5.06542
-5.06293
-5.05616
-5.04555
-5.03262
-5.01972
-5.00891
-5.00227
-4.99953
-5.00054
-5.00289
-5.00246
-4.99844
-4.98688
-4.97072
-4.95023
-4.92669
-4.90749
-4.89873
-4.89876
-4.90584
-4.91257
-4.91613
-4.91625
-4.91502
-4.91675
-4.92586
-4.94433
-4.97026
-4.99993
-5.02786
-5.04966
-5.06131
-5.06033
-5.04576
-5.0211
-4.99405
-4.97304
-4.96065
-4.9582
-4.96326
-4.97403
-4.9879
-5.00375
-5.01896
-5.03185
-5.04337
-5.05318
-5.06208
-5.0701
-5.07856
-5.08679
-5.09125
-5.08991
-5.07883
-5.0576
-5.02977
-5.00484
-4.99209
-4.98967
-4.99228
-4.99826
-5.0044
-5.01194
-5.02006
-5.02746
-5.03026
-5.02785
-5.02048
-5.01238
-5.00857
-5.01362
-5.02856
-5.04977
-5.07152
-5.08868
-5.09761
-5.09402
-5.08013
-5.05746
-5.02754
-4.99659
-4.96871
-4.94734
-4.93615
-4.93364
-4.93667
-4.94566
-4.9596
-4.97934
-5.0048
-5.03836
-5.07667
-5.11625
-5.1501
-5.17542
-5.19002
-5.18918
-5.17549
-5.15277
-5.12353
-5.09566
-5.07157
-5.05535
-5.04775
-5.04678
-5.04924
-5.05181
-5.05369
-5.04993
-5.04189
-5.03174
-5.0197
-5.00747
-4.99849
-4.99027
-4.98812
-4.99021
-4.99676
-5.0066
-5.01853
-5.02839
-5.03385
-5.0328
-5.02571
-5.01239
-4.99638
-4.98057
-4.9682
-4.95811
-4.9508
-4.94789
-4.95005
-4.9572
-4.96828
-4.98402
-5.00217
-5.01946
-5.03476
-5.04856
-5.05892
-5.06807
-5.07453
-5.07838
-5.07908
-5.07477
-5.06694
-5.05593
-5.04255
-5.03017
-5.01695
-5.00069
-4.98548
-4.97281
-4.96719
-4.96812
-4.97643
-4.98893
-5.00295
-5.01603
-5.02896
-5.03846
-5.04438
-5.04913
-5.05236
-5.05268
-5.05143
-5.04517
-5.03621
-5.02463
-5.01208
-4.99929
-4.98974
-4.98349
-4.98261
-4.98643
-4.99544
-5.00811
-5.02201
-5.03646
-5.05075
-5.06259
-5.07446
-5.08243
-5.0892
-5.09739
-5.10629
-5.11428
-5.11939
-5.11706
-5.10513
-5.08299
-5.05314
-5.02143
-4.99132
-4.96922
-4.95387
-4.94443
-4.94019
-4.93695
-4.93504
-4.93661
-4.94251
-4.95427
-4.97283
-4.99636
-5.02213
-5.0453
-5.06907
-5.08562
-5.09573
-5.0992
-5.09386
-5.08322
-5.07086
-5.05689
-5.04308
-5.03073
-5.01888
-5.00812
-4.99715
-4.987
-4.97555
-4.96607
-4.95777
-4.9536
-4.95365
-4.95871
-4.96808
-4.98125
-4.99727
-5.01321
-5.02798
-5.03931
-5.04729
-5.04844
-5.04479
-5.03825
-5.02866
-5.01833
-5.00698
-4.99678
-4.98685
-4.97673
-4.96627
-4.95553
-4.94411
-4.93288
-4.92317
-4.91809
-4.91903
-4.92701
-4.94231
-4.96333
-4.98604
-5.00609
-5.02212
-5.03263
-5.03707
-5.03325
-5.02434
-5.01349
-5.00267
-4.99645
-4.99468
-4.99938
-5.01153
-5.03004
-5.05323
-5.07708
-5.09883
-5.11417
-5.11818
-5.10841
-5.08834
-5.06197
-5.03123
-5.00044
-4.96986
-4.94171
-4.91709
-4.89937
-4.89139
-4.89437
-4.90936
-4.93335
-4.96377
-4.99631
-5.02598
-5.05102
-5.07011
-5.08183
-5.08553
-5.08123
-5.06989
-5.05138
-5.0251
-4.9943
-4.96242
-4.93747
-4.92484
-4.92905
-4.94959
-4.98355
-5.02085
-5.05663
-5.08611
-5.10832
-5.12284
-5.13418
-5.1424
-5.14871
-5.15441
-5.15713
-5.15558
-5.14842
-5.13813
-5.12261
-5.1066
-5.09329
-5.08331
-5.07871
-5.07972
-5.08593
-5.0958
-5.10712
-5.11974
-5.13006
-5.13927
-5.14304
-5.14297
-5.13845
-5.13192
-5.12163
-5.11214
-5.10409
-5.09905
-5.09961
-5.10431
-5.11423
-5.12423
-5.13388
-5.13957
-5.13958
-5.1346
-5.12306
-5.10649
-5.08672
-5.06825
-5.05487
-5.04875
-5.04945
-5.0573
-5.07148
-5.08655
-5.10237
-5.11873
-5.13337
-5.14568
-5.15229
-5.14846
-5.13311
-5.10716
-5.07291
-5.04016
-5.01445
-4.99984
-4.99725
-5.00717
-5.02554
-5.04683
-5.0675
-5.08645
-5.10243
-5.11307
-5.12153
-5.12624
-5.12705
-5.12407
-5.12029
-5.1155
-5.11262
-5.11267
-5.11501
-5.11999
-5.12403
-5.1263
-5.12479
-5.11987
-5.10996
-5.0966
-5.08294
-5.06911
-5.05658
-5.04558
-5.03452
-5.02225
-5.01151
-5.0011
-4.99334
-4.99015
-4.9922
-4.99888
-5.00665
-5.01285
-5.01592
-5.01414
-5.00826
-4.99803
-4.98699
-4.97511
-4.9632
-4.95209
-4.9415
-4.9306
-4.91984
-4.90736
-4.89362
-4.88042
-4.87011
-4.86666
-4.87092
-4.88471
-4.90741
-4.93325
-4.95863
-4.98199
-5.00134
-5.01467
-5.02358
-5.02798
-5.02903
-5.02635
-5.02103
-5.01408
-5.009
-5.00965
-5.01698
-5.02583
-5.02884
-5.02534
-5.01115
-4.99011
-4.96773
-4.94623
-4.92773
-4.91458
-4.90925
-4.91095
-4.9194
-4.93151
-4.94688
-4.96066
-4.97352
-4.98335
-4.99195
-4.99966
-5.00589
-5.01402
-5.02465
-5.03858
-5.05519
-5.07018
-5.08324
-5.09322
-5.09891
-5.10033
-5.09907
-5.09671
-5.09426
-5.09346
-5.09291
-5.09501
-5.09721
-5.09996
-5.10521
-5.11008
-5.1123
-5.10851
-5.10051
-5.08964
-5.0752
-5.06061
-5.04937
-5.04004
-5.03825
-5.04151
-5.05079
-5.06536
-5.08094
-5.09711
-5.11303
-5.12413
-5.1293
-5.12734
-5.11991
-5.10951
-5.09881
-5.09123
-5.08642
-5.08359
-5.08099
-5.07701
-5.07134
-5.06585
-5.06143
-5.05455
-5.04556
-5.03354
-5.01834
-5.00298
-4.99111
-4.98816
-4.99509
-5.0115
-5.03362
-5.0594
-5.08596
-5.10885
-5.12847
-5.13874
-5.14019
-5.1302
-5.10797
-5.0766
-5.03861
-4.99632
-4.95514
-4.91767
-4.88619
-4.85869
-4.83844
-4.82501
-4.8187
-4.81733
-4.8206
-4.82679
-4.8378
-4.85261
-4.87059
-4.89129
-4.9139
-4.9402
-4.96729
-4.99356
-5.01745
-5.0344
-5.04438
-5.0484
-5.04809
-5.04272
-5.03573
-5.02958
-5.0224
-5.0185
-5.01477
-5.0134
-5.01176
-5.01055
-5.00772
-5.0034
-4.99651
-4.98877
-4.98317
-4.9778
-4.97623
-4.97739
-4.97956
-4.98213
-4.98411
-4.98451
-4.98076
-4.97482
-4.96403
-4.94965
-4.93163
-4.91202
-4.89231
-4.87548
-4.86307
-4.85496
-4.85285
-4.85831
-4.87225
-4.89425
-4.92195
-4.95322
-4.98562
-5.01548
-5.03999
-5.05769
-5.07036
-5.07987
-5.0879
-5.09687
-5.10747
-5.11917
-5.13019
-5.13658
-5.13669
-5.12842
-5.1133
-5.09431
-5.07247
-5.05384
-5.04045
-5.03355
-5.03308
-5.03609
-5.04173
-5.0456
-5.04693
-5.04427
-5.03513
-5.02261
-5.00833
-4.9951
-4.98562
-4.9814
-4.98563
-4.99464
-5.00621
-5.01675
-5.02627
-5.03073
-5.03036
-5.02711
-5.02349
-5.02239
-5.02406
-5.0295
-5.03888
-5.0504
-5.06178
-5.07071
-5.07687
-5.08053
-5.08308
-5.08764
-5.09673
-5.10806
-5.11865
-5.12601
-5.13089
-5.13087
-5.12828
-5.12167
-5.11212
-5.10016
-5.08535
-5.07039
-5.05797
-5.04881
-5.04121
-5.0316
-5.01714
-5.00185
-4.98734
-4.97802
-4.97439
-4.97427
-4.97169
-4.96355
-4.95141
-4.93467
-4.91819
-4.90405
-4.89676
-4.89637
-4.90337
-4.91596
-4.93228
-4.94933
-4.96962
-4.99149
-5.0161
-5.04493
-5.07591
-5.10889
-5.1383
-5.16182
-5.17728
-5.18291
-5.18009
-5.16756
-5.14668
-5.12033
-5.08965
-5.05623
-5.0242
-4.99929
-4.98125
-4.97395
-4.97666
-4.98737
-5.00129
-5.01356
-5.0194
-5.01551
-5.00448
-4.98736
-4.97147
-4.9639
-4.96851
-4.98445
-5.01065
-5.03888
-5.06249
-5.07825
-5.08256
-5.07804
-5.06773
-5.05397
-5.03996
-5.02777
-5.01952
-5.01515
-5.01083
-5.01032
-5.01194
-5.01333
-5.01351
-5.0131
-5.01082
-5.00572
-4.99732
-4.98553
-4.97333
-4.96227
-4.95209
-4.94464
-4.94077
-4.93831
-4.93675
-4.93538
-4.93646
-4.93907
-4.9448
-4.95207
-4.9585
-4.96344
-4.96644
-4.97106
-4.9741
-4.97371
-4.96901
-4.95689
-4.9376
-4.91945
-4.90452
-4.89521
-4.89502
-4.90585
-4.9257
-4.95227
-4.9845
-5.01827
-5.05075
-5.08084
-5.10516
-5.12331
-5.13322
-5.13579
-5.13067
-5.11855
-5.10087
-5.08085
-5.0608
-5.04068
-5.02383
-5.00877
-4.9934
-4.97821
-4.96569
-4.96096
-4.96842
-4.99069
-5.02553
-5.06852
-5.11057
-5.14652
-5.17085
-5.1813
-5.17916
-5.16462
-5.14331
-5.12047
-5.09982
-5.0862
-5.08091
-5.08438
-5.09074
-5.10165
-5.11069
-5.11616
-5.1138
-5.10431
-5.08527
-5.06141
-5.03669
-5.01291
-4.99297
-4.97917
-4.97396
-4.97719
-4.98686
-4.99844
-5.01083
-5.02068
-5.02945
-5.03486
-5.03777
-5.03946
-5.03952
-5.04042
-5.0427
-5.04764
-5.05621
-5.06718
-5.08015
-5.09321
-5.10445
-5.11338
-5.11537
-5.11234
-5.10438
-5.09267
-5.07733
-5.05879
-5.03777
-5.01428
-4.99032
-4.96636
-4.94639
-4.93048
-4.92454
-4.93117
-4.94943
-4.97188
-4.99264
-5.00764
-5.01645
-5.01741
-5.01185
-4.99955
-4.98283
-4.96358
-4.94164
-4.91878
-4.89562
-4.87511
-4.8564
-4.84112
-4.83145
-4.82604
-4.82744
-4.83451
-4.84666
-4.86324
-4.88354
-4.90901
-4.93705
-4.96721
-4.99535
-5.02014
-5.03921
-5.0544
-5.06665
-5.07553
-5.0844
-5.09092
-5.09707
-5.10304
-5.10589
-5.10711
-5.10452
-5.10038
-5.09246
-5.08418
-5.0731
-5.06068
-5.04842
-5.04023
-5.03736
-5.03869
-5.04391
-5.04784
-5.04997
-5.0451
-5.03687
-5.02371
-5.00776
-4.99221
-4.97927
-4.97246
-4.9719
-4.97948
-4.99507
-5.01769
-5.04434
-5.07495
-5.10241
-5.12451
-5.14012
-5.14586
-5.143
-5.13376
-5.11677
-5.09535
-5.06861
-5.03813
-5.00903
-4.98435
-4.96972
-4.96889
-4.98155
-5.00517
-5.03256
-5.05805
-5.07574
-5.08513
-5.08578
-5.07996
-5.07068
-5.05961
-5.04634
-5.03203
-5.01605
-5.00144
-4.98716
-4.97845
-4.97344
-4.97155
-4.97145
-4.97339
-4.97582
-4.97937
-4.98756
-4.99996
-5.01552
-5.03069
-5.04447
-5.05266
-5.05357
-5.04606
-5.03043
-5.00719
-4.97795
-4.94563
-4.91102
-4.87678
-4.84924
-4.82895
-4.82048
-4.82773
-4.84685
-4.87629
-4.9094
-4.9427
-4.97236
-4.99613
-5.01161
-5.02206
-5.02553
-5.0253
-5.02042
-5.01396
-5.00961
-5.007
-5.00765
-5.01301
-5.02425
-5.04134
-5.06042
-5.08105
-5.09833
-5.11268
-5.12372
-5.12875
-5.13186
-5.13123
-5.12555
-5.11863
-5.11042
-5.10496
-5.10187
-5.10111
-5.10316
-5.10711
-5.11268
-5.11845
-5.12344
-5.12953
-5.13526
-5.14125
-5.14993
-5.15977
-5.17037
-5.17901
-5.18351
-5.18177
-5.17286
-5.15706
-5.13629
-5.11384
-5.09369
-5.07541
-5.06223
-5.05361
-5.04754
-5.04048
-5.03238
-5.02429
-5.01484
-5.005
-4.99467
-4.98352
-4.97392
-4.96283
-4.95398
-4.94985
-4.95093
-4.95548
-4.96265
-4.9695
-4.97668
-4.98467
-4.99254
-4.99872
-5.00093
-4.99802
-4.98874
-4.97318
-4.95486
-4.93617
-4.91863
-4.90591
-4.89464
-4.88454
-4.87277
-4.85839
-4.84185
-4.82805
-4.8169
-4.81175
-4.81369
-4.82412
-4.84188
-4.8658
-4.89375
-4.92113
-4.94485
-4.96344
-4.97564
-4.98228
-4.98652
-4.989
-4.99129
-4.99342
-4.99515
-4.99596
-4.99615
-4.99546
-4.99462
-4.9941
-4.99666
-5.00335
-5.01467
-5.03211
-5.0565
-5.08367
-5.11151
-5.1372
-5.15708
-5.17075
-5.17751
-5.17851
-5.17671
-5.17377
-5.17124
-5.16822
-5.16327
-5.15735
-5.14975
-5.14209
-5.13364
-5.12713
-5.1214
-5.11691
-5.11408
-5.11111
-5.10791
-5.10253
-5.09721
-5.08904
-5.07932
-5.06785
-5.06002
-5.05426
-5.05065
-5.04701
-5.04283
-5.03946
-5.037
-5.03703
-5.03966
-5.04477
-5.05118
-5.0587
-5.06509
-5.0683
-5.06909
-5.06799
-5.06593
-5.06579
-5.07062
-5.08154
-5.09553
-5.11311
-5.12821
-5.14215
-5.15125
-5.15532
-5.15238
-5.14446
-5.13042
-5.11009
-5.08984
-5.06979
-5.05213
-5.03649
-5.02232
-5.00898
-4.99685
-4.98611
-4.97903
-4.97527
-4.97623
-4.97907
-4.98035
-4.98041
-4.97691
-4.97165
-4.96723
-4.96582
-4.97023
-4.97781
-4.98834
-4.99646
-5.00089
-5.00189
-4.99947
-4.99746
-4.99766
-5.00252
-5.01226
-5.02547
-5.04027
-5.05427
-5.06464
-5.07133
-5.07398
-5.07313
-5.07158
-5.07331
-5.07642
-5.08242
-5.09069
-5.09746
-5.09834
-5.09669
-5.0899
-5.07822
-5.06459
-5.0505
-5.03665
-5.02533
-5.01457
-5.00684
-5.00019
-4.99734
-4.99572
-4.99607
-4.9967
-4.99753
-4.99763
-4.99739
-4.99725
-4.99475
-4.99134
-4.98331
-4.97235
-4.9624
-4.95677
-4.96
-4.97302
-4.99281
-5.01256
-5.03103
-5.04505
-5.05655
-5.06495
-5.07004
-5.07372
-5.07251
-5.06634
-5.05584
-5.04067
-5.02393
-5.01002
-5.001
-4.99677
-5.00101
-5.00941
-5.01984
-5.03011
-5.03436
-5.02946
-5.01424
-4.9898
-4.95576
-4.92033
-4.89179
-4.88021
-4.8906
-4.92213
-4.96748
-5.01505
-5.05676
-5.08589
-5.09724
-5.0941
-5.07948
-5.06098
-5.04799
-5.0461
-5.05846
-5.08066
-5.10828
-5.13844
-5.16729
-5.19283
-5.21193
-5.2203
-5.2155
-5.1952
-5.16223
-5.11789
-5.06429
-5.01023
-4.96303
-4.93064
-4.91773
-4.92323
-4.9421
-4.96771
-4.99173
-5.00708
-5.0113
-5.00345
-4.98742
-4.96699
-4.94662
-4.93276
-4.92484
-4.92503
-4.93332
-4.94592
-4.96267
-4.98067
-4.99952
-5.01622
-5.03125
-5.04426
-5.05786
-5.07023
-5.08037
-5.08752
-5.09111
-5.09134
-5.08889
-5.08361
-5.07718
-5.06914
-5.0596
-5.0503
-5.04043
-5.03209
-5.02761
-5.02644
-5.02965
-5.03459
-5.04214
-5.04891
-5.05333
-5.05755
-5.06201
-5.06724
-5.07445
-5.08524
-5.09797
-5.11282
-5.12777
-5.14199
-5.15401
-5.15974
-5.15938
-5.14976
-5.13332
-5.11106
-5.0867
-5.06518
-5.05053
-5.044
-5.04618
-5.05731
-5.0742
-5.09481
-5.11548
-5.13706
-5.15763
-5.17651
-5.19273
-5.20391
-5.21073
-5.21087
-5.20735
-5.20015
-5.18942
-5.17592
-5.16146
-5.14418
-5.12524
-5.1073
-5.09171
-5.07934
-5.07268
-5.06829
-5.06628
-5.06295
-5.05846
-5.053
-5.04349
-5.03029
-5.01337
-4.9913
-4.96423
-4.93377
-4.90202
-4.87113
-4.84349
-4.81982
-4.80537
-4.80454
-4.81736
-4.84294
-4.87579
-4.90788
-4.93251
-4.94755
-4.94955
-4.94168
-4.92842
-4.9134
-4.90352
-4.90113
-4.90953
-4.9286
-4.95455
-4.98424
-5.01526
-5.04517
-5.07161
-5.09176
-5.10698
-5.11658
-5.11982
-5.11882
-5.11098
-5.09924
-5.08141
-5.05969
-5.03427
-5.00853
-4.98737
-4.97109
-4.96149
-4.95754
-4.95827
-4.96126
-4.96545
-4.97239
-4.98058
-4.99155
-5.00107
-5.00894
-5.01234
-5.01175
-5.00839
-5.00418
-4.99941
-4.99559
-4.99047
-4.98575
-4.98059
-4.97604
-4.97276
-4.97272
-4.97753
-4.98469
-4.99262
-4.99897
-5.00354
-5.00425
-5.00119
-4.99556
-4.98863
-4.9832
-4.98139
-4.9856
-4.99566
-5.01399
-5.03871
-5.06859
-5.10067
-5.1321
-5.16061
-5.1841
-5.19865
-5.20469
-5.2002
-5.18281
-5.15711
-5.12288
-5.08377
-5.04614
-5.01489
-4.99353
-4.98166
-4.97906
-4.98252
-4.98963
-4.99715
-5.00487
-5.00871
-5.00781
-5.00073
-4.98482
-4.96253
-4.93682
-4.91325
-4.89464
-4.88495
-4.88162
-4.88422
-4.88934
-4.89752
-4.90946
-4.92851
-4.95471
-4.98878
-5.0267
-5.06537
-5.09852
-5.12575
-5.14452
-5.15764
-5.16456
-5.16877
-5.17092
-5.17083
-5.1683
-5.16598
-5.1599
-5.15435
-5.14749
-5.13899
-5.12847
-5.11354
-5.09599
-5.07787
-5.06086
-5.04942
-5.04274
-5.04059
-5.04448
-5.05128
-5.05886
-5.06783
-5.07675
-5.08416
-5.08969
-5.09231
-5.09242
-5.08822
-5.08046
-5.07099
-5.05984
-5.04663
-5.03018
-5.00837
-4.98345
-4.95967
-4.93806
-4.9213
-4.91184
-4.90828
-4.91291
-4.9209
-4.93359
-4.94807
-4.96462
-4.9803
-4.99574
-5.01002
-5.02519
-5.0414
-5.05566
-5.06762
-5.07494
-5.07449
-5.06382
-5.0416
-5.0094
-4.97055
-4.92808
-4.8876
-4.85583
-4.84018
-4.84203
-4.86208
-4.89398
-4.93559
-4.9801
-5.02368
-5.06412
-5.09952
-5.12564
-5.13947
-5.13985
-5.12308
-5.08859
-5.0403
-4.98723
-4.93988
-4.90886
-4.89431
-4.8933
-4.89997
-4.91148
-4.92498
-4.93706
-4.94706
-4.95465
-4.95948
-4.96089
-4.96241
-4.96681
-4.97776
-4.99487
-5.0175
-5.04353
-5.07053
-5.09589
-5.11756
-5.13438
-5.14651
-5.15242
-5.15385
-5.14908
-5.14101
-5.12791
-5.10845
-5.0871
-5.06375
-5.03545
-5.00263
-4.96837
-4.93104
-4.89563
-4.86492
-4.84114
-4.82901
-4.82905
-4.8413
-4.86553
-4.89797
-4.93569
-4.97364
-5.01094
-5.04384
-5.06824
-5.08358
-5.08827
-5.08531
-5.07406
-5.06112
-5.04918
-5.03962
-5.0297
-5.02085
-5.01204
-5.00066
-4.98914
-4.97483
-4.96136
-4.94869
-4.93943
-4.93422
-4.9336
-4.93744
-4.94599
-4.95933
-4.97929
-5.00305
-5.02855
-5.0539
-5.07685
-5.0937
-5.10629
-5.11348
-5.1148
-5.11032
-5.09963
-5.08483
-5.06939
-5.05314
-5.0378
-5.02571
-5.01717
-5.01256
-5.01219
-5.01574
-5.02029
-5.02172
-5.01851
-5.00929
-4.99559
-4.97978
-4.96247
-4.94669
-4.93436
-4.92641
-4.92268
-4.9308
-4.95128
-4.98343
-5.02042
-5.05852
-5.09267
-5.11815
-5.13352
-5.13711
-5.13046
-5.11346
-5.08645
-5.05732
-5.02802
-5.00458
-4.98809
-4.9827
-4.98403
-4.99222
-4.99911
-5.00156
-4.9962
-4.98292
-4.96275
-4.93837
-4.91448
-4.89776
-4.88966
-4.89353
-4.90634
-4.92599
-4.94853
-4.97039
-4.9895
-5.00453
-5.014
-5.01892
-5.01906
-5.01481
-5.00743
-4.99768
-4.98645
-4.97602
-4.96778
-4.96194
-4.96088
-4.96122
-4.96143
-4.96172
-4.96068
-4.95908
-4.95511
-4.94986
-4.94067
-4.92903
-4.91766
-4.90827
-4.90326
-4.90482
-4.91269
-4.92492
-4.94031
-4.95413
-4.96701