1.09917
1.09625
1.09109
1.08342
1.07289
1.05902
1.04125
1.01891
0.991294
0.95779
0.918002
0.871946
0.820259
0.76441
0.706719
0.65019
0.598095
0.553378
0.518178
0.493528
0.479322
0.474448
0.477111
0.485168
0.496476
0.509169
0.521826
0.533511
0.543769
0.552532
0.559979
0.566369
0.571908
0.576699
0.580701
0.583794
0.585888
0.587024
0.587396
0.587334
0.587233
0.587458
0.588261
0.589798
0.592095
0.595025
0.59833
0.60162
0.604497
0.606632
0.607833
0.608121
0.607703
0.606908
0.606108
0.605612
0.605632
0.60629
0.60761
0.609516
0.611826
0.614248
0.616369
0.617778
0.618129
0.617227
0.615121
0.612127
0.608802
0.60578
0.603516
0.602042
0.600944
0.599574
0.597383
0.594189
0.590201
0.585954
0.582162
0.579561
0.578789
0.580275
0.584137
0.590153
0.597841
0.606575
0.615715
0.624687
0.633027
0.640366
0.646429
0.650984
0.653841
0.654897
0.654124
0.651591
0.647439
0.641856
0.635008
0.627054
0.618124
0.608405
0.598179
0.587851
0.577935
0.568974
0.561422
0.555555
0.551419
0.548888
0.547752
0.547871
0.549215
0.551914
0.556167
0.562153
0.569912
0.579255
0.589797
0.600994
0.612221
0.622828
0.632174
0.639662
0.644768
0.647158
0.646733
0.643596
0.638077
0.630654
0.621896
0.612404
0.602723
0.593314
0.584542
0.576712
0.570102
0.56502
0.56179
0.560805
0.56242
0.566846
0.573985
0.583361
0.594175
0.605465
0.616302
0.625903
0.633692
0.6393
0.642548
0.643409
0.642015
0.638614
0.63355
0.627231
0.620045
0.612328
0.604318
0.596198
0.588152
0.580485
0.573666
0.568314
0.565044
0.564269
0.566016
0.569873
0.575097
0.58081
0.586165
0.590486
0.593274
0.594206
0.593123
0.589994
0.584953
0.578303
0.570528
0.562328
0.554601
0.548353
0.544557
0.54395
0.546839
0.552989
0.561674
0.571835
0.58231
0.592
0.600032
0.605806
0.609016
0.609622
0.607847
0.604101
0.598937
0.593006
0.586969
0.58145
0.576956
0.573855
0.572342
0.572433
0.574004
0.576802
0.580496
0.58469
0.588943
0.592792
0.59581
0.597621
0.597958
0.596688
0.593846
0.58965
0.584519
0.579031
0.573869
0.569674
0.566867
0.565571
0.565627
0.566683
0.56833
0.570199
0.572006
0.573595
0.574917
0.575988
0.576839
0.577497
0.577973
0.578218
0.578145
0.577652
0.576633
0.575014
0.572813
0.57017
0.567441
0.565154
0.56393
0.564297
0.566542
0.570675
0.576438
0.583417
0.591112
0.598981
0.606498
0.613157
0.618506
0.622181
0.623964
0.623769
0.621658
0.617834
0.61261
0.606354
0.599481
0.592412
0.585553
0.579264
0.573816
0.569389
0.566037
0.56368
0.562155
0.561236
0.560712
0.560434
0.560338
0.560437
0.560811
0.561583
0.562826
0.564547
0.566611
0.568791
0.570778
0.572228
0.572859
0.572521
0.571227
0.569192
0.566794
0.564524
0.562818
0.561947
0.561911
0.562437
0.563114
0.563515
0.563405
0.562803
0.561946
0.561206
0.560935
0.56132
0.562294
0.563576
0.564721
0.56533
0.565188
0.564365
0.563182
0.56202
0.56108
0.560242
0.559153
0.557498
0.555183
0.552391
0.549484
0.546826
0.544668
0.543124
0.542208
0.541949
0.54244
0.543819
0.546168
0.549444
0.553376
0.557533
0.56144
0.564694
0.567012
0.568257
0.568367
0.567329
0.565119
0.561754
0.557355
0.552186
0.546675
0.541351
0.536743
0.533239
0.53101
0.530035
0.5302
0.5314
0.533603
0.536791
0.540898
0.545721
0.550962
0.5563
0.561475
0.566304
0.570652
0.574376
0.577253
0.579
0.579317
0.577947
0.574722
0.569628
0.562822
0.554632
0.545606
0.536484
0.528142
0.521477
0.517233
0.515845
0.517345
0.521398
0.527461
0.534962
0.543324
0.551956
0.560231
0.567552
0.573413
0.577495
0.579703
0.580125
0.578986
0.576605
0.573343
0.569583
0.565732
0.562181
0.559267
0.55725
0.556246
0.556294
0.557398
0.559573
0.562825
0.567072
0.572056
0.57734
0.582391
0.586711
0.589923
0.591831
0.592437
0.591904
0.590523
0.58864
0.586544
0.584406
0.582244
0.579961
0.577442
0.57464
0.571606
0.568468
0.565371
0.562477
0.559964
0.558022
0.556827
0.556468
0.556918
0.558001
0.559477
0.561115
0.562748
0.564294
0.565722
0.567009
0.568117
0.569018
0.569692
0.570161
0.570527
0.570954
0.571634
0.572748
0.574427
0.576716
0.579484
0.582513
0.585493
0.588069
0.589926
0.590762
0.590332
0.588495
0.58523
0.580692
0.575211
0.569285
0.563526
0.558599
0.555075
0.553355
0.553592
0.555696
0.559419
0.564392
0.570238
0.576602
0.583182
0.589709
0.595928
0.601598
0.606502
0.610452
0.613314
0.61501
0.615557
0.615035
0.613583
0.611358
0.608501
0.605104
0.601225
0.596913
0.592239
0.587343
0.582445
0.577814
0.573757
0.570525
0.568269
0.567
0.566565
0.566715
0.567184
0.567729
0.568212
0.568591
0.568927
0.569326
0.569945
0.570947
0.57247
0.574613
0.577393
0.580713
0.584372
0.588101
0.591597
0.594591
0.596859
0.598259
0.598733
0.598258
0.596853
0.594554
0.591379
0.587334
0.582422
0.576656
0.570072
0.562754
0.554861
0.546671
0.538609
0.531191
0.524964
0.520362
0.517567
0.516456
0.516641
0.517668
0.519192
0.521089
0.5234
0.526242
0.529746
0.534021
0.539166
0.54529
0.552433
0.560496
0.569235
0.578269
0.587166
0.595527
0.603043
0.609502
0.614741
0.618557
0.620697
0.620913
0.619105
0.615409
0.610238
0.604199
0.597978
0.592184
0.587279
0.583529
0.581002
0.579608
0.579118
0.579285
0.579872
0.580691
0.581597
0.582481
0.583215
0.583599
0.583365
0.582192
0.579772
0.575917
0.570676
0.564432
0.557885
0.551954
0.547572
0.545406
0.545681
0.548165
0.552305
0.557422
0.562894
0.568242
0.57312
0.577284
0.580557
0.582789
0.583893
0.583839
0.582698
0.580674
0.578093
0.575357
0.572851
0.570836
0.569393
0.568391
0.567583
0.566719
0.565665
0.56448
0.563419
0.5629
0.563387
0.565234
0.568581
0.573282
0.578858
0.584594
0.589659
0.593294
0.594922
0.594308
0.591595
0.587253
0.581963
0.576463
0.571371
0.567121
0.563971
0.562077
0.561571
0.562537
0.564963
0.568672
0.573309
0.578376
0.583335
0.587738
0.591321
0.594041
0.596029
0.597515
0.598741
0.599897
0.60114
0.602566
0.604227
0.606156
0.608336
0.610687
0.613047
0.615178
0.616784
0.617532
0.617107
0.615275
0.611905
0.607007
0.60075
0.593423
0.585397
0.577108
0.569032
0.561679
0.555555
0.551075
0.548508
0.547913
0.549092
0.551649
0.555057
0.558748
0.562184
0.564895
0.566507
0.566761
0.56551
0.562719
0.558502
0.55314
0.547102
0.540987
0.535427
0.530929
0.527743
0.525772
0.524665
0.523956
0.523263
0.52236
0.521246
0.520104
0.519262
0.519074
0.519857
0.521819
0.525044
0.529479
0.53494
0.541104
0.547456
0.553354
0.558131
0.561248
0.562397
0.561547
0.558924
0.554934
0.550078
0.544885
0.539866
0.535471
0.532086
0.530004
0.529442
0.530512
0.533186
0.537282
0.542496
0.548414
0.554577
0.560523
0.565828
0.570115
0.573125
0.574732
0.574985
0.574077
0.572325
0.570087
0.56767
0.565251
0.56284
0.560298
0.557452
0.55417
0.550462
0.54651
0.542699
0.539525
0.537543
0.537209
0.538827
0.54247
0.547956
0.554858
0.562567
0.570342
0.577414
0.583086
0.586787
0.588135
0.586927
0.583148
0.576909
0.56842
0.558007
0.546113
0.533298
0.520285
0.507936
0.497147
0.488758
0.483481
0.481837
0.484102
0.490193
0.499573
0.511253
0.523999
0.536553
0.547855
0.55714
0.563968
0.568219
0.570039
0.569786
0.567944
0.565035
0.561561
0.557977
0.554694
0.552076
0.550451
0.550134
0.551363
0.554265
0.558813
0.564805
0.571888
0.579573
0.587301
0.594486
0.600577
0.605118
0.607776
0.608405
0.607053
0.604019
0.599802
0.59508
0.590594
0.586963
0.584544
0.583353
0.583124
0.583475
0.584046
0.584635
0.585188
0.58575
0.586354
0.586958
0.587405
0.587433
0.586765
0.585204
0.58275
0.579614
0.576178
0.572933
0.570389
0.56902
0.56921
0.571161
0.574849
0.580008
0.586206
0.592903
0.599547
0.605621
0.610642
0.614158
0.615797
0.615286
0.612493
0.607483
0.600516
0.59207
0.582769
0.573327
0.564453
0.556743
0.550609
0.546203
0.543417
0.541919
0.541242
0.540856
0.540318
0.539364
0.537976
0.536369
0.534849
0.533646
0.532808
0.532217
0.531698
0.531111
0.530342
0.529308
0.527953
0.526293
0.524438
0.522591
0.52101
0.519946
0.519586
0.520038
0.521342
0.523496
0.526449
0.530102
0.534299
0.538782
0.543175
0.547008
0.549763
0.551007
0.55051
0.54836
0.54502
0.541282
0.538096
0.536291
0.536353
0.538382
0.542148
0.547217
0.553073
0.559185
0.565018
0.570055
0.573809
0.575844
0.575836
0.573598
0.569108
0.562504
0.554072
0.544223
0.533482
0.522444
0.511718
0.501866
0.493335
0.486397
0.481136
0.477478
0.475233
0.474139
0.47394
0.474419
0.475458
0.477062
0.479365
0.482512
0.486595
0.491564
0.497197
0.503173
0.509146
0.514791
0.519879
0.524284
0.528003
0.531148
0.533886
0.536369
0.53868
0.540824
0.542717
0.544256
0.545371
0.54608
0.546505
0.546827
0.547226
0.547778
0.548414
0.548889
0.548871
0.548055
0.546261
0.543496
0.539976
0.536074
0.53224
0.528925
0.5265
0.525201
0.525115
0.526213
0.528343
0.531291
0.534814
0.538655
0.542592
0.546438
0.550048
0.553325
0.556213
0.558687
0.560761
0.562453
0.563735
0.564533
0.564693
0.564009
0.562262
0.559315
0.555147
0.5499
0.543871
0.537485
0.531212
0.525488
0.52064
0.516816
0.51397
0.511884
0.510207
0.508535
0.506506
0.503921
0.500876
0.497803
0.495393
0.494355
0.495035
0.497186
0.500042
0.502646
0.504176
0.504162
0.50257
0.499824
0.496791
0.494676
0.494671
0.49753
0.503275
0.51125
0.520473
0.529996
0.53913
0.547439
0.554681
0.560687
0.56531
0.568402
0.569808
0.569423
0.567233
0.563341
0.558009
