-4.71475
-4.71475
-4.71475
-4.71475
-4.71369
-4.71112
-4.70825
-4.70538
-4.70342
-4.70176
-4.69979
-4.69738
-4.69707
-4.69722
-4.69571
-4.69631
-4.69646
-4.69797
-4.69827
-4.69888
-4.69888
-4.69979
-4.69994
-4.70024
-4.70055
-4.70025
-4.7007
-4.70115
-4.7013
-4.70161
-4.70115
-4.70175
-4.70175
-4.70191
-4.7016
-4.70221
-4.70281
-4.70266
-4.70266
-4.70236
-4.701
-4.70085
-4.70054
-4.7007
-4.70054
-4.70145
-4.7019
-4.70236
-4.70145
-4.70236
-4.70175
-4.70221
-4.70266
-4.70251
-4.70205
-4.70266
-4.70281
-4.70266
-4.70296
-4.70251
-4.70221
-4.70175
-4.7013
-4.7016
-4.70236
-4.70251
-4.70266
-4.70311
-4.70266
-4.7022
-4.7013
-4.7019
-4.70221
-4.70251
-4.70296
-4.70251
-4.70206
-4.701
-4.70145
-4.70205
-4.7013
-4.70115
-4.7013
-4.7019
-4.70251
-4.70341
-4.70281
-4.70296
-4.70387
-4.70402
-4.70417
-4.70432
-4.70432
-4.70432
-4.70417
-4.70432
-4.70462
-4.70553
-4.70538
-4.70508
-4.70508
-4.70583
-4.70568
-4.70583
-4.70628
-4.70598
-4.70583
-4.70568
-4.70583
-4.70568
-4.70598
-4.70644
-4.70659
-4.70674
-4.70674
-4.70613
-4.70644
-4.70568
-4.70493
-4.70493
-4.70568
-4.70629
-4.70599
-4.70644
-4.70599
-4.70629
-4.7069
-4.7072
-4.70674
-4.70704
-4.7075
-4.7075
-4.70795
-4.70795
-4.70795
-4.7075
-4.70629
-4.70614
-4.70644
-4.70689
-4.70719
-4.70719
-4.70719
-4.7075
-4.70659
-4.70614
-4.70705
-4.70735
-4.70705
-4.70659
-4.70599
-4.70599
-4.70614
-4.70705
-4.70705
-4.70704
-4.70704
-4.70674
-4.70704
-4.70674
-4.70629
-4.70659
-4.70614
-4.70598
-4.70583
-4.70568
-4.70583
-4.70523
-4.70478
-4.70508
-4.70448
-4.70448
-4.70493
-4.70448
-4.70417
-4.70417
-4.70402
-4.70372
-4.70357
-4.70281
-4.70387
-4.70341
-4.70402
-4.70417
-4.70417
-4.70447
-4.70432
-4.70387
-4.70236
-4.70327
-4.70281
-4.70266
-4.70266
-4.70312
-4.70417
-4.70417
-4.70417
-4.70357
-4.70357
-4.70311
-4.70296
-4.70251
-4.70251
-4.70236
-4.70221
-4.70236
-4.70251
-4.70281
-4.70342
-4.70327
-4.70312
-4.70281
-4.70266
-4.70236
-4.70266
-4.70296
-4.70251
-4.70236
-4.70236
-4.70191
-4.70145
-4.70115
-4.70221
-4.70115
-4.7013
-4.70145
-4.701
-4.70161
-4.7013
-4.70085
-4.70085
-4.70009
-4.70055
-4.701
-4.70085
-4.701
-4.70085
-4.70115
-4.70191
-4.70251
-4.70236
-4.70206
-4.70145
-4.701
-4.701
-4.70085
-4.701
-4.70115
-4.70085
-4.70115
-4.70115
-4.70145
-4.70176
-4.70221
-4.70206
-4.70176
-4.70161
-4.70085
-4.701
-4.70145
-4.70115
-4.70115
-4.70206
-4.70145
-4.70191
-4.70145
-4.7013
-4.70175
-4.70176
-4.701
-4.70085
-4.70115
-4.70145
-4.70191
-4.70221
-4.70297
-4.70221
-4.70221
-4.70191
-4.70297
-4.70282
-4.70342
-4.70372
-4.70251
-4.70236
-4.70372
-4.70342
-4.70311
-4.70402
-4.70508
-4.70508
-4.70432
-4.70357
-4.70372
-4.70281
-4.70206
-4.70206
-4.70312
-4.70266
-4.70266
-4.70266
-4.70281
-4.70312
-4.70417
-4.70463
-4.70493
-4.70372
-4.70372
-4.70372
-4.70433
-4.70433
-4.70402
-4.70448
-4.70448
-4.70448
-4.70478
-4.70508
-4.70508
-4.70448
-4.70463
-4.70327
-4.70312
-4.70266
-4.70312
-4.70342
-4.70342
-4.70372
-4.70417
-4.70372
-4.70372
-4.70432
-4.70417
-4.70342
-4.70387
-4.70402
-4.70387
-4.70357
-4.70296
-4.70342
-4.70281
-4.70296
-4.70311
-4.70251
-4.70266
-4.70251
-4.70206
-4.70236
-4.70327
-4.70282
-4.70251
-4.70297
-4.70221
-4.70191
-4.70312
-4.70266
-4.70266
-4.70282
-4.70327
-4.70327
-4.70342
-4.70327
-4.70251
-4.70206
-4.70145
-4.7013
-4.70145
-4.70145
-4.70115
-4.70055
-4.70115
-4.7016
-4.70145
-4.70161
-4.70146
-4.70221
-4.70206
-4.70297
-4.70297
-4.70266
-4.70191
-4.70282
-4.70357
-4.70327
-4.70327
-4.70372
-4.70296
-4.70266
-4.70176
-4.70281
-4.70281
-4.70281
-4.70251
-4.70221
-4.70266
-4.70327
-4.70297
-4.70372
-4.70387
-4.70372
-4.70357
-4.70418
-4.70387
-4.70493
-4.70508
-4.70568
-4.70508
-4.70493
-4.70448
-4.70508
-4.70493
-4.70553
-4.70523
-4.70599
-4.70644
-4.70568
-4.70599
-4.70553
-4.70553
-4.70538
-4.70568
-4.70523
-4.70508
-4.70614
-4.70493
-4.70508
-4.70584
-4.70553
-4.70568
-4.70614
-4.70659
-4.70629
-4.70584
-4.70568
-4.70538
-4.70553
-4.70432
-4.70402
-4.70387
-4.70342
-4.70342
-4.70251
-4.70281
-4.70251
-4.70281
-4.70266
-4.70221
-4.70206
-4.70221
-4.70145
-4.70145
-4.7007
-4.7013
-4.7016
-4.70175
-4.701
-4.70024
-4.7013
-4.701
-4.70115
-4.70055
-4.70024
-4.70085
-4.7007
-4.70176
-4.70191
-4.70206
-4.70311
-4.70417
-4.70463
-4.70387
-4.70417
-4.70448
-4.70463
-4.70448
-4.70417
-4.70448
-4.70432
-4.70463
-4.70538
-4.70523
-4.70508
-4.70553
-4.70553
-4.70493
-4.70478
-4.70463
-4.70432
-4.70387
-4.70372
-4.70387
-4.70447
-4.70417
-4.70432
-4.70478
-4.70417
-4.70402
-4.70387
-4.70372
-4.70342
-4.70417
-4.70357
-4.70251
-4.70206
-4.70176
-4.70191
-4.70191
-4.70115
-4.70131
-4.701
-4.70191
-4.70312
-4.70312
-4.70342
-4.70312
-4.70281
-4.70221
-4.70251
-4.70251
-4.70236
-4.70176
-4.70221
-4.70146
-4.70206
-4.70161
-4.7013
-4.7013
-4.70206
-4.70221
-4.70221
-4.70221
-4.70221
-4.70236
-4.70236
-4.70266
-4.70327
-4.70387
-4.70387
-4.70493
-4.70523
-4.70448
-4.70372
-4.70327
-4.70312
-4.70327
-4.70206
-4.70236
-4.70206
-4.70221
-4.70342
-4.70296
-4.70266
-4.70236
-4.70296
-4.70387
-4.70417
-4.70402
-4.70463
-4.70447
-4.70463
-4.70432
-4.70463
-4.70448
-4.70417
-4.70312
-4.70312
-4.70357
-4.70432
-4.70447
-4.70447
-4.70402
-4.70372
-4.70281
-4.70221
-4.70206
-4.70145
-4.70221
-4.70266
-4.70221
-4.70312
-4.70342
-4.70236
-4.70236
-4.70251
-4.70206
-4.70145
-4.70206
-4.70221
-4.70251
-4.70251
-4.70191
-4.70206
-4.70251
-4.70251
-4.70281
-4.70266
-4.70281
-4.70251
-4.70221
-4.70206
-4.70342
-4.70312
-4.70297
-4.70251
-4.70387
-4.70433
-4.70433
-4.70493
-4.70523
-4.70568
-4.70614
-4.70689
-4.7081
-4.70765
-4.7078
-4.70749
-4.70765
-4.70749
-4.70704
-4.70689
-4.70704
-4.70689
-4.70689
-4.70704
-4.70735
-4.7084
-4.7078
-4.70765
-4.7078
-4.70734
-4.7078
-4.70765
-4.70719
-4.70659
-4.70674
-4.70749
-4.70644
-4.70598
-4.70523
-4.70508
-4.70417
-4.70432
-4.70402
-4.70508
-4.70508
-4.70387
-4.70327
-4.70251
-4.70191
-4.70191
-4.70206
-4.70206
-4.70236
-4.70296
-4.70296
-4.70372
-4.70327
-4.70417
-4.70432
-4.70402
-4.70342
-4.70266
-4.70236
-4.70251
-4.70206
-4.70176
-4.70115
-4.70085
-4.70221
-4.701
-4.69964
-4.69919
-4.69888
-4.69964
-4.69979
-4.69979
-4.69949
-4.69858
-4.69858
-4.69888
-4.69828
-4.69843
-4.69798
-4.69873
-4.69888
-4.69889
-4.69858
-4.69783
-4.69813
-4.69737
-4.69722
-4.69632
-4.69677
-4.69631
-4.69647
-4.69677
-4.69692
-4.69798
-4.69828
-4.69767
-4.69828
-4.69782
-4.69843
-4.69813
-4.69798
-4.69843
-4.69934
-4.69903
-4.69934
-4.69919
-4.69904
-4.69979
-4.69934
-4.69994
-4.70039
-4.70024
-4.69994
-4.70024
-4.69949
-4.69949
-4.69949
-4.69994
-4.69918
-4.69858
-4.69858
-4.69979
-4.69933
-4.70009
-4.69964
-4.69964
-4.70024
-4.69979
-4.69949
-4.69949
-4.69964
-4.69934
-4.69964
-4.70009
-4.7004
-4.70085
-4.69979
-4.69994
-4.70009
-4.70039
-4.7007
-4.70009
-4.70039
-4.7016
-4.70145
-4.70175
-4.7019
-4.70175
-4.70145
-4.70145
-4.70206
-4.70221
-4.7007
-4.70146
-4.70146
-4.70236
-4.70266
-4.70357
-4.70387
-4.70357
-4.70342
-4.70266
-4.70236
-4.70266
-4.70251
-4.7019
-4.70296
-4.70281
-4.70357
-4.70357
-4.70372
-4.70311
-4.70357
-4.70342
-4.70523
-4.70523
-4.70478
-4.70463
-4.70432
-4.70417
-4.70417
-4.70508
-4.70508
-4.70493
-4.70508
-4.70447
-4.70372
-4.70447
-4.70432
-4.70372
-4.70311
-4.70221
-4.70221
-4.70221
-4.70236
-4.70221
-4.70236
-4.70206
-4.70115
-4.7007
-4.70024
-4.70085
-4.70115
-4.7013
-4.70085
-4.70115
-4.70069
-4.701
-4.7013
-4.70145
-4.70206
-4.70206
-4.7016
-4.7013
-4.701
-4.7013
-4.70085
-4.70039
-4.70039
-4.70039
-4.70039
-4.701
-4.701
-4.70054
-4.70069
-4.70024
-4.70039
-4.70024
-4.70024
-4.69964
-4.69949
-4.69949
-4.69919
-4.69903
-4.69919
-4.69903
-4.69798
-4.69828
-4.69828
-4.69828
-4.69903
-4.69903
-4.69813
-4.69873
-4.69873
-4.69918
-4.69919
-4.69949
-4.69994
-4.70024
-4.70039
-4.70115
-4.70115
-4.70145
-4.70039
-4.70055
-4.70055
-4.70024
-4.70055
-4.69994
-4.69964
-4.70024
-4.69979
-4.69934
-4.69994
-4.70039
-4.70024
-4.69994
-4.70039
-4.69994
-4.70039
-4.70009
-4.69994
-4.69919
-4.69904
-4.69919
-4.69934
-4.69994
-4.69994
-4.70055
-4.69994
-4.70009
-4.70054
-4.70039
-4.69994
-4.69873
-4.69873
-4.69888
-4.69888
-4.69873
-4.69873
-4.69813
-4.69813
-4.69813
-4.69843
-4.69888
-4.69888
-4.69918
-4.69949
-4.69964
-4.70039
-4.7007
-4.701
-4.7016
-4.7016
-4.7016
-4.70115
-4.701
-4.7013
-4.7016
-4.7019
-4.7019
-4.70221
-4.70145
-4.70175
-4.7016
-4.70251
-4.70175
-4.701
-4.70145
-4.7013
-4.70175
-4.70145
-4.7013
-4.70175
-4.7016
-4.70145
-4.70085
-4.70085
-4.70024
-4.7007
-4.69994
-4.69979
-4.69918
-4.69919
-4.69903
-4.69964
-4.70009
-4.69979
-4.70024
-4.69964
-4.69979
-4.7004
-4.7004
-4.7007
-4.7013
-4.7016
-4.7016
-4.7007
-4.70024
-4.70009
-4.69994
-4.69964
-4.69934
-4.69904
-4.69904
-4.69903
-4.69994
-4.69949
-4.70054
-4.70085
-4.701
-4.69964
-4.70024
-4.7007
-4.70115
-4.70055
-4.7013
-4.7016
-4.70191
-4.70191
-4.70176
-4.70297
-4.70281
-4.70236
-4.70251
-4.70236
-4.70176
-4.70191
-4.70191
-4.7004
-4.70055
-4.70085
-4.70085
-4.70085
-4.70055
-4.69995
-4.69979
-4.69979
-4.69904
-4.69995
-4.69964
-4.69979
-4.69843
-4.69723
-4.69738
-4.69708
