0.0982241
-0.50998
-0.667739
-0.772836
-1.23325
-0.939414
-0.575052
0.0357176
-0.39069
-0.273515
-0.0591083
0.074874
0.105685
0.289278
0.530024
0.325051
0.19015
0.239855
0.0938328
0.0836382
-0.0432333
-0.14768
-0.0346467
-0.120543
0.0478219
0.00234795
-0.140134
-0.0893423
0.0012798
-0.0181535
0.0694998
0.0366904
-0.0130378
0.00896466
-0.0351239
-0.117291
-0.113547
-0.0813565
-0.146483
-0.229714
-0.253486
-0.239346
-0.242735
-0.149848
-0.08059
-0.104011
-0.0937936
-0.0762981
-0.0813101
-0.105881
-0.124661
-0.121151
-0.0938602
-0.0826468
-0.115063
-0.0971872
-0.0697491
-0.0578928
0.0117523
0.0329321
0.0410238
0.0372147
0.0802641
0.0695634
0.0264088
0.0212665
0.0445411
0.0360837
0.076656
0.105438
0.100043
0.147188
0.154574
0.118755
0.0780002
0.0789109
0.0809621
0.0839014
0.0875781
0.0773532
0.0842878
0.133999
0.143518
0.105799
0.073818
0.0777725
0.0933022
0.0812048
0.0696395
0.0892245
0.14647
0.147138
0.102314
0.115423
0.0675252
0.0468231
0.0544778
0.0572477
0.0318261
0.00187236
-0.00718738
-0.00469207
-0.00427623
0.00110402
0.0139699
0.0381348
0.00440713
-0.0192017
-0.0252066
-0.0411777
-0.0302196
-0.0385761
-0.0302299
-0.0722088
-0.0912476
-0.0847047
-0.0575773
-0.0692791
-0.0741148
-0.0613634
-0.0743725
-0.0704901
-0.0874453
-0.0700908
-0.0730039
-0.0580724
-0.0529943
-0.0607832
-0.0580615
-0.0654295
-0.0882053
-0.09701
-0.0873989
-0.0826899
-0.0951026
-0.123803
-0.115693
-0.129915
-0.138823
-0.120376
-0.092638
-0.0878217
-0.0957789
-0.10735
-0.0925438
-0.115223
-0.134629
-0.117528
-0.0995905
-0.101418
-0.119199
-0.105599
-0.0900926
-0.0888449
-0.0939101
-0.0946769
-0.0917454
-0.0828777
-0.05742
-0.0316999
-0.0265083
-0.0267842
-0.0268919
0.0178826
0.0495668
0.0551411
0.0591758
0.0818743
0.0799243
0.0875692
0.0793079
0.0881682
0.10322
0.112603
0.109127
0.104682
0.0991508
0.098655
0.0955987
0.0944443
0.100688
0.116169
0.0966813
0.0928471
0.0833118
0.0810084
0.063043
0.0601276
0.0559563
0.0443145
0.0533792
0.0409008
0.0396491
0.0246298
0.0316754
0.0316053
0.0307085
0.025998
0.0191597
0.019559
0.0266053
0.0308548
0.0468988
0.0479556
0.0593368
0.0552173
0.0457615
0.0587673
0.0641498
0.0613423
0.0488831
0.0455162
0.0414666
0.0430844
0.0463184
0.0474559
0.0546941
0.0483863
0.0408396
0.0574625
0.0542123
0.0670291
0.0626142
0.0744056
0.059205
0.0560351
0.0629701
0.0637926
0.0647828
0.0727579
0.0704856
0.0651344
0.0623309
0.0540155
0.0577908
0.0623448
0.0606069
0.0581368
0.0564768
0.0413315
0.0539279
0.0658434
0.0780411
0.0735244
0.072303
0.0760592
0.0822298
0.0691998
0.0656249
0.0774863
0.0797573
0.0686762
0.0676844
0.0527543
0.0475735
0.0577605
0.0548699
0.0542867
0.0479065
0.0376516
0.0222909
0.0195684
0.021343
0.0131623
0.0240722
0.0160952
0.0152279
0.0147913
0.00447997
-0.00116261
-0.000717034
-0.00391045
-0.00295435
-0.00661641
0.00314234
0.000816036
-0.000213727
0.00855493
0.0225242
0.0378551
0.036054
0.0282959
0.0294984
0.0276078
0.0431715
0.0556923
0.0600641
0.0616494
0.0704853
0.0742817
0.0730084
0.0578583
0.0492708
0.0577522
0.0595867
0.0559364
0.0599194
0.0502914
0.0441946
0.0428971
0.036973
0.0236824
0.0271746
0.0297246
0.0276212
0.0276827
0.0338804
0.0378021
0.0339538
0.0347533
0.0413012
0.038419
0.0414161
0.0448159
0.045683
0.0487221
0.0513936
0.0525383
0.0537573
0.0517356
0.0620855
0.0614142
0.0615445
0.0596148
0.0531056
0.0668375
0.0676781
0.0758738
0.0710691
0.070359
0.0685336
0.0690691
0.0590361
0.0564985
0.0556401
0.0578731
0.0615933
0.066678
0.0698714
0.0694102
0.071992
0.062089
0.0568643
0.0551246
0.0489002
0.0532142
0.0468172
0.0532116
0.0504099
0.0463107
0.0430759
0.0391253
0.0444467
0.0463331
0.0382577
0.0405379
0.0338964
0.0413397
0.0368892
0.0360739
0.0402752
0.0372953
0.031993
0.0295244
0.0356267
0.0314419
0.0229213
0.0316853
0.0204406
0.024113
0.0253374
0.0240537
0.0232967
0.0270198
0.0272016
0.0172546
0.0171946
0.026763
0.0201583
0.0158812
0.00954629
0.0104579
0.0151365
0.00890197
0.00777132
0.0184656
0.0211767
0.0211792
0.0161062
0.0179867
0.0154071
0.00646428
0.008416
-0.00113556
-0.011892
-0.0219664
-0.0186435
-0.0190342
-0.0282236
-0.0192933
-0.0131895
-0.0104727
-0.0105627
-0.00276471
0.000342188
0.00599156
0.00854236
0.0101013
0.00790912
0.00583669
0.00958971
0.00130676
-0.0041256
-0.00539307
-0.00691719
-0.00376339
-0.0109742
-0.0165499
-0.016497
-0.0240975
-0.026314
-0.0200796
-0.020561
-0.0175535
-0.0166145
-0.012592
-0.0106756
-0.0117248
-0.0192673
-0.0242106
-0.0193636
-0.0202179
-0.0279051
-0.0386046
-0.0342025
-0.0334693
-0.0392618
-0.0406262
-0.0393151
-0.0369865
-0.0319925
-0.037358
-0.0440099
-0.0446367
-0.040868
-0.0413796
-0.0471106
-0.0557046
-0.0591536
-0.0551131
-0.0536971
-0.0516345
-0.0578853
-0.0511903
-0.0509895
-0.0494597
-0.0518369
-0.0613615
-0.0531021
-0.0384932
-0.0334579
-0.0380417
-0.0409672
-0.0452679
-0.0488222
-0.0508053
-0.0512138
-0.0501227
-0.0444811
-0.0403707
-0.0355326
-0.0418105
-0.0441081
-0.0390961
-0.0432257
-0.0386314
-0.0364175
-0.0396054
-0.0412416
-0.046218
-0.0516461
-0.0472206
-0.0410599
-0.0391692
-0.0400197
-0.0390916
-0.0430798
-0.0415817
-0.043638
-0.0362967
-0.0262015
-0.0260579
-0.0251657
-0.0276597
-0.0192759
-0.0133082
-0.0151156
-0.013372
-0.017715
-0.0163782
-0.0188933
-0.0165473
-0.0163349
-0.0123431
-0.0133369
-0.0182081
-0.013707
-0.013094
-0.0129774
-0.013689
-0.00441115
-0.000597404
-0.000246967
-0.00326656
-0.00587677
-0.00797191
-0.00644706
-0.00530503
-0.00603786
-0.0136354
-0.0168198
-0.0160476
-0.0114105
-0.00761013
-0.0136391
-0.013448
-0.0181584
-0.025281
-0.0262453
-0.0287662
-0.036843
-0.0412487
-0.0405821
-0.0424889
-0.0450148
-0.0454893
-0.0467775
-0.0498324
-0.0516476
-0.0508877
-0.0456739
-0.0469772
-0.0436914
-0.0443046
-0.0408535
-0.0390295
-0.0407128
-0.0418075
-0.0411231
-0.0441197
-0.0497566
-0.0472544
-0.0473101
-0.0502613
-0.0467256
-0.0459615
-0.0399633
-0.0373115
-0.0436974
-0.0383023
-0.0401988
-0.0323484
-0.0308219
-0.0249248
-0.0237125
-0.018214
-0.0241493
-0.0267048
-0.0331429
-0.0348833
-0.039077
-0.0334293
-0.0329638
-0.0334008
-0.0356253
-0.0392884
-0.0400799
-0.0412608
-0.0351311
-0.0382921
-0.0373099
-0.0338484
-0.0327214
-0.0299775
-0.0318108
-0.0291792
-0.0334598
-0.0342463
-0.0310763
-0.0395368
-0.0396701
-0.0455996
-0.0485619
-0.0473905
-0.045765
-0.0487283
-0.0437424
-0.0493148
-0.0501514
-0.0559932
-0.0594364
-0.0570047
-0.0526852
-0.0480416
-0.0505955
-0.0534319
-0.0569133
-0.0557128
-0.055096
-0.0544655
-0.0566725
-0.0594331
-0.0622138
-0.060071
-0.0646489
-0.0658044
-0.0632887
-0.0593608
-0.057825
-0.0587681
-0.0586281
-0.0573953
-0.0584903
-0.057466
-0.0564802
-0.0545905
-0.0564449
-0.0620926
-0.0619253
-0.0654956
-0.0647086
-0.0627592
-0.0536626
-0.0546893
-0.057875
-0.0543849
-0.059323
-0.0541113
-0.0508612
-0.0527749
-0.0521693
-0.0501457
-0.0495392
-0.0528326
-0.0535622
-0.0562304
-0.0595716
-0.0585985
-0.0573487
-0.0582501
-0.0569446
-0.0599757
-0.0611519
-0.0538858
-0.0494738
-0.0523713
-0.0508987
-0.0506673
-0.0536984
-0.0533063
-0.0526331
-0.0509797
-0.0523413
-0.0535863
-0.0534426
-0.0530459
-0.0521133
-0.0586328
-0.0583712
-0.0572918
-0.0555642
-0.0585555
-0.0619963
-0.0634732
-0.0708087
-0.0736771
-0.0732831
-0.0724923
-0.0713314
-0.064
-0.0623972
-0.0599281
-0.0589428
-0.059663
-0.0603577
-0.0621529
-0.0627346
-0.0626603
-0.0634733
-0.0629261
-0.0560278
-0.0606867
-0.062664
-0.060556
-0.0597195
-0.0528885
-0.0562539
-0.0594203
-0.0584511
-0.0605233
-0.0586685
-0.0595355
-0.0575552
-0.0563675
-0.0576676
-0.0577494
-0.0580285
-0.0556441
-0.0573623
-0.0573748
-0.0571434
-0.058917
-0.0597424
-0.0605588
-0.0625012
-0.0622693
-0.0602019
-0.0555833
-0.0540001
-0.0565107
-0.0540108
-0.0545635
-0.0531782
-0.048905
-0.0503822
-0.0475504
-0.0439412
-0.0417208
-0.0391302
-0.039558
-0.0402526
-0.0393149
-0.041358
-0.0394855
-0.0431185
-0.0447017
-0.0409743
-0.0376731
-0.0362177
-0.0370125
-0.0369577
-0.0406654
-0.041302
-0.0459069
-0.0444136
-0.0439335
-0.0435419
-0.0476179
-0.0467638
-0.0461782
-0.0425319
-0.0422646
-0.0405445
-0.0418639
-0.0423779
-0.0439233
-0.0456264
-0.0464745
-0.043124
-0.0372061
-0.0381784
-0.0374521
-0.0345742
-0.0312253
-0.0229763
-0.0250796
-0.0232034
-0.0220588
-0.0170403
-0.0145653
-0.0146357
-0.0180817
-0.018456
-0.016202
-0.0184756
-0.0200838
-0.0186319
-0.0182422
-0.0167207
-0.014741
-0.0143453
-0.0173047
-0.0192241
-0.0168396
-0.0142977
-0.00856365
-0.0117695
-0.0147426
-0.0139716
-0.0169397
-0.0185189
-0.0177778
-0.0177129
-0.0218315
-0.0222214
-0.0270738
-0.0279996
-0.0301829
-0.0312333
-0.030181
-0.0287553
-0.0250418
-0.0271689
-0.0272748
-0.0293024
-0.026869
-0.0245229
-0.0244796
-0.0272496
-0.0290906
-0.0281319
-0.0284639
-0.0269807
-0.0243305
-0.0241441
-0.0243444
-0.0241063
-0.0276831
-0.0303481
-0.0317658
-0.0349911
-0.0314966
-0.0324724
-0.0321286
-0.0322637
-0.0315016
-0.0334104
-0.0350259
-0.0339971
-0.0330869
-0.0301816
-0.0292463
-0.0294265
-0.0293815
-0.0291528
-0.0291312
-0.0302313
-0.0316572
-0.0287421
-0.0298896
-0.0286176
-0.0267503
-0.028881
-0.029307
-0.0327454
-0.0344293
-0.0327456
-0.0312514
-0.0302579
-0.0329187
-0.0330674
-0.0338715
-0.0317522
-0.0273155
-0.0292738
-0.0284476
-0.0252489
-0.0272619
-0.0305705
-0.0320878
-0.0340788
-0.0338505
-0.0345189
-0.0346222
-0.0359802
-0.0327857
-0.0292771
-0.0268528
-0.0248681
-0.0241324
-0.0212151
-0.0242564
-0.0282577
-0.0262566
-0.0305687
-0.028546
-0.0299158
-0.026658
-0.0271616
-0.0240201
-0.0269912
-0.0245219
-0.0262877
-0.0251877
-0.0250739
-0.0239718
-0.0242177
-0.0196339
-0.0195578
-0.0210773
-0.0192644
-0.01934
-0.0173587
-0.0200615
-0.0184746
-0.022639
-0.0209302
-0.0190773
-0.022081
-0.0240768
-0.0242504
-0.0246211
-0.0223245
-0.0214594
-0.0238421
-0.0214752
-0.0228184
-0.0249349
-0.0280152
-0.0330023
-0.0348343
-0.0340837
-0.0344812
-0.0361758
-0.0362967
-0.0363453
-0.0399688
-0.0434804
-0.0461146
-0.046345
-0.0478595
-0.0486072
-0.0506717
-0.0507544
-0.0504792
-0.0532502
-0.0518546
-0.0456522
-0.0446858
-0.0463278
-0.0485398
-0.0473768
-0.0473973
-0.0481676
-0.0482552
-0.04802
-0.049261
-0.0490581
-0.0516724
-0.0525862
-0.0498155
-0.0512534
-0.0455049
-0.0456773
-0.0435518
-0.0448387
-0.0412169
-0.0393221
-0.0395621
-0.0390366
-0.0392671
-0.0355619
-0.0354401
-0.0386627
-0.037468
-0.0382266
-0.0415727
-0.0401324
-0.0394286
-0.0378386
-0.0393983
-0.0428906
-0.0444894
-0.0460659
-0.0494342
-0.0477171
-0.0448171
-0.0454296
-0.0484908
-0.0473572
-0.0447706
-0.0429249
-0.0433627
-0.0436432
-0.044045
-0.0437498
-0.0421043
-0.0429537
-0.0426356
-0.0449941
-0.046744
-0.0476909
-0.0476659
-0.0500326
-0.0503085
-0.0519461
-0.0539699
-0.05638
-0.0580239
-0.0578271
-0.0588167
-0.0554695
-0.0563505
-0.0566488
-0.0550373
-0.053929
-0.0551173
-0.0530315
-0.0513245
-0.0513406
