0
0.728198
0.650988
0.618409
0.524563
0.43964
0.379675
0.333537
0.302551
0.275445
0.252322
0.274727
0.256386
0.238374
0.222601
0.214267
0.201679
0.195913
0.187044
0.186793
0.180614
0.173726
0.173221
0.166583
0.159926
0.153951
0.153188
0.147906
0.143139
0.142708
0.142395
0.147746
0.146296
0.142227
0.138684
0.138758
0.135672
0.133576
0.130479
0.130606
0.130723
0.12791
0.125568
0.122794
0.120179
0.119158
0.116623
0.114674
0.112709
0.115586
0.113326
0.111662
0.109914
0.108779
0.106818
0.105632
0.104904
0.10357
0.102386
0.100826
0.0993502
0.0977974
0.0963104
0.0948358
0.0950535
0.095472
0.0968433
0.0954611
0.0945945
0.0936989
0.0925846
0.0924366
0.0911707
0.0900663
0.0891885
0.0891642
0.0891161
0.088584
0.0879228
0.0869829
0.0859102
0.0848891
0.0838785
0.0853258
0.0854048
0.085414
0.0867282
0.085743
0.0851576
0.0843642
0.0837461
0.0842233
0.0854473
0.0862178
0.089957
0.0890349
0.0881975
0.0874526
0.0865704
0.085728
0.0858029
0.0849861
0.0843625
0.0846086
0.0841701
0.0837554
0.0829753
0.0831361
0.0827795
0.0820272
0.0823189
0.0837088
0.0834553
0.0833582
0.0831543
0.0824853
0.082406
0.0817078
0.0825517
0.0826868
0.0820422
0.0814868
0.0808523
0.0802082
0.0802238
0.0801445
0.0795305
0.0793348
0.0795864
0.078979
0.078383
0.0783178
0.0789544
0.0787336
0.0784577
0.0782066
0.0776381
0.0770932
0.0774929
0.0769476
0.0767035
0.076256
0.0757245
0.0752803
0.0754393
0.0749503
0.0747017
0.0742782
0.0746151
0.0741633
0.073939
0.0734534
0.0730335
0.0726283
0.0728085
0.0723508
0.0718918
0.071453
0.0710042
0.0705607
0.0703618
0.0700996
0.0702536
0.0702133
0.0698764
0.0706093
0.0702369
0.0699939
0.0695818
0.0692415
0.0689077
0.068524
0.0681325
0.0680735
0.0677075
0.0673435
0.0669775
0.0679125
0.0675766
0.0672012
0.0669681
0.0666773
0.0665002
0.0661393
0.0658249
0.065644
0.0653003
0.0650603
0.065266
0.0650007
0.0647998
0.0645686
0.0646556
0.0643551
0.0642543
0.0639288
0.0636162
0.0632951
0.0633182
0.0630016
0.0628266
0.0625942
0.0622941
0.0621816
0.061904
0.0618258
0.0615319
0.061251
0.061046
0.0607703
0.0605528
0.060326
0.0600458
0.059814
0.0597405
0.0595063
0.0593135
0.059088
0.0588185
0.0585552
0.0584175
0.0581568
0.0580728
0.0578421
0.0576574
0.057407
0.0579969
0.0577435
0.0580544
0.0580343
0.0577967
0.0578391
0.0576528
0.0574613
0.0572666
0.0573125
0.0571075
0.0568822
0.0566514
0.0565149
0.0562824
0.0560821
0.0558555
0.0556662
0.0554934
0.0553551
0.05515
0.0549397
0.0554422
0.0552929
0.0552253
0.0550125
0.0549986
0.0548641
0.0546513
0.0544393
0.0542301
0.054066
0.0539928
0.0537872
0.0535994
0.0535287
0.0535832
0.0535718
0.0536877
0.053499
0.0533033
0.0531137
0.0529206
0.0527308
0.0526079
0.0525425
0.0525749
0.0524306
0.0524466
0.0522602
0.0520724
0.0519448
0.0519055
0.0518248
0.0516404
0.0514718
0.051408
0.0512309
0.0510538
0.0508767
0.0507117
0.0505671
0.050758
0.0505889
0.0504934
0.0503981
0.050228
0.0500573
0.0501354
0.0501746
0.0500685
0.0499419
0.0498028
0.0499979
0.049844
0.0496825
0.049524
0.0494892
0.0493351
0.0492006
0.0491029
0.0492083
0.0490507
0.0488995
0.048802
0.0486773
0.0485236
0.0485064
0.0484323
0.0482791
0.0481883
0.0480368
0.0479298
0.0477906
0.0476435
0.0475457
0.0474002
0.0472743
0.0471303
0.0469915
0.0469164
0.0467745
0.046872
0.0470773
0.0470663
0.0471893
0.0470648
0.0469459
0.0468059
0.0466693
0.0466343
0.0465631
0.0464292
0.0463206
0.0462226
0.0462515
0.0461331
0.0461372
0.0460196
0.0459202
0.0459293
0.0458369
0.0457249
0.0457185
0.0458484
0.0458347
0.0458082
0.0456788
0.0455815
0.0454578
0.0453375
0.0452896
0.045169
0.0450472
0.044927
0.0448942
0.0447767
0.0447591
0.0446473
0.0445271
0.0444324
0.0443465
0.0445089
0.0444133
0.0444004
0.0442886
0.0441878
0.0441907
0.0440844
0.0439701
0.0438968
0.0440061
0.0439393
0.0438555
0.0438452
0.0437595
0.0436612
0.0435488
0.0434428
0.0433629
0.0434507
0.0433428
0.0432436
0.0431372
0.0430278
0.0429442
0.0428349
0.0427265
0.0426964
0.042636
0.0425902
0.0429202
0.0428879
0.0427954
0.0427066
0.0426147
0.0425308
0.0424266
0.0423311
0.0422275
0.042165
0.0420617
0.0421089
0.0420079
0.0419078
0.0418125
0.0417233
0.0417641
0.0418083
0.0418226
0.0417695
0.0416833
0.0416034
0.0415051
0.0415
0.0414239
0.0413378
0.0413905
0.0413196
0.0413226
0.0412508
0.0411555
0.0410717
0.0409886
0.0409044
0.0408101
0.0407556
0.0406808
0.0406002
0.0405645
0.0405049
0.040422
0.0403337
0.0402881
0.0402055
0.0401201
0.0400403
0.0400057
0.0399254
0.0398363
0.0399904
0.0399149
0.03983
0.039792
0.0397227
0.0397005
0.0396169
0.0396151
0.0396972
0.0396107
0.0395422
0.0394882
0.0394249
0.0393447
0.0392596
0.0393478
0.0392644
0.0391807
0.0390992
0.0390273
0.0390995
0.0390687
0.0389856
0.0389152
0.038845
0.03901
0.0389279
0.0388467
0.0387666
0.0387938
0.0387247
0.0386516
0.0385711
0.0387586
0.0386825
0.0387322
0.0387477
0.0387048
0.0386318
0.038553
0.0385003
0.0384218
0.0383687
0.038294
0.0382273
0.0381658
0.0380914
0.0380523
0.0380606
0.0380881
0.0380368
0.0379733
0.037898
0.0378483
0.0378379
0.0378255
0.0379062
0.0378927
0.0378308
0.0377561
0.0378024
0.0377365
0.0376625
0.0376051
0.0375378
0.037599
0.0375466
0.037476
0.0374121
0.0373544
0.0372935
0.0372352
0.0376313
0.0375627
0.0374915
0.0374832
0.0376351
0.0375654
0.0375377
0.0374705
0.03744
0.0374732
0.0374569
0.0374062
0.0373913
0.0373796
0.0374042
0.0373344
0.0373835
0.0373426
0.0372731
0.0372092
0.0372698
0.0372088
0.0372169
0.0371483
0.0371922
0.0371282
0.0371139
0.0370499
0.0370883
0.0370219
0.0369657
0.0369772
0.0369101
0.0368481
0.0368174
0.0367632
0.0367193
0.0366643
0.0366005
0.0367508
0.036687
0.036624
0.0365762
0.0365344
0.0365154
0.0364565
0.036392
0.0363278
0.0362894
0.0362484
0.0365319
0.0365115
0.036542
0.0364805
0.0365739
0.0365124
0.0364599
0.03642
0.036359
0.0363019
0.0362417
0.0361974
0.0361357
0.036094
0.0360376
0.0359759
0.0360293
0.0361095
0.0360553
0.0359952
0.035935
0.0358746
0.0358957
0.0359353
0.0358858
0.0359764
0.0359166
0.0358572
0.0358769
0.0359515
0.0359735
0.0359321
0.035875
0.0358224
0.0357737
0.0357146
0.0358152
0.0358295
0.0357733
0.03572
0.0356613
0.0356102
0.0356602
0.035611
0.0355536
0.0355386
0.0355078
0.0355801
0.0355236
0.0355489
0.0355068
0.0354541
0.0354035
0.0353486
0.0352934
0.0352925
0.0352362
0.0351804
0.0351294
0.0351167
0.0350615
0.0350438
0.0349891
0.0349402
0.0349143
0.0348595
0.0348326
0.0347972
0.0347802
0.0347469
0.0347399
0.0346892
0.0347449
0.0347047
0.0346507
0.0346362
0.0346219
0.0345787
0.0345445
0.03451
0.0344911
0.0344939
0.0344429
0.0344122
0.034362
0.0344565
0.0344278
0.0343934
0.0344845
0.0344783
0.034439
0.0343871
0.0343874
0.0343512
0.0344322
0.0343871
0.0343414
0.0342916
0.0342685
0.0342337
0.0341829
0.0342066
0.0341585
0.0341411
0.0341089
0.0340707
0.0340228
0.0339725
0.034007
0.0339638
0.0339382
0.0339307
0.0339247
0.0339134
0.0338849
0.0338516
0.0338095
0.0337777
0.033737
0.0337069
0.0336692
0.0336215
0.033616
0.0335748
0.0335874
0.0335427
0.0335329
0.0334956
0.0334478
0.0334288
0.033537
0.033524
0.0334894
0.0334504
0.0334553
0.0334271
0.0333831
0.0333898
0.0334654
0.0334292
0.0333845
0.0333953
0.0333489
0.0334351
0.0333905
0.033349
0.0333105
0.0332759
0.0332309
0.0331897
0.0331484
0.0331089
0.033063
0.0330414
0.0329984
0.0329553
0.0329855
0.0330601
0.0330244
0.0330623
0.0330173
0.0329871
0.0329583
0.032916
0.0328735
0.032832
0.0327879
0.0327435
0.0327111
0.0326757
0.0326374
0.0326005
0.032559
0.032516
0.0324741
0.0324337
0.0324346
0.0324177
0.0324344
0.0324299
0.0324156
0.0323979
0.0323797
0.032345
0.0323113
0.0323043
0.0323507
0.0323529
0.0323874
0.0323643
0.0323328
0.0322925
0.0322771
0.0322348
0.0321981
0.0321826
0.032169
0.0321346
0.0320976
0.0320652
0.0320305
0.0319983
0.0319598
0.0321257
0.0320883
0.0320491
0.0320149
0.0319738
0.0319423
0.0319273
0.0318904
0.0318505
0.0318436
0.0318792
0.0318467
0.0318153
0.0317782
0.0317507
0.0317172
0.031677
0.0316391
0.0316217
0.031585
0.0315469
0.0315071
0.0314697
0.0314752
0.0314372
0.0314706
0.0314315
0.0313922
0.0313674
0.0313293
0.0313365
0.0312981
0.0312773
0.0312741
0.0312353
0.0311974
0.0311896
0.0311949
0.0311587
0.0311498
0.031143
0.0311047
0.0310678
0.0310754
0.0310381
0.0310299
0.0310043
0.0309849
0.0309507
0.0309168
0.0308813
0.0308471
0.0308241
0.0308392
0.030804
0.0307668
0.0307462
0.0307262
0.0307042
0.030684
0.0306504
0.0306498
0.0306192
0.0305875
0.0305656
0.0305292
0.0304978
0.0304731
0.0304628
0.030427
0.0303935
0.0303618
0.030334
0.0303034
0.0302684
0.0302453
0.0302107
0.0301771
0.0301457
0.0301436
0.0301113
0.0300939
0.0300744
0.0300392
0.0300064
0.0299732
0.0299607
0.0299307
0.0299107
0.0298792
0.0298472
0.0298215
0.0298015
0.0297686
0.0297343
0.0297414
0.0297271
0.0296974
0.0296639
0.0296323
0.0296367
0.0296428
0.0296123
0.0295822
0.0295566
0.0295231
0.0294926
0.0294652
0.029437
0.0294622
0.0294351
0.0294089
0.0293866
0.0293537
0.0293369
0.0293417
0.0293169
0.0293149
0.0292926
0.0292617
0.0292298
0.029202
0.029202
0.0291866
0.0291556
0.0291737
0.0291417
0.029127
0.029113
0.0290847
0.0291094
0.0290954
0.0290737
0.029046
0.0290167
0.0291007
0.0290793
0.0290486
0.0290479
0.0290186
0.02899
0.0289618
0.0289384
0.0289115
0.0288799
0.0288518
0.0288206
0.0287932
0.0287633
0.0287326
0.0287096
0.028683
0.0286557
0.0286569
0.0286336
0.0286028
0.0285923
0.0285782
0.0286222
0.0286045
0.0285899
0.0285791
0.0285756
0.0285457
0.0285296
0.0285009
0.0284707
0.0284408
0.0284166
0.0283877
0.028369
0.0283416
0.0283507
0.0283654
0.0283436
0.0283148
0.0283034
0.0282851
0.0282737
0.0282458
0.0282186
0.0282005
0.0281719
0.0281528
0.0281415
0.0281298
0.0281454
0.028119
0.0280969
0.0280916
0.0281794
0.028193
0.0281818
0.0281758
0.0281476
0.0281191
0.0280901
0.0280621
0.0280627
0.0280624
0.0280348
0.0280073
0.0279882
0.0279773
0.0279487
0.0279539
0.0279264
0.0279018
0.0278734
0.027849
0.0278274
0.0278012
0.0277737
0.0277499
0.0277225
0.0276953
0.0276673
0.0276452
0.0276204
0.0275926
0.0276088
0.0275842
0.0275975
0.0275776
0.0276578
0.0277651
0.0277375
0.0277221
0.0278275
