0
0.100013
0.417505
0.342277
0.274908
0.262174
0.224748
0.248473
0.230361
0.217007
0.197755
0.182844
0.182823
0.170297
0.212179
0.212038
0.211813
0.216777
0.22888
0.222906
0.212424
0.202786
0.197399
0.189224
0.198457
0.197968
0.193927
0.187003
0.181177
0.177365
0.172118
0.170585
0.171274
0.170871
0.169018
0.167181
0.165452
0.16171
0.15829
0.171785
0.167892
0.164774
0.162655
0.158999
0.155965
0.1533
0.150094
0.147648
0.145925
0.143556
0.140825
0.138318
0.135901
0.133809
0.135371
0.133001
0.130996
0.128881
0.128501
0.126726
0.124947
0.124286
0.122321
0.121125
0.119272
0.120222
0.118429
0.116707
0.117192
0.115588
0.114411
0.11286
0.111777
0.111516
0.110029
0.108582
0.107314
0.106138
0.105096
0.104349
0.103077
0.102372
0.101175
0.100192
0.0990382
0.097887
0.0968469
0.0958136
0.0948736
0.0944108
0.0934613
0.0925305
0.0918608
0.0910972
0.0903534
0.089497
0.0890294
0.0881876
0.088368
0.0905178
0.0900127
0.0919169
0.0911876
0.0908077
0.0906638
0.0898439
0.0890459
0.0882214
0.0877448
0.0870316
0.0869582
0.0873028
0.0866101
0.0864239
0.0858693
0.085207
0.0845207
0.0838127
0.0831284
0.0825397
0.0818602
0.081479
0.0811234
0.0808288
0.0814288
0.0809789
0.0803435
0.0808515
0.080349
0.0798305
0.0792979
0.0801289
0.0800777
0.0805056
0.0799915
0.0795566
0.0789838
0.0784142
0.0778501
0.0779712
0.0774678
0.0770551
0.0765236
0.0760495
0.0757223
0.075206
0.0746949
0.0742253
0.0737391
0.0733606
0.0728748
0.0724313
0.0721787
0.0717174
0.0712874
0.0710855
0.0719843
0.071568
0.0711238
0.0706921
0.0705785
0.0701586
0.0698042
0.0704204
0.0702413
0.0699589
0.0695787
0.0692832
0.0689272
0.0685895
0.0682418
0.0682794
0.0678932
0.0675993
0.06723
0.067754
0.0678635
0.0674834
0.067139
0.0667708
0.0665415
0.0664366
0.0661232
0.0657694
0.0654545
0.0651519
0.0649501
0.064826
0.064491
0.0649491
0.0646872
0.0643756
0.0640537
0.063732
0.0634704
0.0633102
0.0634793
0.0631884
0.0629567
0.0626439
0.0623519
0.0620587
0.0618005
0.0615678
0.0613142
0.0610199
0.0608708
0.0608637
0.0605836
0.0602952
0.0602661
0.0607161
0.0604572
0.0602927
0.0600208
0.0598204
0.0596739
0.0594128
0.0592241
0.0590637
0.0588042
0.0585947
0.0584261
0.0583252
0.0581369
0.0580437
0.0577943
0.0575428
0.0573109
0.0570686
0.0568442
0.0566166
0.0564025
0.0561854
0.0560211
0.056419
0.0562452
0.0560195
0.0557975
0.0556575
0.0554338
0.05567
0.0556043
0.055377
0.0552329
0.0553614
0.0556026
0.0556116
0.0554456
0.055224
0.0550047
0.0549817
0.0548931
0.0547345
0.0546638
0.0544716
0.0542634
0.0541493
0.0540914
0.0539555
0.0548244
0.0546363
0.0544584
0.0542551
0.0541404
0.0539724
0.0538015
0.0536844
0.0538045
0.0536453
0.0535546
0.0533578
0.0532719
0.0530877
0.0530004
0.0528332
0.0526695
0.0526789
0.0524901
0.0523815
0.0522031
0.0520186
0.0518643
0.0516936
0.0515173
0.051338
0.0511991
0.0510972
0.0510612
0.0509174
0.0511409
0.0512852
0.0513293
0.0511904
0.0510357
0.0508676
0.050708
0.0505813
0.0504904
0.0503428
0.0501755
0.0500606
0.0499114
0.0501206
0.0501918
0.050081
0.0499267
0.049816
0.0496563
0.0495793
0.0494628
0.0496075
0.0494829
0.0493373
0.0491817
0.0494245
0.0492823
0.0491352
0.0489865
0.0488753
0.0487338
0.0486242
0.0485719
0.0486631
0.0485177
0.0484982
0.0483509
0.0482374
0.0481073
0.0479615
0.0478542
0.0477948
0.0484229
0.0483342
0.0482233
0.0481654
0.0482084
0.0481774
0.0480558
0.0479601
0.0479372
0.0478203
0.0476845
0.0475553
0.0474881
0.0473817
0.0472453
0.0471146
0.0471064
0.0470096
0.0468773
0.0470723
0.0469943
0.0468754
0.0467547
0.0466235
0.0466121
0.046507
0.0464401
0.0463775
0.0462559
0.0461372
0.0460458
0.0459208
0.0459167
0.0457916
0.0456988
0.0459477
0.0458757
0.0457657
0.0457406
0.045621
0.0455342
0.0454125
0.0452997
0.0453367
0.0452408
0.0451759
0.0450645
0.0450221
0.0450272
0.0449645
0.0448472
0.0447594
0.0446472
0.044588
0.0444782
0.0443707
0.0447075
0.0446906
0.0447144
0.0448931
0.0447797
0.0446699
0.0446112
0.0445946
0.0444864
0.0444854
0.0443759
0.0442682
0.0441587
0.0440516
0.0439694
0.0438709
0.043788
0.0437574
0.0436962
0.0436993
0.0435932
0.0434944
0.0434299
0.0433868
0.043465
0.0434941
0.0434142
0.0433326
0.0432342
0.0431314
0.0430687
0.0429696
0.0428938
0.042841
0.0427611
0.0426787
0.0425947
0.0425223
0.0424954
0.0423974
0.0423003
0.0422228
0.0421947
0.0421092
0.0420359
0.0419399
0.0419966
0.0419629
0.0418672
0.0419047
0.0418627
0.0417703
0.0417142
0.0418947
0.0418881
0.0419372
0.0418859
0.0418007
0.0418339
0.0418949
0.0418042
0.0417134
0.0416332
0.0415443
0.0416218
0.0415302
0.0414399
0.0414699
0.0414546
0.0414092
0.0413817
0.0412917
0.0412024
0.0411478
0.0411209
0.041099
0.0410126
0.0409561
0.0408866
0.0409411
0.0409209
0.0408778
0.0408728
0.0408329
0.0407474
0.0406636
0.0405946
0.0405098
0.0404341
0.0403597
0.0402977
0.0402152
0.0401661
0.0400843
0.0400039
0.0399619
0.0399288
0.0398468
0.0397652
0.0397337
0.0396943
0.0396686
0.0395981
0.0396359
0.0395697
0.039496
0.0395624
0.0395146
0.0394384
0.0393778
0.0394117
0.0393514
0.0392918
0.0393698
0.0393024
0.0392722
0.0392726
0.0391957
0.0391973
0.0391219
0.0391027
0.0390858
0.0391205
0.0390443
0.0389733
0.0389519
0.0388766
0.0388023
0.0387433
0.0387612
0.0387673
0.0387078
0.0387784
0.0387188
0.0386448
0.038571
0.0385103
0.038444
0.0384041
0.038356
0.0383447
0.0382986
0.038289
0.038217
0.0381507
0.0380796
0.0380372
0.038023
0.0379854
0.0379163
0.0378551
0.0378532
0.037804
0.0377359
0.0377306
0.0376623
0.0376064
0.0375639
0.03755
0.0375379
0.0374705
0.0374224
0.0373548
0.0372904
0.0372673
0.0372003
0.0371444
0.0370784
0.0370422
0.0369952
0.0370132
0.0369488
0.0369117
0.0370011
0.0369448
0.0368822
0.036826
0.0368608
0.0369443
0.036907
0.0368502
0.0368482
0.0369589
0.0369647
0.0369052
0.0368644
0.0368243
0.0367625
0.0367005
0.0366381
0.0365786
0.036516
0.0364535
0.0363938
0.0363659
0.036435
0.0364237
0.0363655
0.0363272
0.0362654
0.0362074
0.0362285
0.0361685
0.0363117
0.0362698
0.0362102
0.0361511
0.0360906
0.0360556
0.0360011
0.0359416
0.0359342
0.0358815
0.0359079
0.0358706
0.0358599
0.0358026
0.0357525
0.0358127
0.035759
0.0357145
0.0356692
0.0356988
0.0356472
0.0356163
0.0355645
0.0355071
0.0354559
0.0353988
0.0353442
0.0352899
0.0352405
0.0351936
0.0351371
0.0350881
0.0350418
0.0349876
0.0349404
0.0349785
0.0349402
0.0350063
0.0349548
0.034905
0.034948
0.0349749
0.0349346
0.0348962
0.0348682
0.0348456
0.0348219
0.0350052
0.0349664
0.0349151
0.0348889
0.0348379
0.0347857
0.0347397
0.0348749
0.0348258
0.0348293
0.034776
0.0347833
0.0347301
0.034677
0.0346239
0.0346161
0.0345717
0.0345195
0.0344961
0.0344902
0.0344769
0.0344567
0.0344046
0.0343565
0.0343107
0.0342594
0.0342089
0.0341629
0.0341183
0.0341002
0.0340631
0.0340294
0.0339809
0.0339529
0.0339043
0.033854
0.0338288
0.0337815
0.0338045
0.0337682
0.0337378
0.0336965
0.033659
0.0336978
0.033706
0.033664
0.0336704
0.0336222
0.033591
0.0335467
0.033512
0.0334787
0.0334319
0.0333972
0.0333769
0.0333478
0.0333076
0.0332699
0.0332329
0.0331961
0.0331792
0.0331337
0.0331512
0.0331424
0.0331153
0.0330701
0.0330957
0.0330686
0.0330564
0.0330105
0.0330479
0.0330244
0.0329801
0.0329474
0.0329096
0.0328666
0.0328215
0.0328138
0.0327716
0.0327322
0.0326869
0.0326425
0.0326268
0.0325952
0.0325606
0.0325349
0.0325307
0.032486
0.0324459
0.0324107
0.032368
0.0323532
0.0323089
0.0322685
0.0322245
0.0321849
0.032165
0.0321221
0.0320836
0.0320512
0.0320084
0.0319679
0.0319851
0.0319941
0.0320799
0.0320376
0.0319965
0.0319669
0.0319303
0.0319197
0.0318894
0.0318559
0.031821
0.0317789
0.0317379
0.0317952
0.0318073
0.0317666
0.0317264
0.0316944
0.0316528
0.0316312
0.0315901
0.0316808
0.0316482
0.0316459
0.0316369
0.0316331
0.0315931
0.0315563
0.0315316
0.031492
0.0314588
0.031467
0.0314415
0.0314267
0.0313941
0.0313597
0.0313303
0.0312913
0.0312853
0.0312496
0.0312116
0.0311808
0.0311429
0.03112
0.031083
0.0310616
0.0310241
0.0310137
0.0309972
0.0310861
0.0310484
0.0310304
0.0310444
0.0310068
0.0309721
0.0309469
0.0309196
0.0309893
0.0309643
0.0309257
0.030909
0.0308836
0.0312601
0.0312317
0.0313295
0.0312985
0.0313027
0.0312873
0.0312535
0.0312151
0.0311813
0.0311439
0.0311057
0.0310961
0.0310587
0.0310272
0.0309968
0.0309617
0.0309244
0.0308892
0.0308525
0.0308411
0.0308594
0.0308497
0.0308124
0.0307753
0.0307571
0.0307358
0.0307039
0.0307328
0.0307023
0.0306847
0.0306602
0.0306285
0.0305983
0.0305648
0.0305457
0.0305105
0.0305166
0.0305217
0.0304919
0.0304832
0.0304658
0.0304313
0.0303956
0.0303655
0.0303309
0.0304078
0.0303807
0.030385
0.0303514
0.0303436
0.0303855
0.0303504
0.0303149
0.0302927
0.030283
0.0302508
0.0302275
0.0302239
0.0301917
0.0301584
0.0301497
0.0301158
0.0300983
0.0301745
0.0301505
0.0301163
0.0300874
0.0300752
0.0300851
0.0300627
0.0300606
0.0300325
0.0299983
0.0299687
0.0299392
0.0299739
0.029943
0.0299187
0.0298903
0.0299936
0.0300767
0.0300594
0.0300338
0.03
0.0299925
0.0299626
0.0299298
0.0299315
0.0299037
0.0298785
0.0298589
0.0298264
0.0297932
0.0297605
0.0297534
0.0297216
0.0297175
0.0297298
0.0296968
0.0296742
0.0296531
0.0296217
0.029611
0.0295808
0.0295844
0.0295587
0.0296109
0.0296088
0.0296481
0.0296167
0.0295928
0.0295775
0.0295492
0.0295297
0.0294995
0.0294768
0.029534
0.0295192
0.0294976
0.0294657
0.0294395
0.0294296
0.0293978
0.0293735
0.0293589
0.0293331
0.0293198
0.0293052
0.0292737
0.0292423
0.029215
0.0292328
0.0292049
0.0291903
0.0291658
0.0291382
0.0291085
0.0290841
0.0290595
0.0290287
0.0289982
0.028981
0.0289905
0.028969
0.0289425
0.028926
0.0288957
0.0288674
0.0288824
0.0288861
0.0289107
0.0288875
0.0288627
0.0288383
0.0288098
0.0287804
0.0287552
0.0287267
0.0286973
0.0287173
0.0286971
0.0286815
0.0286656
0.0286362
0.028607
0.0286162
0.0286128
0.0285958
0.0285802
0.0285824
0.0285636
0.0285352
0.0285105
0.0284881
0.0284599
0.0284454
0.0284283
0.0284
0.0283768
0.0283496
0.0283208
0.0282988
0.0282723
0.0282476
0.0282301
0.0282464
0.0282319
0.0282034
0.0281794
0.0281858
0.028158
0.0281306
0.0281054
0.0280994
0.0280717
0.0280436
0.028016
0.0280102
