-1.50886
-0.479035
0.0521564
-0.386098
-0.191125
-0.139795
-0.0897277
-0.0580216
0.00595949
0.0497335
0.0171706
0.17201
0.132732
0.145152
0.152678
0.102509
0.105127
0.057959
0.0817798
0.0226886
0.0546615
0.0765519
0.0265403
0.012369
0.0139136
0.0214113
-0.0179072
-0.0255199
-0.035456
6.78981e-05
0.0353339
0.0890968
0.0590326
0.0507655
0.0385751
0.0718119
0.0582105
0.0782629
0.0876365
0.117572
0.147134
0.138294
0.151035
0.146564
0.141276
0.121651
0.122007
0.132607
0.141887
0.107482
0.106263
0.0954416
0.0864922
0.072393
0.0704601
0.0828974
0.0674375
0.0774297
0.0883178
0.0828348
0.0888148
0.0856751
0.0820981
0.0796851
0.0617718
0.0428812
0.0661591
0.0690111
0.0789588
0.0696613
0.0758685
0.061308
0.0610514
0.0562255
0.0485889
0.0342248
0.0483374
0.0587859
0.0678271
0.0731192
0.0735625
0.0756995
0.0771415
0.0567366
0.070374
0.0834968
0.063558
0.0637794
0.0557187
0.050615
0.0433887
0.0586973
0.0396367
0.0566621
0.0853516
0.0869929
0.0907792
0.0855455
0.0850943
0.0871022
0.0997209
0.0976736
0.0918174
0.105216
0.0973245
0.105326
0.105992
0.118444
0.126672
0.126509
0.113464
0.0946386
0.0855928
0.0752784
0.0659442
0.0631231
0.0733024
0.0734238
0.0575341
0.0458484
0.043315
0.0389301
0.0367949
0.0356594
0.0253705
0.0158965
0.0175488
0.00930933
-0.00244886
-0.00332715
-0.00436852
0.00475031
-0.00915863
-0.0167948
-0.0237578
-0.0165997
-0.0172019
-0.0155454
-0.0277138
-0.0288379
-0.035658
-0.0318863
-0.0323997
-0.0288816
-0.0187537
-0.0167101
-0.0104459
-0.00696266
0.00420931
0.00159793
-0.00469815
-0.00505117
-0.00802729
-0.00485128
0.00487762
0.00602591
0.00550893
0.00398425
0.00368535
0.00348101
-0.00233593
0.00258883
0.0116565
0.0190509
0.0225814
0.0353323
0.0380017
0.0429635
0.0424175
0.0393183
0.036179
0.0346524
0.0338609
0.0271205
0.025352
0.0270261
0.0256314
0.0389502
0.0413809
0.0413567
0.0456685
0.0424532
0.0374526
0.0377224
0.0401101
0.0448859
0.0458684
0.0421238
0.0506012
0.0474057
0.0431451
0.039433
0.0468234
0.0447645
0.0393283
0.0398831
0.0386497
0.0385148
0.0319338
0.0318919
0.0360711
0.0392152
0.0381995
0.0332946
0.0315054
0.0262543
0.0270195
0.0256611
0.028946
0.0302999
0.0273714
0.0300419
0.0306385
0.0330594
0.0281066
0.0258537
0.0227399
0.0203903
0.0201789
0.0194945
0.023357
0.0228169
0.0182789
0.0164585
0.0193531
0.020091
0.0299642
0.0296307
0.0377144
0.0325156
0.0312599
0.0370724
0.0397517
0.0422657
0.0446606
0.038905
0.0409604
0.0422528
0.0413489
0.0447103
0.0451804
0.0432748
0.0439632
0.0418591
0.039398
0.0425129
0.0439632
0.0428095
0.033866
0.0367011
0.0408127
0.0399736
0.0447096
0.0417043
0.0411907
0.0407888
0.0413218
0.0390868
0.0352556
0.0357336
0.0343341
0.0381257
0.0433881
0.0388535
0.0330071
0.0341934
0.0334851
0.0324883
0.0318113
0.0309976
0.0282481
0.0245761
0.0197093
0.0174737
0.0221335
0.022751
0.0224522
0.0199565
0.0160476
0.0193459
0.0193391
0.0181142
0.0216032
0.0222317
0.0217054
0.0213296
0.022449
0.0242356
0.0181414
0.0189161
0.0160991
0.0132983
0.0137347
0.0138499
0.00886277
0.0134398
0.0159522
0.0139139
0.0122434
0.0182514
0.0171449
0.0177336
0.0184692
0.0220343
0.0229318
0.021307
0.0237885
0.0288948
0.0284837
0.0276548
0.0252369
0.0269976
0.0265853
0.0302388
0.0274536
0.0274028
0.029842
0.0298934
0.0278478
0.0288563
0.029269
0.0270831
0.0266719
0.0280625
0.0284315
0.0276956
0.0251556
0.0254915
0.0207509
0.0264679
0.0299853
0.0249857
0.0262578
0.027698
0.0278146
0.0273081
0.0241985
0.0217027
0.022268
0.0206565
0.0187836
0.0148861
0.0161205
0.0125462
0.0137637
0.0120038
0.00839633
0.0103032
0.0116336
0.00826023
0.0131446
0.016415
0.0194949
0.01943
0.0211225
0.0204923
0.0212911
0.0239647
0.0232561
0.0226799
0.0233235
0.0204574
0.0211971
0.024272
0.0252564
0.025652
0.0271938
0.0289539
0.0239399
0.022457
0.0193751
0.0201924
0.0214529
0.024727
0.0237169
0.0232077
0.0212564
0.0168021
0.014718
0.0163927
0.0133595
0.0117638
0.0105821
0.0109217
0.0101315
0.00844724
0.0126151
0.0120166
0.0109882
0.010366
0.0106423
0.00914123
0.00913448
0.00897189
0.011556
0.00954268
0.0072503
0.0133669
0.010824
0.00969954
0.00846029
0.00956565
0.0109314
0.0112326
0.0121204
0.0123533
0.0104856
0.0104502
0.00689405
0.00727235
0.00684837
0.00757753
0.00657372
0.0100141
0.00653294
0.00343278
0.00144575
0.000373523
0.0016517
0.00139231
-0.00139402
-0.00275361
-0.00176412
0.00176338
0.000282178
0.00315833
0.00459528
0.00429818
0.00330031
0.00229029
0.00134202
0.00117878
0.00298001
0.00422816
0.00320065
0.00104074
-0.000601887
0.000276151
-0.000278731
-0.00220642
-0.00304572
-0.00237581
-0.00330455
-0.00541645
-0.00454324
-0.00473736
-0.000328629
0.000719994
0.00128767
0.00329384
0.00452071
0.0068059
0.00623725
0.00884068
0.0125053
0.0122895
0.013488
0.0150894
0.0164294
0.0170875
0.0169493
0.0206412
0.0202939
0.0205645
0.021026
0.0200559
0.0235466
0.0255773
0.0257078
0.0247161
0.0237361
0.0193455
0.0191814
0.0194517
0.0190926
0.0219968
0.0229729
0.0237547
0.0236252
0.0190715
0.0184876
0.0153139
0.0180392
0.0163435
0.0156133
0.0158273
0.0143965
0.0145548
0.0131549
0.0136833
0.0127555
0.0138686
0.0143488
0.0160522
0.018599
0.0157799
0.0143905
0.0134009
0.0136515
0.0150576
0.0128363
0.0150205
0.0115832
0.00941821
0.00842016
0.00844148
0.00541899
0.00622365
0.00614623
0.00726017
0.0079465
0.00476561
0.00351037
0.00308918
0.0022704
0.00121978
0.000296386
0.00130461
0.00722581
0.00776015
0.00750012
0.00968313
0.0137836
0.0133909
0.0115742
0.0110134
0.012758
0.00996448
0.00794206
0.0067176
0.00875658
0.0108499
0.0135135
0.0136503
0.0166314
0.0151627
0.0150751
0.0144425
0.0113343
0.0105604
0.00816731
0.00823451
0.00534323
0.00477321
0.00677238
0.00622691
0.00903266
0.00934302
0.0102577
0.01267
0.0127497
0.0121501
0.013776
0.0147293
0.0160113
0.0151117
0.0147291
0.0187106
0.0183344
0.0187666
0.0198971
0.0185908
0.0204215
0.0210754
0.0210882
0.020977
0.0196109
0.0183219
0.0233506
0.0215633
0.0189357
0.0185168
0.015128
0.014728
0.0156252
0.0169313
0.0165373
0.0158867
0.015458
0.0166061
0.0168171
0.0156035
0.0149726
0.015003
0.0121259
0.00892727
0.00965258
0.00995146
0.00969517
0.009889
0.012312
0.0149976
0.015888
0.019184
0.0193994
0.0191463
0.0167534
0.0136431
0.0112133
0.0100564
0.0104968
0.00979143
0.0106704
0.0107233
0.014104
0.0163981
0.0159454
0.015319
0.015295
0.0145731
0.0117927
0.0109909
0.0107618
0.00901573
0.0104016
0.0134416
0.0131548
0.010728
0.00968445
0.00911037
0.00843372
0.00881486
0.00848939
0.0104718
0.010585
0.0107681
0.0101638
0.00842203
0.00819641
0.00656541
0.00632797
0.00700371
0.00557431
0.00572254
0.004325
0.00548496
0.00386497
0.00507818
0.00326275
0.00276552
0.00552851
0.00454636
0.00460108
0.0029513
0.00129725
0.000449578
-0.00070276
0.000437325
0.00197628
1.31096e-05
-0.00036352
0.0008704
0.000455162
0.00363717
0.00492165
0.00603663
0.00289223
0.00467894
0.00373145
0.00360645
0.00550574
0.00446558
0.00144197
0.000759336
0.000116151
-0.000224535
-0.00162011
-0.000559335
-0.000383715
0.00187714
0.00232293
0.00383304
0.00270808
0.00178727
0.00220855
0.00225001
0.00465058
0.00533863
0.00405038
0.00235411
0.00062834
-0.000985491
0.000213037
-0.000836504
-0.0015393
-0.00262832
-0.00187249
-0.00300176
-0.00213076
-0.00240303
-0.00410731
-0.0048101
-0.00683672
-0.00733222
-0.00572438
-0.00487048
-0.00500585
-0.00639554
-0.00316187
-0.00469304
-0.00375299
-0.0045183
-0.00639265
-0.00753056
-0.00800564
-0.00990461
-0.00703799
-0.00789962
-0.00749525
-0.00552943
-0.00573214
-0.00871393
-0.00910128
-0.00850763
-0.00924651
-0.00835715
-0.00865914
-0.00807558
-0.00864369
-0.00930197
-0.00937102
-0.00810665
-0.00852991
-0.0089338
-0.0111685
-0.00835206
-0.00915531
-0.0115012
-0.0113318
-0.0103383
-0.0113779
-0.0109543
-0.0113512
-0.0108858
-0.0110717
-0.0109666
-0.0118544
-0.0126173
-0.0132391
-0.013927
-0.0143315
-0.0145665
-0.0142165
-0.0137571
-0.015455
-0.0167696
-0.0147957
-0.0163836
-0.0150105
-0.0162961
-0.0175677
-0.016831
-0.0176025
-0.0191266
-0.0215286
-0.0198215
-0.0220585
-0.0231857
-0.0240327
-0.0244146
-0.0230934
-0.0230248
-0.0236253
-0.0249351
-0.0235823
-0.0242846
-0.0248438
-0.0256207
-0.0249491
-0.0241753
-0.023734
-0.02738
-0.027893
-0.0282803
-0.0289571
-0.0290288
-0.0298144
-0.0311059
-0.0305928
-0.030843
-0.0323107
-0.0301035
-0.0293795
-0.0301456
-0.0306097
-0.0297028
-0.0303621
-0.0303931
-0.0300086
-0.0288135
-0.0292736
-0.0296027
-0.0296533
-0.0292728
-0.0275878
-0.0272788
-0.0251382
-0.0249874
-0.0250207
-0.0259729
-0.0257154
-0.0274195
-0.0272222
-0.0282864
-0.0267927
-0.0267454
-0.0265226
-0.025136
-0.0234817
-0.0238647
-0.0225077
-0.0239108
-0.0238768
-0.0235947
-0.0252808
-0.0255024
-0.0241423
-0.0232684
-0.0221972
-0.0217245
-0.0212407
-0.0208837
-0.0213379
-0.0222828
-0.0204844
-0.0201179
-0.020095
-0.0211039
-0.0200761
-0.0210347
-0.020018
-0.0204644
-0.0189739
-0.0195871
-0.019035
-0.0199815
-0.0198856
-0.0193292
-0.0184892
-0.0172302
-0.0173954
-0.0177983
-0.0172866
-0.0165821
-0.0171516
-0.0169405
-0.0160648
-0.0158089
-0.0161526
-0.015653
-0.0170704
-0.0175031
-0.0164646
-0.0174365
-0.0174728
-0.017845
-0.0181679
-0.0170073
-0.0175464
-0.0166022
-0.0161649
-0.0165613
-0.0172925
-0.0163636
-0.0160539
-0.0159935
-0.014425
-0.0133334
-0.0138497
-0.0136513
-0.0140317
-0.0155407
-0.0170812
-0.0175328
-0.0180039
-0.0173083
-0.0173966
-0.0178261
-0.0184282
-0.0189871
-0.0171282
-0.0165171
-0.0171634
-0.0163579
-0.0164843
-0.0174629
-0.0189542
-0.0182573
-0.0196054
-0.0188183
-0.019165
-0.0189342
-0.0194671
-0.0180839
-0.0190869
-0.0187886
-0.01707
-0.0172477
-0.016232
-0.0172655
-0.0167791
-0.0149586
-0.0159903
-0.0152099
-0.0147063
-0.0151112
-0.0125146
-0.0117261
-0.0114559
-0.0101076
-0.0104925
-0.0100575
-0.0105098
-0.00981578
-0.00929548
-0.00933117
-0.00889174
-0.00876736
-0.00829381
-0.00857887
-0.00875679
-0.00944372
-0.00995118
-0.00949205
-0.0108523
-0.0115105
-0.0114265
-0.0103472
-0.0113243
-0.0092568
-0.00839119
-0.0093496
-0.0104139
-0.0091691
-0.00936945
-0.0102763
-0.00996422
-0.0100793
-0.0102252
-0.0108153
-0.0105436
-0.0113472
-0.0117394
-0.0132288
-0.0148223
-0.0141426
-0.0144022
-0.0154238
-0.0162305
-0.0172506
-0.0169267
-0.0172995
-0.0164927
-0.0162587
-0.017024
-0.016013
-0.0170103
-0.0186027
-0.0182009
-0.0188373
-0.0199983
-0.0174315
-0.0158772
-0.016887
-0.0180293
-0.0177913
-0.0176092
-0.0175752
-0.0173355
-0.0186227
-0.0198897
-0.0201632
-0.0198922
-0.0206283
-0.0196319
-0.0197002
-0.0183248
-0.0185665
-0.019035
-0.0190857
-0.0195596
-0.0189427
-0.0185995
-0.0184055
-0.0189
-0.0186878
-0.0188983
-0.0189796
-0.018413
-0.0179943
-0.0180164
-0.0164572
-0.0160327
-0.0175382
-0.0168817
-0.0144403
-0.0117032
-0.0116063
-0.0124344
-0.00971407
