0
1
1.41464
1.73218
2.00809
2.25574
2.46415
2.66463
2.84824
3.01829
3.17547
3.32362
3.47728
3.61667
3.75836
3.89024
4.01585
4.13493
4.2532
4.35972
4.47418
4.58384
4.69719
4.79257
4.89533
4.98937
5.08338
5.16786
5.25898
5.353
5.45093
5.54573
5.63304
5.7254
5.82369
5.90866
5.99217
6.06832
6.15442
6.23325
6.31677
6.37792
6.46526
6.54347
6.61926
6.69357
6.7627
6.83357
6.90814
6.98011
7.0585
7.12594
7.19184
7.26187
7.33362
7.3891
7.45012
7.52048
7.59685
7.66815
7.73404
7.80658
7.87038
7.93928
8.01164
8.08186
8.14263
8.2052
8.26471
8.31887
8.38998
8.45808
8.51912
8.57861
8.64324
8.70141
8.75432
8.81472
8.87428
8.93331
8.98868
9.04853
9.10782
9.16505
9.22423
9.2732
9.31273
9.37243
9.41722
9.47951
9.5173
9.57686
9.63374
9.68609
9.74008
9.80075
9.85819
9.90678
9.96
10.0062
