-0.131324   0.348299   -0.474094
0.0401831   0.492496   -0.493985
-0.131621   -0.483893   -0.312392
0.046278   0.329174   -0.336047
0.224009   0.32976   0.489361
0.389534   -0.49759   -0.492885
0.216964   -0.498675   -0.347746
0.375509   0.325136   -0.340725
-0.447283   0.342644   0.490214
-0.287883   -0.482579   -0.49355
-0.463915   0.488371   -0.333784
-0.285491   0.338579   -0.316939
-0.0973078   -0.333035   -0.488384
0.0588128   -0.165588   -0.492544
-0.112052   -0.158163   -0.332797
0.0585271   -0.331874   -0.348555
0.209564   -0.309988   0.467072
0.404129   -0.152486   0.485252
0.226736   -0.157729   -0.349098
0.369386   -0.323778   -0.32912
-0.455727   -0.331185   -0.492814
-0.28308   -0.155455   0.491121
-0.454409   -0.15848   -0.336467
-0.284324   -0.314874   -0.32209
-0.113132   0.0121971   -0.487918
0.0246565   0.159783   -0.492148
-0.142669   0.169241   -0.318276
0.0411648   0.00407125   -0.335001
0.222509   -0.00916511   0.489678
0.393568   0.172558   0.48681
0.207729   0.177831   -0.343097
0.392976   0.0232119   -0.34745
-0.432512   0.007182   0.473552
-0.278716   0.180997   -0.483442
-0.449815   0.177036   -0.326553
-0.305436   -0.0107547   -0.339052
-0.116885   0.337089   -0.157905
0.0402257   -0.491788   -0.17947
-0.128067   -0.492866   -0.00508327
0.0577008   0.323778   -0.00314782
0.214322   0.335279   -0.186035
0.379831   -0.48536   -0.178852
0.215893   0.496745   -0.0102391
0.372687   0.336127   -0.00510288
-0.460961   0.332096   -0.167499
-0.30031   -0.485115   -0.170861
-0.472357   -0.49811   -0.0187185
-0.300097   0.350977   -0.00945073
-0.112529   -0.314233   -0.149035
0.0370291   -0.146706   -0.171855
-0.132182   -0.140361   0.0145956
0.0439994   -0.317533   0.00122219
0.196266   -0.322057   -0.178503
0.372377   -0.153245   -0.162089
0.216478   -0.166924   -0.00802561
0.364507   -0.325504   0.004866
-0.46554   -0.324378   -0.15429
-0.273365   -0.146301   -0.179672
-0.446251   -0.162191   0.00368621
-0.298217   -0.334821   0.002091
-0.12788   0.0111574   -0.163979
0.0548581   0.160715   -0.162363
-0.13832   0.177408   0.000430301
0.0459062   0.0136192   -0.0020172
0.207547   -0.012526   -0.171035
0.364181   0.168179   -0.166469
0.218075   0.156942   -0.00492075
0.377312   -0.00414993   0.00795965
-0.475337   -0.0102849   -0.167647
-0.28913   0.163179   -0.176259
-0.444658   0.164081   -0.0161843
-0.29249   0.00467043   0.00137858
-0.127358   0.353667   0.170618
0.032837   -0.48617   0.163533
-0.128803   -0.482319   0.336807
0.0204733   0.340242   0.349641
0.223448   0.333069   0.173672
0.369963   -0.487026   0.162159
0.195726   0.49226   0.32377
0.395514   0.344375   0.339876
-0.472832   0.321863   0.156442
-0.273729   -0.493894   0.151722
-0.449312   -0.49859   0.327313
-0.291823   0.33843   0.341843
-0.129076   -0.322341   0.175851
0.0505164   -0.147849   0.171261
-0.114558   -0.152009   0.352113
0.0393975   -0.324587   0.319991
0.197695   -0.328772   0.167381
0.383561   -0.15614   0.157953
0.229591   -0.139304   0.32714
0.392852   -0.31451   0.31832
-0.430408   -0.345784   0.173604
-0.292977   -0.173194   0.161029
-0.453274   -0.153   0.327134
-0.284016   -0.310719   0.35273
-0.126068   0.0272255   0.165663
0.0389783   0.181458   0.184477
-0.134858   0.164098   0.331111
0.0452637   0.00246833   0.344808
0.209857   0.0155414   0.157607
0.366002   0.172869   0.171903
0.195318   0.17368   0.340463
0.39122   0.0158378   0.332933
-0.45175   -0.00396057   0.152557
-0.295331   0.189257   0.169468
-0.448967   0.165306   0.332905
-0.289444   0.00720992   0.312891
