0.336586   0.328551   -0.117493
0.0317305   0.347283   -0.0940194
0.0292186   0.41406   0.455684
0.144496   0.49706   -0.356821
0.178785   -0.118845   0.0724358
-0.34869   0.155702   -0.203407
0.334852   0.153682   -0.23486
0.259622   0.456969   0.418683
-0.32342   0.408953   0.446359
-0.414928   0.347099   0.164366
-0.0434193   0.203132   -0.48791
-0.319799   0.431109   -0.350287
0.0284851   0.49405   0.0482363
-0.115889   0.396895   0.177582
-0.39247   -0.171602   -0.417949
0.468382   0.105235   0.364938
0.122322   0.0749612   0.0893921
-0.238836   -0.389507   -0.47593
-0.0550763   -0.160572   0.0128443
0.147607   0.318983   0.0966073
0.181041   -0.0364352   -0.26358
0.290963   0.255954   0.372101
0.43972   -0.165407   0.429863
-0.132333   -0.489715   0.377903
0.381924   -0.376369   0.445044
-0.462627   0.0394492   -0.403183
0.334074   -0.322753   0.11325
-0.456927   0.30402   -0.0354971
-0.162534   0.289183   0.337516
0.25491   0.473781   0.0484638
-0.237738   -0.132295   0.134328
0.389993   0.327376   0.205355
-0.38267   -0.0882987   -0.0521333
-0.365222   -0.273794   0.116975
0.181832   -0.321851   -0.284634
-0.344628   0.0975001   0.00101343
0.40237   0.233534   -0.462495
-0.0570301   0.21568   0.0816895
-0.399356   -0.0555675   0.424899
0.219885   -0.340579   0.311215
0.357294   0.175084   -0.02407
0.33679   0.0355375   -0.408503
0.353878   -0.336893   -0.133669
0.135644   -0.130144   -0.461778
0.0534917   0.0125019   -0.11435
-0.339093   0.16251   0.447472
0.154916   0.126192   -0.389439
0.380404   -0.0807605   0.0671819
0.0506881   0.30971   -0.335585
-0.241625   -0.221202   0.327259
-0.137185   0.0249825   0.018325
0.390882   -0.0733474   -0.245188
0.490726   0.0566207   -0.127769
-0.247247   -0.235372   -0.0332971
-0.0643176   -0.176746   0.364197
-0.174943   0.1952   -0.0794568
-0.487381   -0.273349   -0.257611
-0.264287   -0.379611   -0.290778
0.0765862   -0.0442077   0.24671
-0.137382   0.0144974   0.318853
-0.0595465   0.0855385   -0.310108
-0.153985   -0.0561775   -0.158796
-0.255887   0.309206   0.054579
-0.28149   -0.41066   0.244555
0.482559   0.404633   -0.482145
-0.245488   0.0082807   -0.349067
0.295652   -0.150408   0.255583
-0.407266   0.233985   -0.370588
0.232266   -0.167858   -0.130944
0.471819   0.340318   -0.272627
-0.215224   0.233168   -0.387437
-0.462272   -0.427994   -0.413567
0.43477   0.483998   0.312223
-0.479103   -0.0720044   0.223307
-0.321359   0.378154   -0.160593
-0.473526   0.301797   0.349696
0.0340028   -0.346623   0.318948
0.487957   -0.228535   -0.0430455
0.37803   -0.464126   -0.323027
-0.00881955   -0.00545909   -0.481389
0.496115   0.106036   0.123168
0.19747   -0.347968   -0.494773
-0.12584   -0.402063   -0.0411914
0.208168   0.447373   -0.150862
-0.413431   -0.319938   0.421482
0.0237241   -0.252199   -0.161246
0.0846008   -0.273381   0.127102
-0.480612   -0.473622   0.126895
-0.126074   -0.257425   -0.2962
0.254009   0.334109   -0.309762
-0.401016   -0.0642003   -0.240543
0.101664   0.155663   0.288946
0.266753   0.0216187   -0.0911744
0.155214   -0.358898   -0.027014
0.493447   -0.476819   -0.116306
0.137972   0.166002   -0.174071
-0.313743   -0.465505   0.0137269
0.268378   0.00560766   0.39908
0.0798158   0.422973   0.257761
0.331364   -0.21488   -0.37776
-0.338538   0.133929   0.255493
0.459106   -0.306984   0.262599
-0.119834   0.353881   -0.257321
-0.102388   -0.309728   0.178186
-0.200243   -0.151019   -0.480133
-0.00489388   -0.447831   -0.211946
-0.025756   -0.392145   -0.452913
0.323271   0.0753881   0.183757
