-0.104217   -0.356171   0.171035
-0.0472663   -0.396682   -0.00621044
0.170435   0.150778   0.231843
0.0768339   -0.316777   -0.242438
0.427074   -0.0165302   0.258261
-0.00394136   -0.449586   0.209143
-0.159777   -0.129144   0.464442
0.300637   0.340398   0.0861776
-0.330266   -0.115449   -0.0283523
-0.282247   -0.474448   0.281609
0.196928   0.437425   -0.0645253
-0.00914039   0.22141   0.488455
0.199494   0.0499443   0.340997
0.285643   0.445597   -0.482275
-0.0925907   0.326855   -0.102219
0.0616662   0.30644   -0.0638828
-0.0870896   -0.275494   -0.460117
-0.397431   -0.290888   -0.0855337
0.491646   -0.389811   -0.0761732
0.222999   0.434717   -0.15325
0.180729   0.0867991   0.43787
0.0803974   0.207318   0.243
-0.056821   0.29244   0.49255
0.308371   -0.37977   0.408484
0.286562   -0.103867   0.23122
-0.471746   -0.311843   -0.114085
0.466706   -0.0120566   -0.277214
0.185695   -0.403645   -0.499617
0.0859985   -0.222742   0.340921
0.383853   0.0165101   0.17152
-0.370557   0.400053   0.438407
0.334319   -0.0780655   -0.128922
0.186641   -0.360732   -0.415889
0.463311   0.358708   0.304871
0.168165   -0.0980994   -0.400298
-0.0294778   0.105055   0.421613
0.16125   0.0113829   -0.390661
0.300473   0.18967   0.360178
0.133807   -0.429666   0.162282
-0.0992852   0.473095   -0.362493
-0.211034   -0.335491   -0.481348
0.354954   -0.186058   0.0498348
0.212706   0.280883   0.0154274
0.359438   0.438132   0.103998
0.391593   -0.0242213   -0.10615
-0.37559   0.484369   0.238045
-0.0985023   0.338733   -0.389584
0.286446   -0.111591   -0.427148
-0.150683   0.186011   0.232792
0.346401   -0.0241565   -0.350348
-0.260263   0.00164128   -0.335598
0.0487591   0.256663   0.398483
0.0635152   -0.176709   0.0509529
-0.0525083   -0.399256   0.114591
-0.11638   0.108416   0.46811
-0.337614   0.270596   0.487439
-0.252035   -0.21928   -0.201428
0.168794   -0.48595   -0.398553
0.260519   -0.030525   -0.337526
0.00466769   0.317429   0.196639
0.485982   0.174384   -0.222537
0.0814965   -0.0289085   0.260727
-0.472115   0.382937   0.0376001
0.397592   -0.112572   0.325706
0.319071   0.153881   0.182641
0.00620122   -0.14327   0.454921
0.464009   0.0413906   0.207343
0.380809   -0.383171   -0.225705
-0.192045   0.0579548   -0.0788147
-0.176646   -0.00802273   -0.311478
0.179182   0.372521   0.332754
-0.228153   -0.0521249   -0.420007
-0.119146   0.220418   -0.340776
-0.398506   -0.488304   0.10665
0.442099   0.0728304   -0.457581
0.377613   -0.415922   0.495483
-0.107198   0.225659   -0.107456
0.0220762   -0.485969   0.43807
-0.232633   -0.349295   -0.394484
-0.270062   0.00287045   -0.477557
-0.426318   0.170493   -0.495771
0.348976   0.280327   0.106028
0.224195   -0.124385   0.489461
0.229675   -0.0463306   0.42942
0.0176861   -0.474271   -0.129351
0.173474   0.266107   -0.134619
0.224155   -0.0819973   -0.248225
-0.314412   0.0242377   0.309373
0.332402   -0.478294   -0.163167
-0.369226   -0.378215   0.224516
-0.0666137   0.495061   0.227863
0.175943   0.435994   0.430312
0.305765   -0.199559   0.108002
0.251207   -0.478532   -0.417781
0.473802   0.102853   -0.202078
-0.205616   -0.108857   -0.47681
0.473429   -0.0431976   -0.202871
-0.459279   -0.0964163   0.206006
0.394034   -0.060906   -0.281561
0.419063   -0.0366912   -0.492224
0.319615   -0.281066   -0.0577364
-0.3034   0.336445   0.423773
0.279143   -0.410099   0.232855
-0.411546   -0.325075   0.339143
-0.131228   0.180117   -0.168365
0.108834   0.226551   0.340214
-0.188808   -0.230126   -0.0505741
0.499341   0.427244   0.275517
