-0.131443   0.348253   -0.474171
0.0402609   0.49263   -0.493944
-0.131712   -0.483816   -0.312403
0.0462159   0.329155   -0.33591
0.224101   0.329767   0.489362
0.389548   -0.497641   -0.492675
0.216956   -0.498732   -0.347822
0.375552   0.32518   -0.340966
-0.447368   0.342716   0.489994
-0.287989   -0.482572   -0.493617
-0.463973   0.488364   -0.333745
-0.2855   0.338598   -0.317067
-0.0971996   -0.333157   -0.488359
0.0589114   -0.165744   -0.492445
-0.111959   -0.158158   -0.332955
0.0583891   -0.331851   -0.348503
0.209594   -0.309902   0.46715
0.40419   -0.152522   0.485306
0.22672   -0.15787   -0.349192
0.36954   -0.323641   -0.328906
-0.455862   -0.33122   -0.492927
-0.283247   -0.15549   0.491142
-0.454318   -0.158617   -0.336449
-0.284266   -0.314875   -0.32215
-0.112925   0.0122949   -0.487969
0.0245479   0.15988   -0.492153
-0.142774   0.169349   -0.318348
0.0412475   0.00393444   -0.335075
0.222499   -0.0093088   0.489667
0.393611   0.172402   0.48682
0.207624   0.177678   -0.343072
0.393012   0.0232327   -0.34757
-0.432402   0.00721074   0.473574
-0.278796   0.18094   -0.48348
-0.449736   0.176984   -0.326659
-0.305432   -0.0108742   -0.338958
-0.117055   0.337182   -0.157848
0.0400676   -0.49177   -0.179446
-0.128109   -0.492754   -0.00489051
0.0576484   0.323853   -0.00311803
0.214507   0.335424   -0.185888
0.379731   -0.485303   -0.178937
0.215952   0.496684   -0.0103807
0.372875   0.335929   -0.00522614
-0.460895   0.332078   -0.167559
-0.30027   -0.485204   -0.170839
-0.472403   -0.498269   -0.0188248
-0.299954   0.351012   -0.00933184
-0.112523   -0.314064   -0.149004
0.0368438   -0.146772   -0.171953
-0.1322   -0.140453   0.0146056
0.0438329   -0.317448   0.00126817
0.196286   -0.32199   -0.178317
0.372399   -0.153295   -0.162234
0.216659   -0.16689   -0.00810584
0.364551   -0.325399   0.00504057
-0.465626   -0.324302   -0.154308
-0.273273   -0.146288   -0.179772
-0.446259   -0.162141   0.00351642
-0.298305   -0.334844   0.00207091
-0.127809   0.0112695   -0.164091
0.0551356   0.160805   -0.162387
-0.138147   0.177362   0.000389296
0.0457996   0.0135098   -0.00209358
0.207546   -0.0127015   -0.171295
0.364348   0.168316   -0.166289
0.218077   0.156946   -0.00496243
0.37726   -0.00407389   0.00796521
-0.475291   -0.0103044   -0.167634
-0.289222   0.163034   -0.176348
-0.444762   0.164159   -0.0161104
-0.292349   0.00452068   0.0014431
-0.127504   0.353648   0.170622
0.032736   -0.486107   0.163519
-0.128742   -0.482301   0.336845
0.0204373   0.340262   0.349493
0.223395   0.332967   0.173608
0.370001   -0.48701   0.162135
0.195675   0.492147   0.323684
0.395742   0.344415   0.339971
-0.472674   0.322042   0.156453
-0.273631   -0.493839   0.151916
-0.449077   -0.498688   0.32715
-0.291901   0.338398   0.341884
-0.129119   -0.322402   0.175959
0.0505711   -0.147785   0.171161
-0.114516   -0.151869   0.352385
0.0393894   -0.324702   0.320005
0.197665   -0.328731   0.167389
0.383455   -0.156149   0.157943
0.229548   -0.139223   0.327221
0.392799   -0.314553   0.318415
-0.430285   -0.345691   0.173718
-0.292907   -0.173256   0.160977
-0.453265   -0.153104   0.327182
-0.284011   -0.310587   0.352735
-0.125974   0.0273372   0.165688
0.0390257   0.181405   0.184556
-0.134751   0.164145   0.331226
0.0453   0.00253737   0.344929
0.209859   0.015539   0.157523
0.365925   0.172869   0.172035
0.195544   0.173567   0.340611
0.391352   0.0159031   0.333021
-0.451558   -0.00382664   0.152506
-0.295377   0.189348   0.169456
-0.44896   0.165071   0.332867
-0.289436   0.00737611   0.312899
