-0.104276   -0.356199   0.171016
-0.0472455   -0.396698   -0.00620781
0.17052   0.150794   0.231936
0.0768581   -0.316779   -0.242432
0.427055   -0.016462   0.258241
-0.00402267   -0.449591   0.209088
-0.159777   -0.129145   0.464444
0.300579   0.340372   0.0862072
-0.330268   -0.115467   -0.0284792
-0.282241   -0.474441   0.281636
0.196927   0.437462   -0.0645393
-0.00912338   0.221415   0.488466
0.199455   0.0498806   0.34108
0.285543   0.445678   -0.482264
-0.0926064   0.326806   -0.102244
0.0616879   0.306388   -0.0639957
-0.0870483   -0.275466   -0.460182
-0.397481   -0.290867   -0.0855497
0.491676   -0.389843   -0.0761082
0.223039   0.434627   -0.153236
0.180734   0.0867892   0.437937
0.080372   0.207265   0.242946
-0.0568291   0.292438   0.49256
0.308472   -0.379722   0.408361
0.286588   -0.103911   0.231288
-0.471769   -0.311873   -0.114124
0.466728   -0.0120176   -0.277194
0.185764   -0.403675   -0.499583
0.0860508   -0.222802   0.340864
0.383854   0.0166105   0.171543
-0.370574   0.400052   0.438426
0.334375   -0.0781483   -0.128938
0.186636   -0.360691   -0.41589
0.463302   0.358787   0.304846
0.168143   -0.0981478   -0.400276
-0.0294221   0.105106   0.421558
0.161259   0.0114429   -0.390587
0.300454   0.189658   0.360173
0.133872   -0.429647   0.162288
-0.0992551   0.4731   -0.362407
-0.211026   -0.335575   -0.481345
0.354889   -0.186041   0.0498486
0.212718   0.280908   0.0153242
0.359432   0.438072   0.104021
0.391519   -0.0242579   -0.106093
-0.375535   0.484364   0.238047
-0.0985167   0.338715   -0.389663
0.286431   -0.111612   -0.427127
-0.150687   0.186003   0.232799
0.346456   -0.0242411   -0.350292
-0.260237   0.00164436   -0.335523
0.0488676   0.256669   0.398511
0.0635278   -0.176691   0.0509618
-0.0525555   -0.399227   0.114591
-0.116334   0.108375   0.468117
-0.337587   0.270663   0.487494
-0.252015   -0.219294   -0.201415
0.168722   -0.485972   -0.398633
0.260484   -0.0305047   -0.337543
0.00464971   0.317451   0.1966
0.485959   0.174452   -0.22249
0.081468   -0.0289232   0.260735
-0.472094   0.382955   0.0376006
0.397614   -0.112558   0.325694
0.319014   0.153865   0.182648
0.00621442   -0.143291   0.45487
0.463984   0.041322   0.207389
0.38078   -0.38317   -0.225708
-0.192051   0.0579176   -0.0787479
-0.17667   -0.00796592   -0.311557
0.179152   0.372537   0.332786
-0.228134   -0.0521493   -0.420018
-0.11919   0.220435   -0.34079
-0.398516   -0.488317   0.106682
0.442076   0.0728109   -0.457589
0.377542   -0.415909   0.495422
-0.107212   0.225672   -0.107435
0.0220327   -0.485958   0.43803
-0.232612   -0.349307   -0.3945
-0.270072   0.0027992   -0.477557
-0.426313   0.170534   -0.495841
0.348983   0.280311   0.106037
0.224189   -0.124353   0.489375
0.229646   -0.0463122   0.429444
0.0176546   -0.474231   -0.12931
0.173463   0.266035   -0.134702
0.224213   -0.0820143   -0.248238
-0.314484   0.0242615   0.309437
0.332416   -0.478287   -0.163132
-0.369199   -0.37819   0.22454
-0.0664968   0.4951   0.227887
0.175977   0.436064   0.430355
0.305799   -0.199552   0.107939
0.251203   -0.478479   -0.417724
0.473866   0.102897   -0.202071
-0.205638   -0.108874   -0.476888
0.473419   -0.0432134   -0.202829
-0.45929   -0.096398   0.206019
0.394028   -0.0609069   -0.281499
0.419   -0.0366397   -0.492232
0.319649   -0.281109   -0.0577336
-0.303467   0.336499   0.423791
0.279197   -0.410122   0.232886
-0.411525   -0.324997   0.3391
-0.131212   0.180119   -0.168393
0.108749   0.226539   0.340185
-0.1888   -0.230188   -0.0505642
0.499355   0.427237   0.275552
