0.336486   0.328445   -0.117444
0.0317771   0.347216   -0.0941133
0.0292145   0.413997   0.455882
0.144479   0.497023   -0.356635
0.178748   -0.118897   0.0724376
-0.348637   0.155631   -0.203333
0.334739   0.153558   -0.23474
0.259743   0.457029   0.418854
-0.32357   0.408853   0.44631
-0.41484   0.347137   0.164297
-0.0431766   0.203034   -0.487908
-0.319925   0.430919   -0.35043
0.0285159   0.494047   0.048242
-0.115985   0.396938   0.1777
-0.392509   -0.171582   -0.417836
0.468353   0.105106   0.364965
0.122329   0.0749141   0.0893665
-0.238906   -0.389462   -0.475881
-0.0551386   -0.160611   0.0130149
0.147629   0.318922   0.0965145
0.180993   -0.0363554   -0.263511
0.290885   0.256114   0.37213
0.439642   -0.165334   0.429931
-0.132338   -0.489712   0.377981
0.382056   -0.376514   0.445117
-0.462454   0.0396506   -0.40318
0.334128   -0.322872   0.11338
-0.456902   0.303978   -0.0355333
-0.162517   0.2893   0.337569
0.254741   0.473779   0.0484964
-0.237701   -0.132271   0.13424
0.389883   0.327408   0.205515
-0.382641   -0.0885056   -0.0520538
-0.365226   -0.273991   0.117073
0.181672   -0.321956   -0.284649
-0.344611   0.0974083   0.000913709
0.402455   0.233575   -0.462727
-0.0568625   0.215816   0.0815348
-0.399343   -0.0555972   0.424841
0.219808   -0.340477   0.311268
0.357231   0.17496   -0.0241216
0.33688   0.0356964   -0.408733
0.353681   -0.337168   -0.133865
0.135573   -0.130087   -0.461958
0.053507   0.0124325   -0.114387
-0.339073   0.162418   0.447347
0.154918   0.126145   -0.389562
0.380485   -0.0806983   0.0672639
0.0507538   0.309489   -0.335595
-0.2416   -0.221201   0.327414
-0.137087   0.0249715   0.018392
0.390895   -0.0733214   -0.245074
0.490671   0.0565553   -0.127826
-0.247247   -0.235317   -0.0334842
-0.0643494   -0.176782   0.364172
-0.174898   0.195191   -0.0793141
-0.487402   -0.273214   -0.257519
-0.264429   -0.379267   -0.290685
0.0766835   -0.044115   0.246751
-0.137348   0.0143905   0.318904
-0.0595509   0.0855004   -0.310024
-0.153821   -0.0560871   -0.158933
-0.255768   0.309246   0.0546359
-0.281449   -0.410883   0.244333
0.4827   0.404579   -0.482072
-0.245476   0.00841332   -0.349107
0.295736   -0.150739   0.255554
-0.407263   0.233957   -0.370635
0.23225   -0.167884   -0.130987
0.471757   0.34038   -0.272449
-0.21517   0.233312   -0.387622
-0.462193   -0.427851   -0.413638
0.434687   0.484135   0.312277
-0.479164   -0.0720779   0.223528
-0.321542   0.378339   -0.160606
-0.473405   0.301869   0.349771
0.0339783   -0.346508   0.319189
0.48787   -0.228391   -0.043064
0.37805   -0.464151   -0.322999
-0.00886131   -0.0054177   -0.481401
0.495974   0.106078   0.123245
0.197387   -0.347992   -0.494877
-0.125955   -0.402125   -0.04119
0.208065   0.447288   -0.150837
-0.413363   -0.319881   0.421475
0.0236711   -0.252164   -0.161225
0.084648   -0.273404   0.127096
-0.480677   -0.47373   0.126862
-0.125936   -0.257427   -0.296316
0.254232   0.334193   -0.309828
-0.401   -0.0641701   -0.240435
0.101775   0.155558   0.288831
0.266837   0.0216139   -0.0913197
0.155175   -0.358818   -0.0271529
0.493439   -0.476751   -0.11629
0.137958   0.165996   -0.174075
-0.313768   -0.465447   0.0137536
0.268459   0.00548498   0.398993
0.0796848   0.423025   0.257874
0.33129   -0.21485   -0.377864
-0.338599   0.133949   0.255515
0.458965   -0.306993   0.262542
-0.1197   0.353991   -0.257318
-0.102266   -0.309614   0.178073
-0.200304   -0.150958   -0.480202
-0.004784   -0.447766   -0.211776
-0.0257716   -0.391932   -0.453056
0.323189   0.0753837   0.183652
