1 -0.52
2 -0.52
3 -0.52
4 -0.6
5 -0.6
6 -0.6
7 -0.68
8 -0.76
9 -0.76
10 -0.68
11 -0.84
12 -0.84
13 -0.84
14 -0.84
15 -0.84
16 -0.68
17 -0.68
18 -0.76
19 -0.76
20 -0.76
21 -0.84
22 -0.92
23 -0.92
24 -0.92
25 -0.92
26 -0.92
27 -0.76
28 -0.84
29 -0.84
30 -0.76
31 -0.76
32 -0.76
33 -0.68
34 -0.92
35 -0.92
36 -0.92
37 -0.92
38 -0.92
39 -1
40 -1
41 -1
42 -1
43 -0.84
44 -0.92
45 -0.92
46 -0.76
47 -0.92
48 -0.92
49 -0.92
50 -0.92
51 -0.92
52 -0.92
53 -0.92
54 -0.84
55 -0.92
56 -0.84
57 -0.76
58 -0.84
59 -0.92
60 -0.84
61 -0.92
62 -0.76
63 -0.84
64 -0.68
65 -0.76
66 -0.76
67 -0.84
68 -0.84
69 -0.76
70 -0.76
71 -0.76
72 -0.68
73 -0.68
74 -0.76
75 -0.84
76 -0.84
77 -0.76
78 -0.6
79 -0.6
80 -0.68
81 -0.68
82 -0.68
83 -0.68
84 -0.68
85 -0.68
86 -0.84
87 -0.84
88 -0.76
89 -0.76
90 -0.68
91 -0.76
92 -0.68
93 -0.68
94 -0.84
95 -0.84
96 -0.76
97 -0.76
98 -0.76
99 -0.76
100 -0.84
101 -0.76
102 -0.76
103 -0.84
104 -0.84
105 -0.84
106 -0.76
107 -0.76
108 -0.84
109 -0.76
110 -0.84
111 -0.92
112 -0.84
113 -0.92
114 -0.92
115 -0.92
116 -0.84
117 -0.76
118 -0.92
119 -0.84
120 -0.84
121 -0.76
122 -0.92
123 -0.84
124 -0.84
125 -0.76
126 -0.84
127 -0.92
128 -0.92
129 -0.84
130 -0.76
131 -0.68
132 -0.76
133 -0.76
134 -0.76
135 -0.84
136 -0.84
137 -0.84
138 -0.84
139 -0.84
140 -0.68
141 -0.76
142 -0.76
143 -0.76
144 -0.76
145 -0.68
146 -0.76
147 -0.76
148 -0.76
149 -0.68
150 -0.52
151 -0.68
152 -0.76
153 -0.76
154 -0.6
155 -0.68
156 -0.6
157 -0.68
158 -0.68
159 -0.68
160 -0.76
161 -0.6
162 -0.76
163 -0.76
164 -0.68
165 -0.76
166 -0.76
167 -0.68
168 -0.68
169 -0.76
170 -0.76
171 -0.76
172 -0.76
173 -0.76
174 -0.68
175 -0.6
176 -0.76
177 -0.76
178 -0.68
179 -0.68
180 -0.68
181 -0.6
182 -0.6
183 -0.68
184 -0.76
185 -0.76
186 -0.76
187 -0.76
188 -0.76
189 -0.68
190 -0.68
191 -0.68
192 -0.6
193 -0.68
194 -0.68
195 -0.84
196 -0.84
197 -0.84
198 -0.76
199 -0.76
200 -0.84
201 -0.84
202 -0.84
203 -0.84
204 -0.84
205 -0.84
206 -0.84
207 -0.76
208 -0.68
209 -0.68
210 -0.68
211 -0.6
212 -0.68
213 -0.68
214 -0.6
215 -0.76
216 -0.84
217 -0.84
218 -0.68
219 -0.68
220 -0.68
221 -0.76
222 -0.68
223 -0.92
224 -0.92
225 -0.92
226 -0.92
227 -0.84
228 -0.84
229 -0.84
230 -0.92
231 -0.76
232 -0.84
233 -0.84
234 -0.92
235 -0.76
236 -0.76
237 -0.76
238 -0.76
239 -0.76
240 -0.68
241 -0.84
242 -0.84
243 -0.76
244 -0.68
245 -0.68
246 -0.68
247 -0.76
248 -0.84
249 -0.84
250 -0.84
251 -0.84
252 -0.84
253 -0.76
254 -0.76
255 -0.92
256 -0.84
257 -0.76
258 -0.68
259 -0.68
260 -0.68
261 -0.6
262 -0.68
263 -0.68
264 -0.84
265 -0.84
266 -0.84
267 -0.84
268 -0.76
269 -0.76
270 -0.76
271 -0.76
272 -0.68
273 -0.76
274 -0.76
275 -0.76
276 -0.76
277 -0.76
278 -0.68
279 -0.76
280 -0.68
281 -0.76
282 -0.76
283 -0.76
284 -0.76
285 -0.76
286 -0.76
287 -0.76
288 -0.76
289 -0.76
290 -0.76
291 -0.68
292 -0.84
293 -0.84
294 -0.84
295 -0.84
296 -0.84
297 -0.76
298 -0.76
299 -0.76
300 -0.84
301 -0.84
302 -0.84
303 -0.76
304 -0.76
305 -0.68
306 -0.76
307 -0.76
308 -0.76
309 -0.76
310 -0.84
311 -0.84
312 -0.84
313 -0.84
314 -0.84
315 -0.76
316 -0.76
317 -0.76
318 -0.76
319 -0.76
320 -0.84
321 -0.76
322 -0.76
323 -0.84
324 -0.76
325 -0.68
326 -0.6
327 -0.68
328 -0.68
329 -0.76
330 -0.76
331 -0.76
332 -0.84
333 -0.84
334 -0.84
335 -0.84
336 -0.84
337 -0.76
338 -0.84
339 -0.68
340 -0.76
341 -0.76
342 -0.84
343 -0.84
344 -0.84
345 -0.76
346 -0.68
347 -0.76
348 -0.76
349 -0.68
350 -0.76
351 -0.68
352 -0.52
353 -0.68
354 -0.6
355 -0.68
356 -0.68
357 -0.76
358 -0.6
359 -0.6
360 -0.76
361 -0.76
362 -0.68
363 -0.68
364 -0.68
365 -0.6
366 -0.76
367 -0.76
368 -0.76
369 -0.84
370 -0.84
371 -0.84
372 -0.76
373 -0.68
374 -0.68
375 -0.68
376 -0.76
377 -0.68
378 -0.68
379 -0.76
380 -0.68
381 -0.6
382 -0.68
383 -0.68
384 -0.68
385 -0.68
386 -0.68
387 -0.68
388 -0.76
389 -0.6
390 -0.68
391 -0.6
392 -0.68
393 -0.76
394 -0.68
395 -0.68
396 -0.52
397 -0.76
398 -0.76
399 -0.76
400 -0.84
401 -0.68
402 -0.76
403 -0.76
404 -0.92
405 -0.92
406 -0.84
407 -0.76
408 -0.76
409 -0.68
410 -0.84
411 -0.84
412 -0.84
413 -0.76
414 -0.76
415 -0.84
416 -0.84
417 -0.76
418 -0.84
419 -0.84
420 -0.84
421 -0.84
422 -0.84
423 -0.84
424 -0.76
425 -0.68
426 -0.68
427 -0.68
428 -0.68
429 -0.68
430 -0.68
431 -0.68
432 -0.6
433 -0.6
434 -0.52
435 -0.6
436 -0.6
437 -0.44
438 -0.76
439 -0.68
440 -0.68
441 -0.76
442 -0.76
443 -0.76
444 -0.76
445 -0.68
446 -0.76
447 -0.76
448 -0.76
449 -0.76
450 -0.76
451 -0.76
452 -0.68
453 -0.76
454 -0.68
455 -0.68
456 -0.76
457 -0.68
458 -0.68
459 -0.68
460 -0.76
461 -0.68
462 -0.76
463 -0.76
464 -0.76
465 -0.68
466 -0.76
467 -0.68
468 -0.68
469 -0.76
470 -0.6
471 -0.76
472 -0.76
473 -0.68
474 -0.6
475 -0.6
476 -0.68
477 -0.68
478 -0.6
479 -0.68
480 -0.84
481 -0.92
482 -0.92
483 -0.92
484 -0.84
485 -0.84
486 -0.92
487 -0.84
488 -0.84
489 -0.84
490 -0.84
491 -0.76
492 -0.84
493 -0.84
494 -0.92
495 -0.92
496 -0.84
497 -0.92
498 -0.92
499 -0.84
500 -0.68
