           1   -0.761018   -0.761018           0
           2   -0.762297   -0.761658   0.0006392
           3   -0.760802   -0.761373 0.000466321
           4   -0.760345   -0.761116 0.000418022
           5   -0.761564   -0.761205 0.000335988
           6   -0.762639   -0.761444 0.000363831
           7   -0.760686   -0.761336 0.000325997
           8   -0.762555   -0.761488 0.000320829
           9   -0.761492   -0.761489 0.000282945
          10   -0.762413   -0.761581 0.000269414
          11    -0.76217   -0.761635 0.000249511
          12   -0.761574    -0.76163 0.000227829
          13   -0.763434   -0.761768 0.000251382
          14    -0.76163   -0.761759 0.000232946
          15   -0.762003   -0.761775 0.000217473
          16   -0.760086   -0.761669 0.000229171
          17   -0.761362   -0.761651 0.000216025
          18   -0.762549   -0.761701 0.000209685
          19   -0.761689   -0.761701 0.000198343
          20   -0.761703   -0.761701 0.000188165
           1   -0.764823   -0.764823           0
           2   -0.760255   -0.762539    0.002284
           3   -0.762321   -0.762466  0.00132068
           4   -0.761799     -0.7623 0.000948638
           5   -0.762853    -0.76241 0.000743095
           6   -0.761894   -0.762324 0.000612814
           7   -0.761784   -0.762247 0.000523639
           8   -0.760633   -0.762045 0.000496347
           9   -0.761442   -0.761978 0.000442831
          10   -0.761459   -0.761926 0.000399466
          11   -0.761071   -0.761849 0.000369599
          12   -0.762439   -0.761898 0.000340967
          13   -0.761002   -0.761829 0.000321131
          14   -0.761916   -0.761835 0.000297375
          15   -0.761347   -0.761803 0.000278745
          16    -0.76083   -0.761742 0.000267728
          17   -0.760673   -0.761679 0.000259229
          18   -0.761788   -0.761685 0.000244478
          19   -0.760273   -0.761611 0.000242904
          20   -0.762358   -0.761648 0.000233446
           1   -0.762536   -0.762536           0
           2   -0.761547   -0.762042   0.0004944
           3   -0.762133   -0.762072 0.000287056
           4   -0.760102    -0.76158 0.000532596
           5   -0.760025   -0.761269 0.000516615
           6   -0.762191   -0.761422 0.000448965
           7   -0.762024   -0.761508 0.000389056
           8   -0.762156   -0.761589 0.000346522
           9   -0.761029   -0.761527 0.000311885
          10   -0.762151   -0.761589 0.000285856
          11   -0.760096   -0.761454 0.000292043
          12   -0.761378   -0.761447 0.000266673
          13   -0.761502   -0.761452 0.000245339
          14    -0.76257   -0.761531 0.000240771
          15   -0.760715   -0.761477 0.000230656
          16   -0.760777   -0.761433 0.000220151
          17   -0.759579   -0.761324 0.000233792
          18   -0.759261    -0.76121 0.000248446
          19   -0.761574   -0.761229  0.00023579
          20   -0.760158   -0.761175 0.000230002
           1   -0.761802   -0.761802           0
           2   -0.759956   -0.760879   0.0009232
           3   -0.761242      -0.761 0.000546586
           4    -0.76045   -0.760863 0.000410214
           5    -0.76095    -0.76088 0.000318233
           6   -0.763077   -0.761246  0.00044892
           7   -0.761018   -0.761214 0.000380802
           8   -0.760525   -0.761128 0.000340846
           9   -0.760974   -0.761111  0.00030108
          10   -0.761685   -0.761168 0.000275346
          11   -0.762339   -0.761275 0.000270861
          12   -0.762418    -0.76137 0.000264975
          13   -0.760984    -0.76134 0.000245541
          14   -0.762337   -0.761411 0.000238214
          15   -0.761542    -0.76142 0.000221937
          16    -0.76309   -0.761524 0.000232352
          17   -0.760415   -0.761459   0.0002278
          18   -0.760477   -0.761405 0.000221598
          19   -0.760486   -0.761356 0.000215109
          20   -0.762754   -0.761426 0.000215699
           1   -0.761386   -0.761386           0
           2    -0.76133   -0.761358    2.84e-05
           3    -0.76233   -0.761682 0.000324548
           4   -0.761594    -0.76166 0.000230555
           5    -0.76132   -0.761592 0.000191095
           6   -0.761546   -0.761584  0.00015622
           7    -0.76106   -0.761509 0.000151793
           8   -0.761414   -0.761497 0.000131992
           9   -0.761703    -0.76152 0.000118628
          10   -0.761381   -0.761506 0.000107018
          11   -0.761478   -0.761504 9.68351e-05
          12   -0.761815    -0.76153 9.21269e-05
          13   -0.761548   -0.761531  8.4756e-05
          14   -0.760262   -0.761441 0.000119922
          15   -0.761452   -0.761441 0.000111644
          16   -0.762106   -0.761483 0.000112403
          17   -0.761334   -0.761474 0.000105944
          18   -0.760546   -0.761423 0.000112399
          19   -0.762745   -0.761492 0.000127069
          20   -0.761419   -0.761489 0.000120603
