           1   0.0098968   0.0098968           0
           2  -0.0013964   0.0042502   0.0056466
           3    0.000834  0.00311147  0.00345322
           4     0.00178   0.0027786  0.00246438
           5   0.0200948  0.00624184  0.00395448
           6    -0.00731   0.0039832   0.0039404
           7   0.0065956   0.0043564  0.00335109
           8   0.0183152  0.00610125  0.00338628
           9  -0.0061296  0.00474227  0.00328108
          10   0.0193284  0.00620088  0.00327719
          11   -0.002204   0.0054368  0.00306122
          12    -0.00445   0.0046129  0.00291342
          13      0.0047   0.0046196  0.00267997
          14    0.031128  0.00651306  0.00312112
          15  -0.0072828  0.00559333  0.00304769
          16   0.0129108  0.00605068   0.0028873
          17     0.00939  0.00624711  0.00271925
          18   0.0080356  0.00634647  0.00256566
          19  -0.0085104  0.00556453  0.00254973
          20  -0.0036404  0.00510428  0.00246229
           1   0.0041832   0.0041832           0
           2  -0.0026432     0.00077   0.0034132
           3  -0.0002968   0.0004144  0.00200244
           4    0.001876   0.0007798  0.00146233
           5   0.0015304  0.00092992  0.00114262
           6  -0.0060216-0.000228667  0.00148752
           7  -0.0019892-0.000480171  0.00128209
           8   -0.024822  -0.0035229  0.00323898
           9  -0.0024804 -0.00340707  0.00285886
          10   0.0090412 -0.00216224  0.00284395
          11    0.016634-0.000453491  0.00308826
          12   -0.011562  -0.0013792  0.00296727
          13    -0.01645 -0.00253849  0.00296549
          14  -0.0035452  -0.0026104  0.00274645
          15  -0.0033928 -0.00266256  0.00255734
          16  -0.0006676 -0.00253787  0.00239542
          17   0.0046624 -0.00211433  0.00228962
          18   0.0098588 -0.00144916  0.00225883
          19    0.007304-0.000988463  0.00218574
          20  -0.0060148 -0.00123978  0.00208875
           1  -0.0069768  -0.0069768           0
           2  -0.0014148  -0.0041958    0.002781
           3  -0.0010044   -0.003132  0.00192605
           4  -0.0104996  -0.0049739  0.00229073
           5  -0.0117784  -0.0063348  0.00223618
           6    0.001106 -0.00509467  0.00220717
           7   0.0166184  -0.0019928  0.00361957
           8   0.0006008  -0.0016686  0.00315136
           9   -0.003942  -0.0019212  0.00279069
          10   0.0003192 -0.00169716  0.00250611
          11   0.0009796 -0.00145382  0.00227988
          12  -0.0078144 -0.00198387  0.00214767
          13   0.0015032 -0.00171563   0.0019937
          14   0.0031336 -0.00136926  0.00187803
          15    -0.00536 -0.00163531  0.00176847
          16   0.0065424  -0.0011242  0.00173141
          17  -0.0059164 -0.00140609  0.00165063
          18   -0.001768  -0.0014262  0.00155636
          19  -0.0115352 -0.00195825  0.00156536
          20   0.0062796 -0.00154636   0.0015411
           1   0.0093064   0.0093064           0
           2   0.0012224   0.0052644    0.004042
           3   0.0024176  0.00431547  0.00251921
           4   -0.008232   0.0011786  0.00360737
           5   0.0044672  0.00183632  0.00287062
           6   0.0094776  0.00310987   0.0026675
           7    0.001416  0.00286789   0.0022674
           8   0.0026628  0.00284225  0.00196379
           9  -0.0015732  0.00235164  0.00180005
          10   0.0137624  0.00349272  0.00197337
          11   0.0122684  0.00429051  0.00195515
          12   -0.013006  0.00284913  0.00229414
          13  -0.0029468  0.00240329  0.00215689
          14  -0.0055396  0.00183594  0.00207592
          15  -0.0007376  0.00166437  0.00194018
          16   0.0023928   0.0017099  0.00181544
          17   0.0168956  0.00260318   0.0019251
          18  -0.0036476  0.00225591  0.00184793
          19   0.0139344  0.00287057  0.00185289
          20   0.0045716  0.00295562  0.00175986
           1   0.0010588   0.0010588           0
           2   0.0027032    0.001881   0.0008222
           3    0.001272    0.001678 0.000516282
           4   0.0083932   0.0033568  0.00171803
           5  -0.0114132   0.0004028  0.00323992
           6  -0.0181776 -0.00269393  0.00407282
           7   0.0003868 -0.00225383  0.00347018
           8   0.0089812 -0.00084945  0.00331721
           9   0.0098252 0.000336622  0.00315679
          10   0.0044316  0.00074612  0.00285306
          11   -0.008424-8.75273e-05    0.002712
          12   -0.002424-0.000282233  0.00248335
          13   -0.000298-0.000283446  0.00228435
          14   0.0029472-5.26857e-05  0.00212745
          15   0.0026248 0.000125813  0.00198857
          16   0.0051824  0.00044185   0.0018868
          17  -0.0008756 0.000364353  0.00177403
          18  -0.0149376-0.000485756  0.00187622
          19  -0.0238224   -0.001714  0.00215829
          20  -0.0050772 -0.00188216  0.00205443
