           1    0.417679    0.417679           0
           2     0.41812      0.4179 0.000220446
           3    0.421091    0.418964  0.00107133
           4    0.420874    0.419441 0.000895546
           5    0.416943    0.418942 0.000854854
           6    0.428865    0.420595  0.00179508
           7    0.424392    0.421138  0.00161118
           8    0.422643    0.421326  0.00140795
           9    0.417844    0.420939  0.00130058
          10    0.421437    0.420989  0.00116434
          11    0.424331    0.421293  0.00109613
          12    0.425492    0.421643  0.00106005
          13    0.421698    0.421647 0.000975118
          14    0.417042    0.421318 0.000960847
          15    0.419697     0.42121 0.000901004
          16    0.417984    0.421008 0.000866598
          17     0.41687    0.420765 0.000849639
          18    0.421013    0.420779 0.000801166
          19    0.417742    0.420619 0.000774495
          20    0.420345    0.420605 0.000734878
           1    0.418603    0.418603           0
           2    0.424352    0.421478  0.00287435
           3    0.417603    0.420186  0.00210292
           4     0.41156    0.418029  0.00261952
           5    0.417833     0.41799  0.00202945
           6    0.418493    0.418074  0.00165915
           7    0.425492    0.419134  0.00175765
           8    0.421833    0.419471  0.00155911
           9    0.416283    0.419117   0.0014199
          10    0.422902    0.419495  0.00132519
          11    0.420272    0.419566  0.00120076
          12    0.424832    0.420005  0.00118072
          13    0.420142    0.420015  0.00108616
          14    0.416351    0.419754  0.00103909
          15    0.422796    0.419956 0.000988374
          16    0.416868    0.419763 0.000944475
          17    0.425081    0.420076 0.000940716
          18    0.426416    0.420428 0.000954295
          19    0.419705     0.42039 0.000903475
          20    0.416026    0.420172 0.000884453
           1     0.41589     0.41589           0
           2    0.418287    0.417088  0.00119854
           3    0.412323      0.4155  0.00173259
           4    0.413855    0.415089  0.00129225
           5    0.414454    0.414962  0.00100898
           6    0.421344    0.416026  0.00134541
           7    0.419488     0.41652     0.00124
           8    0.421889    0.417191  0.00126634
           9    0.416555    0.417121  0.00111904
          10    0.420418     0.41745  0.00105383
          11    0.420787    0.417754  0.00100031
          12    0.420641    0.417994 0.000944327
          13    0.419186    0.418086 0.000873482
          14    0.418531    0.418118 0.000809311
          15    0.421491    0.418343 0.000786277
          16     0.42117    0.418519 0.000756423
          17    0.428164    0.419087 0.000909243
          18    0.422353    0.419268 0.000876244
          19    0.419684     0.41929 0.000829133
          20    0.424754    0.419563 0.000832677
           1    0.421441    0.421441           0
           2      0.4148     0.41812  0.00332043
           3     0.41672    0.417653  0.00197309
           4    0.422092    0.418763  0.00178269
           5    0.420313    0.419073  0.00141524
           6     0.41472    0.418348   0.0013644
           7    0.412444    0.417504  0.00142863
           8    0.421554    0.418011  0.00133679
           9    0.420369    0.418273   0.0012077
          10    0.418904    0.418336  0.00108205
          11      0.4138    0.417923  0.00106206
          12    0.421378    0.418211  0.00101136
          13    0.425718    0.418789  0.00109496
          14    0.421836    0.419006  0.00103683
          15    0.420905    0.419133 0.000973504
          16    0.421251    0.419265 0.000920198
          17    0.428468    0.419807   0.0010199
          18    0.424942    0.420092  0.00100301
          19     0.41634    0.419895 0.000969081
          20    0.416978    0.419749 0.000930847
           1    0.422736    0.422736           0
           2    0.421032    0.421884 0.000852143
           3    0.422912    0.422227 0.000599693
           4    0.419687    0.421592 0.000763412
           5     0.41837    0.420948 0.000874509
           6    0.415951    0.420115  0.00109697
           7    0.424664    0.420765  0.00113219
           8    0.421417    0.420846 0.000983887
           9    0.421586    0.420928 0.000871594
          10    0.422413    0.421077 0.000793596
          11    0.417427    0.420745 0.000790823
          12    0.428126     0.42136 0.000948438
          13    0.422923     0.42148 0.000880684
          14    0.412742    0.420856  0.00102683
          15    0.418227    0.420681  0.00097186
          16    0.423903    0.420882 0.000931127
          17    0.420666     0.42087 0.000874734
          18    0.424647     0.42108 0.000850994
          19    0.422635    0.421161  0.00080911
          20    0.421058    0.421156 0.000767606
