1 -0.36
2 -0.36
3 -0.52
4 -0.6
5 -0.6
6 -0.68
7 -0.6
8 -0.52
9 -0.6
10 -0.36
11 -0.44
12 -0.52
13 -0.6
14 -0.52
15 -0.68
16 -0.36
17 -0.36
18 -0.28
19 -0.52
20 -0.6
21 -0.76
22 -0.68
23 -0.6
24 -0.76
25 -0.68
26 -0.6
27 -0.52
28 -0.6
29 -0.6
30 -0.68
31 -0.6
32 -0.6
33 -0.52
34 -0.68
35 -0.68
36 -0.76
37 -0.68
38 -0.6
39 -0.76
40 -0.68
41 -0.6
42 -0.76
43 -0.68
44 -0.6
45 -0.68
46 -0.6
47 -0.76
48 -0.68
49 -0.6
50 -0.52
51 -0.6
52 -0.52
53 -0.52
54 -0.6
55 -0.68
56 -0.68
57 -0.6
58 -0.52
59 -0.6
60 -0.6
61 -0.68
62 -0.6
63 -0.36
64 -0.44
65 -0.44
66 -0.52
67 -0.44
68 -0.52
69 -0.44
70 -0.44
71 -0.44
72 -0.36
73 -0.36
74 -0.68
75 -0.52
76 -0.68
77 -0.6
78 -0.68
79 -0.68
80 -0.44
81 -0.52
82 -0.44
83 -0.44
84 -0.6
85 -0.68
86 -0.6
87 -0.68
88 -0.52
89 -0.44
90 -0.6
91 -0.6
92 -0.44
93 -0.6
94 -0.68
95 -0.6
96 -0.6
97 -0.52
98 -0.6
99 -0.52
100 -0.68
101 -0.6
102 -0.68
103 -0.6
104 -0.6
105 -0.68
106 -0.52
107 -0.36
108 -0.52
109 -0.52
110 -0.52
111 -0.68
112 -0.76
113 -0.68
114 -0.68
115 -0.68
116 -0.68
117 -0.52
118 -0.68
119 -0.68
120 -0.6
121 -0.68
122 -0.68
123 -0.76
124 -0.76
125 -0.76
126 -0.68
127 -0.68
128 -0.68
129 -0.68
130 -0.6
131 -0.6
132 -0.6
133 -0.52
134 -0.6
135 -0.68
136 -0.68
137 -0.6
138 -0.6
139 -0.52
140 -0.36
141 -0.6
142 -0.52
143 -0.6
144 -0.6
145 -0.68
146 -0.68
147 -0.6
148 -0.52
149 -0.6
150 -0.44
151 -0.44
152 -0.6
153 -0.68
154 -0.44
155 -0.52
156 -0.44
157 -0.6
158 -0.52
159 -0.44
160 -0.52
161 -0.44
162 -0.6
163 -0.68
164 -0.68
165 -0.6
166 -0.6
167 -0.6
168 -0.68
169 -0.68
170 -0.6
171 -0.52
172 -0.6
173 -0.52
174 -0.52
175 -0.36
176 -0.52
177 -0.68
178 -0.52
179 -0.52
180 -0.52
181 -0.6
182 -0.52
183 -0.6
184 -0.68
185 -0.68
186 -0.6
187 -0.68
188 -0.68
189 -0.6
190 -0.6
191 -0.6
192 -0.76
193 -0.68
194 -0.6
195 -0.44
196 -0.68
197 -0.6
198 -0.76
199 -0.44
200 -0.68
201 -0.6
202 -0.6
203 -0.68
204 -0.52
205 -0.52
206 -0.36
207 -0.44
208 -0.52
209 -0.52
210 -0.52
211 -0.52
212 -0.52
213 -0.6
214 -0.44
215 -0.68
216 -0.44
217 -0.6
218 -0.76
219 -0.6
220 -0.68
221 -0.6
222 -0.52
223 -0.68
224 -0.6
225 -0.44
226 -0.44
227 -0.44
228 -0.52
229 -0.52
230 -0.52
231 -0.44
232 -0.6
233 -0.52
234 -0.52
235 -0.44
236 -0.68
237 -0.68
238 -0.52
239 -0.6
240 -0.52
241 -0.52
242 -0.76
243 -0.6
244 -0.44
245 -0.44
246 -0.44
247 -0.6
248 -0.68
249 -0.68
250 -0.68
251 -0.6
252 -0.68
253 -0.6
254 -0.68
255 -0.6
256 -0.68
257 -0.6
258 -0.68
259 -0.76
260 -0.76
261 -0.52
262 -0.68
263 -0.6
264 -0.68
265 -0.68
266 -0.6
267 -0.68
268 -0.68
269 -0.6
270 -0.44
271 -0.6
272 -0.52
273 -0.52
274 -0.6
275 -0.6
276 -0.6
277 -0.52
278 -0.6
279 -0.68
280 -0.68
281 -0.6
282 -0.6
283 -0.68
284 -0.76
285 -0.76
286 -0.68
287 -0.52
288 -0.6
289 -0.52
290 -0.52
291 -0.52
292 -0.52
293 -0.6
294 -0.36
295 -0.6
296 -0.6
297 -0.36
298 -0.52
299 -0.52
300 -0.76
301 -0.76
302 -0.84
303 -0.68
304 -0.52
305 -0.52
306 -0.6
307 -0.52
308 -0.76
309 -0.52
310 -0.52
311 -0.44
312 -0.68
313 -0.68
314 -0.68
315 -0.68
316 -0.76
317 -0.68
318 -0.76
319 -0.76
320 -0.68
321 -0.76
322 -0.84
323 -0.76
324 -0.52
325 -0.52
326 -0.44
327 -0.52
328 -0.6
329 -0.6
330 -0.52
331 -0.6
332 -0.52
333 -0.52
334 -0.44
335 -0.52
336 -0.52
337 -0.6
338 -0.52
339 -0.68
340 -0.6
341 -0.52
342 -0.6
343 -0.6
344 -0.52
345 -0.52
346 -0.6
347 -0.52
348 -0.36
349 -0.44
350 -0.6
351 -0.6
352 -0.52
353 -0.52
354 -0.44
355 -0.6
356 -0.6
357 -0.76
358 -0.52
359 -0.6
360 -0.76
361 -0.76
362 -0.6
363 -0.68
364 -0.44
365 -0.6
366 -0.6
367 -0.76
368 -0.6
369 -0.68
370 -0.68
371 -0.68
372 -0.6
373 -0.52
374 -0.52
375 -0.44
376 -0.68
377 -0.52
378 -0.52
379 -0.6
380 -0.6
381 -0.6
382 -0.68
383 -0.6
384 -0.6
385 -0.6
386 -0.52
387 -0.6
388 -0.6
389 -0.6
390 -0.52
391 -0.28
392 -0.44
393 -0.52
394 -0.6
395 -0.52
396 -0.52
397 -0.6
398 -0.6
399 -0.52
400 -0.6
401 -0.36
402 -0.52
403 -0.68
404 -0.84
405 -0.68
406 -0.68
407 -0.6
408 -0.52
409 -0.44
410 -0.6
411 -0.52
412 -0.6
413 -0.6
414 -0.52
415 -0.68
416 -0.52
417 -0.44
418 -0.44
419 -0.52
420 -0.76
421 -0.68
422 -0.6
423 -0.52
424 -0.52
425 -0.52
426 -0.44
427 -0.52
428 -0.68
429 -0.44
430 -0.68
431 -0.6
432 -0.52
433 -0.52
434 -0.6
435 -0.6
436 -0.52
437 -0.28
438 -0.52
439 -0.68
440 -0.68
441 -0.52
442 -0.36
443 -0.44
444 -0.44
445 -0.36
446 -0.2
447 -0.44
448 -0.44
449 -0.6
450 -0.6
451 -0.68
452 -0.52
453 -0.6
454 -0.44
455 -0.52
456 -0.52
457 -0.6
458 -0.52
459 -0.52
460 -0.6
461 -0.6
462 -0.68
463 -0.52
464 -0.68
465 -0.6
466 -0.52
467 -0.6
468 -0.52
469 -0.68
470 -0.6
471 -0.6
472 -0.52
473 -0.6
474 -0.52
475 -0.28
476 -0.44
477 -0.68
478 -0.52
479 -0.6
480 -0.76
481 -0.76
482 -0.68
483 -0.76
484 -0.68
485 -0.52
486 -0.6
487 -0.6
488 -0.6
489 -0.6
490 -0.76
491 -0.76
492 -0.84
493 -0.76
494 -0.68
495 -0.44
496 -0.6
497 -0.6
498 -0.68
499 -0.68
500 -0.76
