           1   -0.762796   -0.762796           0
           2   -0.762276   -0.762536     0.00026
           3   -0.762474   -0.762515 0.000151545
           4   -0.762094    -0.76241 0.000150307
           5   -0.760784   -0.762085 0.000345376
           6   -0.761733   -0.762026  0.00028803
           7   -0.760263   -0.761774 0.000350251
           8   -0.761351   -0.761721   0.0003079
           9    -0.76213   -0.761767  0.00027532
          10   -0.761545   -0.761745 0.000247252
          11   -0.762518   -0.761815  0.00023443
          12   -0.761931   -0.761825 0.000214224
          13   -0.762422   -0.761871 0.000202352
          14   -0.761586    -0.76185 0.000188444
          15   -0.762022   -0.761862 0.000175804
          16   -0.760578   -0.761781 0.000182985
          17   -0.761403   -0.761759 0.000173318
          18   -0.761458   -0.761742 0.000164258
          19   -0.762037   -0.761758 0.000156143
          20   -0.761737   -0.761757 0.000148134
           1   -0.762248   -0.762248           0
           2   -0.761083   -0.761666   0.0005824
           3   -0.762424   -0.761918 0.000420679
           4   -0.761326    -0.76177 0.000332249
           5   -0.762593   -0.761935  0.00030543
           6   -0.761526   -0.761867 0.000258508
           7   -0.761238   -0.761777 0.000236247
           8   -0.762208   -0.761831 0.000211573
           9   -0.760655     -0.7617 0.000227767
          10   -0.761062   -0.761636 0.000213495
          11   -0.761807   -0.761652 0.000193737
          12   -0.761538   -0.761642  0.00017711
          13   -0.762228   -0.761687  0.00016903
          14   -0.760927   -0.761633 0.000165646
          15   -0.761846   -0.761647 0.000154857
          16   -0.762853   -0.761723 0.000163278
          17    -0.76178   -0.761726  0.00015341
          18   -0.761662   -0.761722 0.000144681
          19   -0.761633   -0.761718 0.000136935
          20   -0.760748   -0.761669 0.000138662
           1   -0.761942   -0.761942           0
           2   -0.762735   -0.762338   0.0003968
           3   -0.761014   -0.761897 0.000497488
           4   -0.762433   -0.762031 0.000376435
           5    -0.76243   -0.762111 0.000302297
           6   -0.761554   -0.762018 0.000263703
           7   -0.761209   -0.761902 0.000251048
           8   -0.762058   -0.761922  0.00021829
           9   -0.762781   -0.762017 0.000214879
          10   -0.760535   -0.761869 0.000242694
          11   -0.761846   -0.761867 0.000219535
          12   -0.762168   -0.761892 0.000201971
          13   -0.761596   -0.761869 0.000187177
          14    -0.76171   -0.761858 0.000173663
          15   -0.761463   -0.761832 0.000163799
          16   -0.761906   -0.761836 0.000153291
          17   -0.761526   -0.761818 0.000145147
          18   -0.761934   -0.761824 0.000136998
          19   -0.761951   -0.761831 0.000129759
          20   -0.760924   -0.761786  0.00013119
           1   -0.759526   -0.759526           0
           2   -0.760929   -0.760228   0.0007012
           3   -0.761209   -0.760555 0.000520448
           4   -0.761092   -0.760689 0.000391764
           5   -0.760874   -0.760726 0.000305696
           6   -0.761807   -0.760906 0.000307859
           7   -0.761574   -0.761001  0.00027711
           8   -0.760465   -0.760934 0.000249185
           9   -0.761787   -0.761029 0.000239318
          10   -0.761346   -0.761061 0.000216391
          11   -0.761997   -0.761146 0.000213426
          12   -0.761359   -0.761164 0.000195639
          13   -0.761862   -0.761217 0.000187798
          14   -0.762303   -0.761295  0.00019038
          15   -0.761825    -0.76133  0.00018072
          16   -0.761211   -0.761323 0.000169212
          17   -0.761072   -0.761308  0.00015963
          18   -0.760898   -0.761285 0.000152212
          19   -0.760978   -0.761269 0.000144882
          20   -0.761566   -0.761284 0.000138244
           1   -0.761728   -0.761728           0
           2   -0.760671     -0.7612   0.0005284
           3   -0.763087   -0.761829 0.000699258
           4   -0.760731   -0.761554 0.000565487
           5    -0.76061   -0.761365 0.000477045
           6   -0.761058   -0.761314 0.000392852
           7   -0.762577   -0.761495 0.000377847
           8    -0.76149   -0.761494 0.000327225
           9   -0.762105   -0.761562 0.000296456
          10    -0.76377   -0.761783  0.00034503
          11   -0.761417   -0.761749 0.000313859
          12   -0.761929   -0.761764 0.000286903
          13   -0.763194   -0.761874 0.000285919
          14   -0.762976   -0.761953 0.000276157
          15   -0.761155     -0.7619 0.000262533
          16   -0.760702   -0.761825 0.000256743
          17   -0.761258   -0.761792 0.000243467
          18   -0.763003   -0.761859 0.000239208
          19   -0.761059   -0.761817  0.00023015
          20    -0.76149     -0.7618 0.000218952