           1   0.0034156   0.0034156           0
           2   0.0089992   0.0062074   0.0027918
           3  -0.0038132   0.0028672  0.00370877
           4    6.12e-05   0.0021657   0.0027147
           5  -0.0056156  0.00060944  0.00261605
           6  -0.0043136-0.000211067  0.00228817
           7  -0.0101828  -0.0016356  0.00240189
           8   0.0087964  -0.0003316  0.00245504
           9  -0.0022348-0.000543067  0.00217544
          10    0.004956    6.84e-06  0.00202199
          11   0.0081892 0.000750691  0.00197444
          12  -0.0067956 0.000121833  0.00190896
          13  -0.0031932-0.000133169  0.00177441
          14   0.0070756 0.000381743  0.00172159
          15  -0.0085884-0.000216267  0.00171064
          16  -0.0002536  -0.0002186  0.00160016
          17   0.0163336 0.000755059  0.00179089
          18    -0.00227    0.000587  0.00169681
          19   0.0074612   0.0009488   0.0016453
          20   0.0030576  0.00105424  0.00156442
           1   0.0034444   0.0034444           0
           2   0.0069424   0.0051934    0.001749
           3   0.0051584  0.00518173  0.00100985
           4   0.0034408   0.0047465 0.000836259
           5   0.0090368  0.00560456  0.00107511
           6   0.0004132  0.00473933  0.00123256
           7  -0.0087564  0.00281137  0.00219139
           8   0.0043516   0.0030039  0.00190754
           9   0.0018152  0.00287182  0.00168747
          10  -0.0054008  0.00204456  0.00172116
          11   0.0038636  0.00220993  0.00156561
          12  -0.0077824  0.00137723  0.00165408
          13  -0.0060256 0.000807785   0.0016246
          14  -0.0126732-0.000155143  0.00178592
          15  -0.0056724 -0.00052296   0.0017028
          16   0.0143876  0.00040895  0.00184541
          17   0.0013276 0.000462988  0.00173431
          18   0.0054528   0.0007402  0.00165845
          19  -0.0098604 0.000182274    0.001665
          20   0.0035864  0.00035248   0.0015887
           1  -0.0086996  -0.0086996           0
           2   0.0004772  -0.0041112   0.0045884
           3    9.12e-05  -0.0027104  0.00299667
           4    0.008918   0.0001967   0.0035974
           5    0.006642  0.00148576  0.00307025
           6   0.0125748  0.00333393  0.00311449
           7   -0.008988  0.00157366  0.00316657
           8   0.0022628   0.0016598  0.00274368
           9   0.0013236  0.00162244  0.00241999
          10    0.008036   0.0022638  0.00225752
          11   0.0041988  0.00243971  0.00204957
          12   -0.004754  0.00184023  0.00196468
          13  -0.0045896  0.00134563  0.00187371
          14   0.0063292   0.0017016  0.00177086
          15    0.002924  0.00178309  0.00165059
          16   0.0060128  0.00204745  0.00156646
          17   0.0004832  0.00195544  0.00147431
          18   0.0095236  0.00237589  0.00145219
          19    0.001726  0.00234168  0.00137406
          20  -0.0011344  0.00216788  0.00131508
           1   0.0034744   0.0034744           0
           2  -0.0126472  -0.0045864   0.0080608
           3  -0.0061884  -0.0051204  0.00468444
           4   0.0066344  -0.0021817  0.00442809
           5  -0.0010208 -0.00194952  0.00343783
           6   0.0025656   -0.001197   0.0029061
           7    -0.00169 -0.00126743  0.00245711
           8   0.0074996 -0.00017155  0.00239353
           9   0.0058584 0.000498444  0.00221467
          10   0.0012728  0.00057588  0.00198238
          11   0.0065264  0.00111684  0.00187295
          12  -0.0011084   0.0009314  0.00171979
          13     0.00159 0.000982062  0.00158279
          14  -0.0041352 0.000616543  0.00151027
          15   0.0088552  0.00116579  0.00150946
          16    -7.8e-05  0.00108805  0.00141411
          17  -0.0041612 0.000779271  0.00136374
          18   0.0017996 0.000835956    0.001287
          19   0.0011428 0.000852105  0.00121748
          20   0.0082756  0.00122328  0.00121318
           1   0.0054636   0.0054636           0
           2   0.0073372   0.0064004   0.0009368
           3  -0.0063356  0.00215507  0.00427965
           4   0.0055812   0.0030116  0.00314505
           5  -0.0021032  0.00198864  0.00264221
           6   0.0048524  0.00246593  0.00220952
           7   0.0050764  0.00283886  0.00190426
           8    0.003078  0.00286875  0.00164941
           9   -0.004356    0.002066  0.00166144
          10   0.0017304  0.00203244  0.00148642
          11   -0.012614 0.000700945  0.00189225
          12  -0.0003004   0.0006175  0.00172939
          13  -0.0011924 0.000478277  0.00159689
          14    0.012896  0.00136526  0.00172409
          15   0.0031324  0.00148307  0.00160936
          16   -0.010612 0.000727125  0.00168456
          17  -0.0030552 0.000504635  0.00159793
          18   -0.004908 0.000203933  0.00153626
          19  -0.0027264 4.97053e-05  0.00146132
          20  -0.0022596  -6.576e-05  0.00139113
