1 -0.44
2 -0.52
3 -0.6
4 -0.76
5 -0.68
6 -0.68
7 -0.84
8 -0.84
9 -0.6
10 -0.6
11 -0.76
12 -0.68
13 -0.76
14 -0.76
15 -0.68
16 -0.6
17 -0.6
18 -0.52
19 -0.6
20 -0.52
21 -0.68
22 -0.76
23 -0.68
24 -0.76
25 -0.76
26 -0.76
27 -0.76
28 -0.68
29 -0.68
30 -0.76
31 -0.76
32 -0.76
33 -0.76
34 -0.84
35 -0.84
36 -0.84
37 -0.84
38 -0.84
39 -0.76
40 -0.84
41 -0.68
42 -0.76
43 -0.68
44 -0.68
45 -0.68
46 -0.68
47 -0.68
48 -0.76
49 -0.6
50 -0.68
51 -0.6
52 -0.6
53 -0.68
54 -0.68
55 -0.84
56 -0.92
57 -0.92
58 -0.92
59 -0.84
60 -0.84
61 -0.76
62 -0.76
63 -0.76
64 -0.84
65 -0.92
66 -0.92
67 -0.84
68 -0.84
69 -0.76
70 -0.84
71 -0.84
72 -0.76
73 -0.68
74 -0.76
75 -0.76
76 -0.68
77 -0.6
78 -0.6
79 -0.6
80 -0.68
81 -0.76
82 -0.76
83 -0.76
84 -0.76
85 -0.76
86 -0.84
87 -0.84
88 -0.76
89 -0.68
90 -0.36
91 -0.44
92 -0.76
93 -0.76
94 -0.76
95 -0.76
96 -0.6
97 -0.68
98 -0.76
99 -0.68
100 -0.76
101 -0.76
102 -0.6
103 -0.68
104 -0.68
105 -0.76
106 -0.52
107 -0.76
108 -0.84
109 -0.84
110 -0.84
111 -0.84
112 -0.76
113 -0.84
114 -0.84
115 -0.84
116 -0.76
117 -0.76
118 -0.76
119 -0.76
120 -0.76
121 -0.76
122 -0.76
123 -0.6
124 -0.84
125 -0.76
126 -0.84
127 -0.84
128 -0.84
129 -0.76
130 -0.68
131 -0.76
132 -0.68
133 -0.84
134 -0.84
135 -0.92
136 -0.84
137 -0.84
138 -0.84
139 -0.84
140 -0.68
141 -0.76
142 -0.76
143 -0.76
144 -0.84
145 -0.68
146 -0.84
147 -0.76
148 -0.76
149 -0.76
150 -0.6
151 -0.68
152 -0.84
153 -0.92
154 -0.76
155 -0.92
156 -0.92
157 -0.92
158 -0.92
159 -0.92
160 -0.92
161 -0.92
162 -0.92
163 -0.92
164 -0.84
165 -0.84
166 -0.76
167 -0.68
168 -0.6
169 -0.68
170 -0.76
171 -0.76
172 -0.76
173 -0.76
174 -0.44
175 -0.44
176 -0.52
177 -0.6
178 -0.68
179 -0.68
180 -0.68
181 -0.68
182 -0.68
183 -0.84
184 -0.76
185 -0.76
186 -0.84
187 -0.76
188 -0.84
189 -0.84
190 -0.84
191 -0.92
192 -0.92
193 -0.92
194 -0.84
195 -0.92
196 -0.92
197 -0.92
198 -0.68
199 -0.68
200 -0.68
201 -0.68
202 -0.84
203 -0.84
204 -0.76
205 -0.84
206 -0.84
207 -0.76
208 -0.6
209 -0.6
210 -0.68
211 -0.68
212 -0.76
213 -0.76
214 -0.76
215 -0.76
216 -0.76
217 -0.76
218 -0.6
219 -0.68
220 -0.76
221 -0.68
222 -0.76
223 -0.76
224 -0.76
225 -0.76
226 -0.92
227 -0.92
228 -0.92
229 -0.84
230 -0.84
231 -0.76
232 -0.92
233 -0.92
234 -0.92
235 -0.92
236 -0.92
237 -0.84
238 -0.84
239 -0.92
240 -0.92
241 -0.92
242 -0.92
243 -0.84
244 -0.76
245 -0.76
246 -0.68
247 -0.76
248 -0.76
249 -0.76
250 -0.84
251 -0.76
252 -0.76
253 -0.76
254 -0.84
255 -0.84
256 -0.92
257 -0.84
258 -0.92
259 -0.92
260 -0.92
261 -0.84
262 -0.92
263 -0.84
264 -0.84
265 -0.84
266 -0.84
267 -0.84
268 -0.84
269 -0.76
270 -0.76
271 -0.76
272 -0.76
273 -0.84
274 -0.84
275 -0.84
276 -0.92
277 -0.84
278 -0.84
279 -0.92
280 -0.84
281 -0.84
282 -0.92
283 -0.92
284 -0.84
285 -0.84
286 -0.76
287 -0.76
288 -0.76
289 -0.84
290 -0.76
291 -0.76
292 -0.76
293 -0.84
294 -0.84
295 -0.84
296 -0.92
297 -0.84
298 -0.84
299 -0.76
300 -0.68
301 -0.76
302 -0.76
303 -0.76
304 -0.84
305 -0.84
306 -0.84
307 -0.84
308 -0.84
309 -0.84
310 -0.76
311 -0.76
312 -0.84
313 -0.76
314 -0.76
315 -0.76
316 -0.84
317 -0.84
318 -0.76
319 -0.76
320 -0.76
321 -0.76
322 -0.84
323 -0.76
324 -0.84
325 -0.84
326 -0.84
327 -0.84
328 -0.68
329 -0.92
330 -0.92
331 -0.92
332 -0.84
333 -0.76
334 -0.84
335 -0.84
336 -0.76
337 -0.76
338 -0.76
339 -0.6
340 -0.76
341 -0.68
342 -0.84
343 -0.84
344 -0.84
345 -0.76
346 -0.6
347 -0.68
348 -0.76
349 -0.68
350 -0.68
351 -0.68
352 -0.68
353 -0.76
354 -0.68
355 -0.68
356 -0.6
357 -0.68
358 -0.6
359 -0.76
360 -0.84
361 -0.84
362 -0.76
363 -0.76
364 -0.68
365 -0.76
366 -0.92
367 -0.92
368 -0.92
369 -0.92
370 -0.92
371 -0.84
372 -0.6
373 -0.6
374 -0.6
375 -0.68
376 -0.76
377 -0.76
378 -0.76
379 -0.84
380 -0.76
381 -0.76
382 -0.84
383 -0.76
384 -0.76
385 -0.68
386 -0.68
387 -0.68
388 -0.76
389 -0.68
390 -0.52
391 -0.68
392 -0.76
393 -0.6
394 -0.6
395 -0.6
396 -0.36
397 -0.68
398 -0.84
399 -0.76
400 -0.84
401 -0.76
402 -0.76
403 -0.76
404 -0.84
405 -0.84
406 -0.76
407 -0.68
408 -0.76
409 -0.68
410 -0.76
411 -0.76
412 -0.76
413 -0.68
414 -0.68
415 -0.68
416 -0.76
417 -0.68
418 -0.76
419 -0.84
420 -0.84
421 -0.84
422 -0.84
423 -0.84
424 -0.84
425 -0.68
426 -0.68
427 -0.6
428 -0.76
429 -0.76
430 -0.6
431 -0.68
432 -0.68
433 -0.76
434 -0.68
435 -0.76
436 -0.76
437 -0.76
438 -0.76
439 -0.68
440 -0.76
441 -0.76
442 -0.68
443 -0.76
444 -0.76
445 -0.76
446 -0.68
447 -0.68
448 -0.76
449 -0.68
450 -0.76
451 -0.76
452 -0.84
453 -0.84
454 -0.68
455 -0.84
456 -0.84
457 -0.76
458 -0.76
459 -0.76
460 -0.76
461 -0.76
462 -0.6
463 -0.52
464 -0.68
465 -0.6
466 -0.68
467 -0.68
468 -0.76
469 -0.76
470 -0.68
471 -0.76
472 -0.76
473 -0.76
474 -0.6
475 -0.6
476 -0.6
477 -0.68
478 -0.6
479 -0.68
480 -0.6
481 -0.68
482 -0.68
483 -0.68
484 -0.68
485 -0.68
486 -0.6
487 -0.68
488 -0.76
489 -0.76
490 -0.84
491 -0.84
492 -0.84
493 -0.84
494 -0.76
495 -0.6
496 -0.6
497 -0.6
498 -0.76
499 -0.68
500 -0.76
